0.08868339 0.9113166
0.46244094 0.53755903
0.24307314 0.7569269
0.052690383 0.9473097
0.015512362 0.9844876
0.7724965 0.22750345
0.20290445 0.79709554
1.0 5.834071e-20
0.0067729778 0.99322706
0.12861815 0.8713818
1.0 1.353881e-10
0.99999917 8.641e-07
0.59771615 0.40228388
0.9494993 0.050500702
0.9544542 0.04554586
0.0036336295 0.9963664
0.99903524 0.0009647419
0.66850865 0.33149138
0.042601336 0.9573986
1.0 4.4064571e-10
0.9965289 0.003471065
0.007934679 0.99206537
1.0 2.5045329e-15
0.0038701447 0.9961299
0.013343982 0.98665607
0.29194865 0.70805144
0.25540644 0.7445936
0.7761124 0.22388768
0.059328485 0.94067156
0.98828435 0.011715624
0.0678238 0.93217623
0.015049094 0.9849509
0.02166628 0.9783337
1.0 1.5036048e-34
0.8922513 0.107748665
0.2644463 0.7355537
0.03157387 0.96842617
0.15296243 0.8470376
0.003861107 0.9961389
0.0070626484 0.9929374
0.068689965 0.9313101
0.011026558 0.98897344
0.033183973 0.966816
0.015254968 0.9847451
0.050421923 0.9495781
0.99524826 0.004751739
0.003931555 0.9960685
0.2872839 0.7127161
0.9999093 9.069509e-05
0.04577723 0.9542228
0.060094565 0.9399054
0.024268338 0.9757317
0.003931555 0.9960685
0.3528785 0.6471215
0.993168 0.0068319645
0.009629035 0.9903709
0.99878234 0.0012176097
0.884398 0.11560201
1.0 8.5142495e-18
0.049313378 0.95068663
0.788164 0.21183595
0.01698817 0.98301184
1.0 1.5566759e-26
0.003931555 0.9960685
0.047995325 0.9520047
0.33066574 0.66933423
0.42194378 0.57805616
0.5272364 0.4727636
0.2769571 0.7230429
0.90179306 0.09820695
0.9966809 0.0033190772
0.23120034 0.7687997
0.98705417 0.012945882
1.0 1.640973e-14
0.5477536 0.45224643
0.0053289365 0.99467105
0.015589682 0.9844103
0.07355827 0.92644167
0.23531084 0.76468915
0.0586941 0.94130594
0.0034707976 0.99652916
0.0072682495 0.99273175
0.275834 0.72416604
0.5296064 0.4703936
0.0960565 0.9039435
0.007070698 0.9929293
0.083054565 0.9169455
0.8650074 0.13499267
0.090990975 0.90900904
0.47128624 0.52871376
0.19215779 0.80784214
0.9497852 0.050214864
0.17623949 0.8237605
0.006502086 0.99349797
1.0 3.0126023e-11
0.99698704 0.0030130139
0.44980872 0.55019134
0.94344145 0.056558486
0.54960287 0.4503971
0.61191785 0.38808212
1.0 1.4821366e-10
0.009698552 0.9903015
0.007920226 0.9920798
0.9996959 0.00030417106
0.014400307 0.98559976
0.012021886 0.9879781
0.2459893 0.7540107
0.05132064 0.9486793
0.14822035 0.85177964
0.012323407 0.9876766
0.089452386 0.91054755
0.94970906 0.05029093
0.99800164 0.0019984152
0.99633956 0.0036605005
1.0 3.293722e-08
0.95377386 0.046226185
0.9997117 0.0002882998
0.093783475 0.9062165
0.015540919 0.98445904
0.35668463 0.6433154
0.58358115 0.41641882
0.5925371 0.40746287
0.007287539 0.9927125
0.20480134 0.7951987
0.008922863 0.9910772
0.49475142 0.5052486
0.040467076 0.9595329
0.7438929 0.2561071
0.89993364 0.10006641
0.66819304 0.3318069
0.26047826 0.73952174
0.005848685 0.9941513
0.065960675 0.9340393
0.7774292 0.22257078
0.9334422 0.06655778
1.0 5.110742e-36
0.61290145 0.38709852
1.0 2.8139469e-22
0.9988607 0.001139331
0.023248617 0.97675145
0.005783196 0.9942168
0.0025708436 0.9974292
0.08486414 0.9151359
0.010780478 0.9892195
0.996225 0.0037750495
0.15170483 0.8482952
0.50926584 0.4907341
0.29242852 0.7075715
1.0 7.708966e-17
0.007490929 0.99250907
0.12962216 0.8703779
0.930411 0.06958896
0.5134817 0.48651832
0.26151887 0.7384811
0.0062498716 0.99375015
0.8865865 0.11341357
0.0032316535 0.99676836
0.004270545 0.9957294
0.69104904 0.30895105
0.16592829 0.83407176
0.07660288 0.9233972
0.86864156 0.13135843
0.0045902757 0.99540967
0.013305652 0.98669434
0.016675794 0.9833242
0.014418889 0.9855811
0.008836077 0.99116397
0.0070545003 0.9929455
0.29527518 0.7047248
0.0036213105 0.9963787
0.0027424244 0.99725765
0.912342 0.08765795
0.015568857 0.9844312
0.32779416 0.67220587
0.18221225 0.8177878
0.36781982 0.63218015
0.026145611 0.97385436
0.038791023 0.96120894
1.0 4.2505997e-14
0.003996389 0.99600357
0.026910145 0.9730899
0.003931555 0.9960685
0.027343687 0.9726563
0.9689123 0.03108777
0.6619322 0.3380678
0.99981636 0.0001836227
0.8163253 0.18367463
0.99989104 0.00010889254
0.003931555 0.9960685
0.050583284 0.9494167
0.88239074 0.11760924
0.0026111507 0.9973889
0.99036914 0.00963085
0.9362562 0.06374389
0.14573011 0.85426986
0.84917814 0.15082185
0.86911017 0.1308898
0.90502083 0.094979234
0.7742868 0.2257132
0.0298852 0.9701148
0.89336574 0.10663421
0.086888455 0.91311157
0.0029424713 0.99705756
0.021185864 0.97881407
0.0051320386 0.9948679
0.36085206 0.63914794
0.0031407943 0.9968592
0.88908416 0.11091582
0.0076658097 0.99233425
0.99261427 0.0073856968
0.8708952 0.12910481
0.70784396 0.29215604
0.9990038 0.0009961815
0.08248843 0.9175115
0.7068256 0.29317433
1.0 1.6941117e-08
0.2837411 0.7162589
0.99910176 0.00089822384
0.4236795 0.57632047
0.99923205 0.0007679277
0.14787583 0.8521241
0.07885696 0.921143
1.0 1.9917121e-09
1.0 4.860249e-10
0.003931555 0.9960685
0.9997855 0.00021449981
1.0 5.412402e-17
0.019893996 0.98010606
0.018644188 0.98135585
0.70655084 0.2934492
0.0067847953 0.9932152
0.0043485854 0.9956514
0.0040038005 0.99599624
0.26898757 0.7310124
0.4830202 0.5169798
0.9378537 0.062146325
0.036897898 0.9631021
0.7659842 0.23401587
0.5097287 0.4902712
0.018992813 0.98100716
0.007062284 0.99293774
0.18999729 0.8100027
0.01833983 0.9816601
0.720396 0.27960405
0.0034512533 0.99654883
0.0064231106 0.99357694
0.8379194 0.16208063
0.4565999 0.54340005
0.18163037 0.8183696
0.9766043 0.023395667
0.0037823624 0.99621767
0.011010659 0.9889894
0.10332074 0.8966792
0.0039251964 0.9960748
0.17295043 0.82704955
0.028240556 0.9717594
0.3031599 0.69684005
0.6655775 0.33442253
0.044005908 0.95599407
0.23710708 0.7628929
1.0 2.73913e-31
0.0044854875 0.99551445
0.0026584512 0.9973416
0.0046419785 0.99535805
0.011830762 0.9881692
0.99800557 0.0019944145
0.3581079 0.6418921
0.04149729 0.95850277
0.0049915733 0.99500847
0.029340792 0.97065926
0.99985015 0.00014978282
0.04051693 0.9594831
0.48088858 0.5191115
0.12130922 0.8786908
0.7441806 0.25581938
0.5056408 0.49435923
0.03254593 0.967454
0.003931555 0.9960685
0.009706679 0.99029326
0.007648722 0.99235123
0.006199144 0.9938008
0.7981118 0.20188819
0.011258968 0.988741
0.21611498 0.78388506
0.9999831 1.6949241e-05
0.113717884 0.88628215
0.99999976 2.042071e-07
0.59373224 0.40626767
0.0529397 0.9470602
0.040035173 0.9599649
0.1028424 0.89715755
0.64487076 0.3551292
0.010873966 0.9891261
0.6811295 0.31887048
0.8147175 0.18528256
0.005477258 0.9945227
0.15963845 0.84036154
0.28597158 0.71402836
0.5443103 0.45568976
0.17605314 0.8239469
1.0 1.0374178e-09
0.07378248 0.92621756
0.658138 0.34186208
1.0 1.8270938e-10
0.016505916 0.98349416
0.7418753 0.25812468
0.0043386333 0.9956613
0.9998381 0.00016184458
0.006623118 0.9933769
0.015337952 0.98466206
0.00412512 0.99587494
0.19131969 0.8086803
0.275176 0.724824
0.032615762 0.9673843
0.03223788 0.96776205
0.015652867 0.9843471
0.15401584 0.84598416
0.1565414 0.8434586
0.97030073 0.02969927
0.7066135 0.2933865
0.08787678 0.91212326
0.9999963 3.7189884e-06
0.0045266584 0.9954733
0.025898997 0.974101
0.007849358 0.99215066
0.034760855 0.96523917
0.9496739 0.050326105
0.0032556895 0.9967443
0.39154747 0.6084525
0.36639604 0.63360393
0.003931555 0.9960685
0.05029764 0.9497024
0.19585726 0.8041427
0.0057259556 0.9942741
0.041526858 0.95847315
0.011225841 0.9887742
0.2873625 0.7126376
0.9945787 0.00542132
0.028030673 0.97196925
1.0 1.1438732e-12
0.64267725 0.35732275
0.99106944 0.008930541
0.82917887 0.17082107
0.37702018 0.6229798
0.16065985 0.83934015
0.99883574 0.0011642271
0.77023935 0.22976065
0.018128041 0.9818719
0.7371288 0.26287124
0.9998454 0.0001546309
0.786724 0.21327607
0.89273036 0.10726964
0.008643071 0.99135697
0.99923503 0.0007649175
0.27109376 0.72890633
1.0 4.3326315e-15
0.99849665 0.0015033194
0.9506199 0.049380124
0.028998587 0.9710014
0.003931555 0.9960685
1.0 7.7986944e-20
0.9994124 0.0005876052
0.007992999 0.992007
0.05935863 0.9406414
0.9979589 0.0020411138
0.25127798 0.748722
0.024596611 0.9754034
0.003931555 0.9960685
0.0067959703 0.993204
0.27261272 0.72738725
0.501718 0.498282
0.04774016 0.9522598
0.006464522 0.9935355
1.0 9.927899e-23
0.004354559 0.9956455
0.9994809 0.0005191354
0.285356 0.71464396
0.0032209498 0.996779
0.01272641 0.9872736
0.0032389946 0.996761
0.36624753 0.63375247
0.0050545903 0.99494547
0.66851354 0.33148646
0.071593896 0.9284061
0.0036562455 0.9963438
0.4400361 0.5599639
0.9835216 0.016478404
0.003931555 0.9960685
0.055341605 0.9446584
0.11314846 0.88685155
0.009274408 0.9907256
0.24915594 0.750844
0.009848196 0.9901518
0.117624365 0.88237566
0.003571108 0.9964289
0.0034262615 0.9965738
0.84100395 0.15899608
0.0144996075 0.9855004
1.0 1.8242093e-15
0.17443733 0.82556266
0.9988763 0.0011236875
0.9998392 0.00016076518
0.1122213 0.88777876
0.9991654 0.00083458354
0.88958174 0.11041826
0.9275822 0.072417796
0.02919702 0.970803
0.027883766 0.97211623
0.8972862 0.10271388
0.9999995 4.9514887e-07
1.0 1.5002706e-11
0.5844114 0.41558865
0.1682441 0.83175594
1.0 9.025874e-09
0.0049771643 0.9950229
1.0 1.1390329e-09
0.031195872 0.9688042
0.008165991 0.99183404
0.7374153 0.26258475
0.013947774 0.9860523
0.015030354 0.9849696
0.0042536454 0.9957463
0.036278427 0.9637215
0.66546786 0.33453214
0.012649193 0.98735076
0.90299356 0.097006425
0.9998957 0.000104239356
1.0 5.2052584e-08
0.45557252 0.5444275
0.24600545 0.7539946
0.011334917 0.9886651
0.111184455 0.8888155
0.011018403 0.9889816
0.81205344 0.18794651
0.0043733804 0.99562657
0.85788524 0.14211473
0.35992798 0.64007205
0.7177228 0.28227726
0.005118474 0.9948815
0.059867114 0.94013286
0.057479635 0.9425203
0.85997814 0.14002185
0.21567786 0.7843222
0.99401593 0.005984053
0.283508 0.716492
0.15654609 0.8434539
0.98638994 0.013610031
0.13163821 0.86836183
0.97575104 0.024248935
0.99471164 0.005288367
0.051021066 0.948979
1.0 1.9562216e-11
0.113349915 0.8866501
0.040060215 0.95993984
0.30684373 0.6931563
0.008201699 0.9917983
0.27019796 0.729802
0.12145732 0.87854266
0.30056643 0.6994336
0.071782805 0.92821723
0.3240008 0.6759992
0.11651568 0.88348436
0.003931555 0.9960685
0.1608716 0.8391284
0.0034216987 0.9965783
0.0048004766 0.99519944
0.018079871 0.98192006
0.99974626 0.0002536807
0.99999976 2.496468e-07
0.031470213 0.9685298
0.7654163 0.23458365
0.04653811 0.9534619
0.089297734 0.9107023
0.9872197 0.012780336
0.3924257 0.60757434
0.0053418977 0.99465805
0.044363134 0.95563686
0.996606 0.003394068
0.16892762 0.83107233
0.9286207 0.07137924
0.042472348 0.9575277
0.0678339 0.93216616
0.006379123 0.9936208
0.998041 0.001959096
0.8282673 0.17173278
0.008428936 0.99157107
0.16704725 0.83295274
0.49162787 0.50837207
0.027605472 0.97239447
0.3201427 0.67985725
0.24344356 0.7565564
0.9999852 1.4726393e-05
0.042326104 0.95767397
0.9507677 0.0492323
0.017726293 0.98227376
0.007732743 0.9922673
0.7137973 0.28620273
0.10082801 0.89917195
1.0 1.926455e-15
1.0 0.0
0.23974977 0.76025015
0.21876547 0.7812346
0.15250215 0.8474978
0.69057536 0.30942464
0.09470156 0.9052985
0.008695789 0.9913043
0.99999535 4.589641e-06
0.5433362 0.4566638
0.016100917 0.98389906
0.99972695 0.00027305234
0.1818631 0.81813693
0.017032946 0.982967
0.99995506 4.4922464e-05
0.0052505494 0.9947495
0.3335356 0.66646445
0.43992084 0.56007916
0.10992853 0.8900714
0.9999808 1.9148447e-05
0.9697231 0.030276865
0.99640536 0.0035946479
0.43044928 0.56955075
0.014344282 0.98565567
0.99996483 3.5182227e-05
0.88889587 0.1111042
1.0 7.105027e-14
0.16732544 0.8326745
0.27192268 0.72807735
0.0064568575 0.99354315
0.99999833 1.6295085e-06
0.97893995 0.021060094
0.7264628 0.27353728
0.07274711 0.9272528
0.18713827 0.81286174
0.02076214 0.97923785
0.006718857 0.9932811
0.9762887 0.023711283
0.0069005303 0.99309945
0.29138604 0.708614
0.043737087 0.95626295
0.020894974 0.97910506
0.95995533 0.040044624
0.0065713427 0.99342865
0.07749703 0.92250293
0.2228094 0.77719057
0.94078827 0.059211764
1.0 8.148363e-10
0.07649866 0.9235014
0.2569628 0.7430372
0.4420246 0.55797535
0.004980013 0.99502003
0.88688886 0.113111116
0.04518133 0.95481867
0.5195521 0.48044798
0.01372041 0.9862796
0.047164626 0.9528353
1.0 1.8557777e-14
0.9971942 0.0028057937
0.08858277 0.91141725
0.23256803 0.7674319
0.6777388 0.3222612
0.46937743 0.5306225
0.013901797 0.9860982
0.69278735 0.30721268
0.60312486 0.39687514
0.28000313 0.7199968
0.98933816 0.010661832
0.6534092 0.34659085
0.0026968173 0.9973031
0.68149626 0.31850368
0.025130633 0.97486943
0.02395395 0.976046
0.30003136 0.6999687
0.8223819 0.17761807
0.14142594 0.8585741
0.9905255 0.009474466
0.012557986 0.98744196
0.04326128 0.95673877
0.06151556 0.9384844
0.0029570959 0.99704295
0.03329806 0.9667019
0.2811779 0.7188221
0.9295504 0.07044953
0.003931555 0.9960685
0.0063272547 0.9936727
0.8635506 0.13644946
0.004329212 0.9956708
0.25780025 0.74219966
0.010229973 0.98977005
0.026481615 0.9735184
0.9991499 0.0008500325
0.006974814 0.9930252
0.003931555 0.9960685
0.13610087 0.8638991
0.060644142 0.9393559
0.24898148 0.7510185
1.0 2.0625546e-08
0.005626673 0.9943733
0.15712766 0.8428724
0.0032795367 0.9967205
0.028320111 0.9716799
0.0560676 0.94393235
0.003931555 0.9960685
0.010484851 0.9895152
0.9982115 0.0017885488
0.15157083 0.8484292
0.045984674 0.9540153
0.2253859 0.77461416
0.01569136 0.98430866
0.54479 0.45520994
0.6444077 0.3555923
0.047082365 0.9529176
0.66204816 0.33795184
0.18396316 0.8160368
1.0 2.444378e-16
1.0 4.9535906e-08
0.0071819536 0.9928181
0.0036942973 0.9963057
0.9999653 3.467659e-05
0.0030573152 0.9969427
0.003931555 0.9960685
0.21627004 0.78373
1.0 5.603623e-19
0.03589154 0.9641084
0.06207494 0.9379251
0.23251475 0.7674852
0.006743894 0.9932561
0.3632976 0.63670236
0.8586054 0.14139464
0.1543912 0.8456088
0.019932896 0.98006713
0.5913874 0.40861264
0.21855815 0.78144187
0.005750489 0.99424946
0.85506594 0.14493409
1.0 1.2499577e-16
0.005735557 0.9942644
0.0030978485 0.9969022
0.8075601 0.19243988
0.1743776 0.82562244
0.004469557 0.9955304
0.40129817 0.59870183
0.18204284 0.81795716
0.9808896 0.019110383
0.0798309 0.9201692
0.08032076 0.9196793
0.0030990827 0.9969009
0.0045038606 0.99549615
0.020312985 0.979687
0.0045576794 0.9954423
0.006047499 0.99395245
0.32579255 0.67420745
0.400123 0.599877
0.42590547 0.57409453
0.5763991 0.42360088
0.041190963 0.9588091
0.99475586 0.0052440944
0.98972636 0.010273605
0.26733303 0.732667
0.0035324788 0.9964675
0.44256693 0.55743307
0.0031295011 0.99687046
0.1466385 0.8533615
0.004974107 0.99502593
0.004984145 0.9950159
0.12363266 0.87636733
0.052422125 0.94757783
0.09388345 0.9061166
0.8126805 0.18731956
0.9337862 0.06621374
0.010973087 0.98902696
0.003931555 0.9960685
0.009233781 0.9907663
0.039880894 0.9601191
0.6268099 0.37319008
0.046809647 0.9531904
0.35833848 0.6416615
0.48310608 0.5168939
0.88546795 0.11453201
1.0 2.5335258e-21
0.00409677 0.9959032
0.3120548 0.6879452
0.93725955 0.0627404
0.026120842 0.9738791
0.21234077 0.78765917
0.0053811236 0.9946189
1.0 3.0568267e-13
0.69848746 0.30151254
0.28196862 0.71803135
0.31999385 0.68000615
0.040482502 0.95951754
0.8577173 0.14228271
0.003931555 0.9960685
1.0 1.1246977e-10
0.9961683 0.0038316243
0.11192933 0.88807064
0.2269178 0.7730822
0.116083264 0.8839167
0.07702014 0.9229799
0.18218495 0.81781507
0.06594279 0.9340572
0.9956079 0.0043921303
0.88048244 0.119517565
0.029004471 0.97099555
1.0 5.9753273e-09
0.8831765 0.11682347
0.0282678 0.97173214
0.93228894 0.0677111
0.9784882 0.02151179
0.14054306 0.859457
1.0 2.2647587e-12
0.35939243 0.6406076
1.0 3.300696e-12
0.0106726615 0.9893273
0.32420954 0.6757905
0.02696472 0.9730353
0.0776864 0.9223136
0.38835892 0.61164105
0.013953323 0.98604673
0.85649806 0.1435019
0.018669825 0.9813302
0.9999999 1.15764216e-07
0.99999845 1.502874e-06
0.999665 0.00033498617
0.003931555 0.9960685
0.30879492 0.6912051
0.3350198 0.6649802
0.43234769 0.5676523
0.364488 0.635512
0.99999774 2.2687814e-06
0.0030628298 0.99693716
0.98607546 0.013924497
0.99999595 4.0694304e-06
1.0 7.947644e-12
0.042590797 0.9574092
0.25598508 0.744015
0.06870175 0.9312982
0.003931555 0.9960685
1.0 2.9047431e-08
0.004091397 0.9959086
0.88270855 0.11729142
0.6597 0.34030002
0.99470055 0.005299426
1.0 2.3807047e-24
0.9999938 6.207743e-06
0.92256755 0.07743245
0.19450563 0.8054943
0.003931555 0.9960685
0.99104816 0.008951922
0.036945645 0.96305436
0.7358827 0.26411727
0.9418534 0.058146585
0.99893755 0.0010624263
0.29087913 0.70912087
0.032819476 0.9671805
0.17078066 0.8292193
0.018445948 0.98155403
0.003931555 0.9960685
0.31008127 0.6899188
0.42056236 0.5794377
0.06655462 0.93344545
0.82839304 0.17160693
0.033182096 0.9668179
0.0075582825 0.9924418
0.2819628 0.7180372
0.21695766 0.7830423
0.0039266804 0.99607337
0.26290157 0.73709846
0.027539132 0.97246087
0.18346772 0.81653225
0.0066266456 0.9933734
0.120373674 0.8796264
0.054463275 0.94553673
0.5458252 0.4541748
0.054101113 0.9458989
0.10488537 0.89511466
0.07567884 0.9243211
0.018342309 0.98165774
0.950147 0.049853027
0.09341377 0.9065862
0.04645372 0.9535463
0.016115481 0.9838845
0.026402403 0.9735975
1.0 5.6680473e-29
0.4149319 0.5850681
0.0031265365 0.99687344
0.019227576 0.9807724
0.5795991 0.42040095
0.015702154 0.98429793
0.11866031 0.88133967
0.5155933 0.48440668
0.3831736 0.61682636
1.0 9.593106e-09
0.13300203 0.866998
0.6045397 0.3954603
0.009577222 0.99042284
0.010314719 0.9896853
0.9153378 0.08466213
0.84653413 0.15346582
0.010729559 0.98927045
0.020812038 0.9791879
0.93848914 0.061510887
0.079447314 0.9205527
0.0076513975 0.9923487
0.0035371836 0.9964629
1.0 1.5159378e-16
0.006885195 0.99311477
0.99174774 0.008252312
0.112050414 0.8879496
0.873677 0.12632301
0.99999964 3.4518115e-07
0.0061165313 0.9938835
0.0028865656 0.99711347
0.07408248 0.9259175
0.0048433566 0.9951566
0.52576554 0.4742345
0.003931555 0.9960685
0.99986887 0.00013106353
0.003931555 0.9960685
0.1461331 0.85386693
0.017317079 0.98268294
0.024992581 0.9750074
0.9999864 1.3544447e-05
0.023793982 0.97620606
1.0 1.2241979e-11
1.0 1.2815183e-25
0.86919314 0.1308069
0.9817963 0.01820375
0.09000719 0.9099929
0.010923496 0.9890765
0.99635553 0.0036445255
0.088935085 0.91106486
0.29886636 0.7011336
0.43529296 0.564707
1.0 1.8365537e-08
0.19978246 0.80021757
0.0045030415 0.995497
0.99497074 0.005029266
0.007741884 0.99225813
0.14679317 0.8532068
0.9983644 0.0016356646
0.052841958 0.947158
0.035587333 0.9644127
0.99770206 0.00229797
0.006900897 0.99309915
0.0055576386 0.9944424
0.9992298 0.0007701614
0.014663159 0.98533684
0.0024676062 0.99753237
0.25024047 0.74975955
1.0 9.603186e-33
0.07840052 0.9215995
0.005266003 0.99473405
0.98859054 0.011409477
0.016295863 0.98370415
0.020092005 0.979908
0.13502848 0.8649715
0.010549299 0.98945075
0.99292725 0.007072693
0.8150482 0.18495181
0.003624147 0.99637586
0.006167288 0.9938327
0.028465385 0.9715346
1.0 4.6154342e-33
0.04811875 0.9518813
0.2860467 0.7139533
0.64792746 0.35207257
0.017918654 0.98208135
0.010066358 0.98993367
0.84524673 0.1547533
0.05432646 0.94567347
0.003006002 0.996994
0.003931555 0.9960685
0.30642548 0.69357455
0.004414962 0.99558496
0.4911334 0.5088666
0.060247555 0.93975246
1.0 3.4784678e-18
0.0406749 0.9593251
0.0044363197 0.99556375
0.076201566 0.92379844
0.11475953 0.8852405
0.0033720022 0.996628
0.004518934 0.995481
0.43401474 0.5659852
0.014644349 0.9853557
0.9558827 0.044117212
0.002824315 0.9971757
0.94064605 0.059353955
0.9975466 0.002453432
0.06633294 0.933667
0.7939308 0.20606916
0.20917587 0.7908242
0.014787117 0.9852129
1.0 4.15406e-25
0.6340516 0.36594838
0.0043859873 0.99561405
0.011076928 0.9889231
0.9937691 0.0062308153
0.049184706 0.9508153
0.0020760805 0.99792385
0.09899974 0.90100026
0.0039205696 0.9960794
0.0066173547 0.9933827
0.009376786 0.9906232
0.13937894 0.8606211
0.033726823 0.9662732
0.64267725 0.35732275
0.0059104473 0.9940896
0.042466085 0.9575339
0.3187002 0.6812998
0.99964356 0.00035645204
0.20748287 0.79251707
0.9493622 0.050637815
0.24010743 0.7598925
0.0148758665 0.9851242
0.40423056 0.5957694
1.0 2.8404416e-17
0.06857509 0.93142486
0.10260279 0.8973972
0.5430809 0.45691904
0.0052471873 0.99475276
0.89312875 0.10687129
0.02693439 0.9730656
1.0 2.1006455e-15
0.004713723 0.9952863
1.0 2.3639254e-10
0.0055021886 0.99449784
0.9560091 0.04399093
0.09249236 0.90750766
0.2045351 0.79546493
0.9307399 0.06926011
0.43564865 0.5643513
0.97102374 0.028976262
0.0149663985 0.9850336
0.003931555 0.9960685
0.226264 0.773736
0.004210289 0.9957897
0.0028675564 0.9971324
0.008592925 0.99140716
0.04191543 0.9580846
0.0056733587 0.99432665
0.99518824 0.0048117684
0.14647639 0.85352355
1.0 1.4528878e-17
0.6178283 0.38217178
0.016574632 0.98342544
0.3070847 0.6929153
0.008473209 0.9915268
0.96889484 0.03110521
1.0 8.0692167e-19
0.00407314 0.9959268
0.9997781 0.00022197486
0.9752745 0.024725536
0.040795587 0.95920444
0.21514876 0.78485125
0.09472919 0.9052708
0.004033987 0.99596596
1.0 9.2234435e-11
0.42211777 0.57788223
0.019478599 0.98052144
0.114916414 0.88508356
0.96562004 0.03437998
0.97168744 0.028312527
0.5894944 0.4105056
0.03477956 0.9652204
0.02015989 0.9798401
0.21896516 0.7810348
1.0 1.4501673e-27
0.002486337 0.99751365
0.9361828 0.06381725
0.108890764 0.8911092
1.0 1.6850892e-18
0.003931555 0.9960685
0.0047324216 0.9952676
0.021392938 0.97860706
0.01968888 0.98031116
0.26354626 0.73645383
0.09687375 0.9031263
0.003931277 0.9960687
0.4416678 0.55833226
0.00510948 0.99489045
0.005744429 0.9942556
0.5119472 0.48805285
0.011064842 0.9889352
0.72957116 0.27042878
0.87281126 0.12718873
0.03171498 0.9682851
0.04920493 0.95079505
0.0034854854 0.9965145
0.0038029696 0.9961971
0.4955152 0.50448483
0.052513227 0.94748676
0.007726649 0.9922733
1.0 3.6284282e-22
0.0365374 0.96346265
0.03785316 0.9621468
0.0042467443 0.9957533
0.32084495 0.67915505
0.33470616 0.6652938
0.010536037 0.9894639
0.639054 0.36094603
0.3838823 0.61611766
0.013705158 0.9862948
0.22707607 0.7729239
0.00364924 0.99635077
0.6084092 0.3915908
0.0045049167 0.9954951
0.2919037 0.7080964
0.19384384 0.80615616
0.9823685 0.017631484
0.008835454 0.9911645
0.003931555 0.9960685
0.037773613 0.9622264
0.003931555 0.9960685
0.0036943988 0.9963056
0.0067692986 0.9932307
0.22276643 0.77723354
0.4310141 0.5689859
0.83816344 0.1618366
0.09329632 0.90670365
0.0031989068 0.99680114
1.0 1.0319181e-12
0.84727526 0.1527247
0.73451 0.26548997
0.06375258 0.9362474
0.01705614 0.98294383
0.034583773 0.96541625
0.016697014 0.983303
0.0025591783 0.9974408
0.003931555 0.9960685
0.9999896 1.0359282e-05
0.99851125 0.0014887886
0.99999833 1.6456817e-06
0.2733583 0.7266417
0.0042769816 0.995723
0.9911515 0.008848484
0.99975866 0.00024131722
0.06559762 0.9344023
0.04790416 0.95209587
0.012374177 0.9876258
0.02368324 0.97631675
0.7296722 0.2703278
0.0943736 0.90562636
0.46127513 0.53872484
0.028188536 0.97181153
0.0055064247 0.9944936
0.0032927461 0.99670726
0.009098824 0.99090123
1.0 4.8816503e-08
0.009946698 0.99005336
0.003931555 0.9960685
0.002744201 0.99725586
0.10478962 0.8952103
0.0046496955 0.99535024
0.2344378 0.7655622
0.06801291 0.9319871
1.0 1.0824935e-12
0.20544702 0.79455304
0.99966776 0.0003322398
0.99848527 0.0015147908
0.7652577 0.2347423
0.86597556 0.13402443
0.019823458 0.98017657
0.99950063 0.0004993808
0.020774115 0.9792259
0.9999132 8.674157e-05
0.99814546 0.0018545294
0.17131376 0.8286862
0.0802917 0.9197083
1.0 3.1731652e-08
0.006211459 0.99378854
0.9999993 6.747259e-07
0.0077537396 0.9922463
0.23523661 0.7647634
0.0041777287 0.9958223
0.003931555 0.9960685
0.8504067 0.14959331
0.7810662 0.21893382
0.09485582 0.90514416
0.082773715 0.9172263
0.43461755 0.5653825
0.1491941 0.8508059
0.99997866 2.129926e-05
0.0058281156 0.9941719
0.0051781917 0.9948218
0.18136272 0.81863725
0.67629606 0.3237039
1.0 8.598897e-23
0.99525344 0.004746549
0.0076459427 0.99235404
0.025177473 0.9748225
0.029389285 0.97061074
0.013591755 0.98640823
0.30581266 0.6941873
0.98442996 0.015570099
0.2778186 0.72218144
0.08329476 0.9167052
0.023359016 0.976641
0.36363292 0.6363671
0.00466042 0.99533963
0.9295623 0.07043767
0.24224558 0.7577544
0.12595248 0.8740475
0.010423915 0.9895761
0.9999032 9.674771e-05
0.82433194 0.17566802
0.0040940363 0.995906
0.62066704 0.37933296
0.904849 0.095150985
1.0 1.4501098e-15
0.86346656 0.13653344
0.0044979206 0.99550205
0.99999976 1.9454235e-07
0.99956983 0.00043021573
0.95522064 0.044779405
0.31416452 0.6858355
0.43756005 0.5624399
0.0067456705 0.99325436
0.4840917 0.5159083
1.0 2.3730479e-35
1.0 3.544924e-18
1.0 6.355574e-20
0.9091508 0.09084923
1.0 3.562076e-38
1.0 3.7240023e-25
1.0 1.3536572e-09
1.0 1.0683061e-15
1.0 5.405601e-29
0.9999999 7.9856626e-08
1.0 2.9099936e-20
1.0 4.0016275e-27
1.0 5.096565e-15
0.9999534 4.6556455e-05
1.0 3.6703092e-11
1.0 2.2178072e-25
0.9939765 0.006023496
0.7995317 0.20046835
0.99999785 2.176143e-06
0.9828063 0.017193621
1.0 1.4080318e-09
0.9999416 5.8369584e-05
1.0 2.521999e-09
0.9999988 1.1618433e-06
1.0 1.9456083e-27
0.9999527 4.729053e-05
1.0 5.6246806e-17
1.0 4.54463e-08
0.8905087 0.10949133
1.0 8.026625e-14
0.9821255 0.017874477
1.0 4.1530442e-11
1.0 0.0
0.9960503 0.0039496985
1.0 2.3003744e-24
1.0 6.798576e-31
1.0 7.543583e-10
1.0 3.9202531e-25
1.0 3.0964575e-11
1.0 7.850101e-14
0.99990845 9.155317e-05
0.9999995 4.6292732e-07
1.0 2.6217258e-15
1.0 7.662763e-16
1.0 5.7709787e-38
1.0 1.8401475e-27
1.0 1.640875e-19
1.0 3.8012943e-24
1.0 1.3545622e-15
1.0 6.1531348e-18
0.9948677 0.005132346
1.0 4.4710275e-14
1.0 1.0099871e-22
1.0 2.3246575e-11
1.0 7.634432e-16
0.999998 1.9852273e-06
0.9966509 0.0033491468
1.0 3.7087517e-08
0.99985814 0.00014181902
1.0 2.20945e-15
0.9890787 0.0109213125
0.9736612 0.026338877
1.0 8.4356017e-16
1.0 4.943011e-19
0.99997616 2.385571e-05
1.0 5.9973272e-21
0.43145692 0.5685431
1.0 3.2132077e-13
1.0 1.8939243e-11
0.9999999 1.1432456e-07
0.99605453 0.003945484
0.029329792 0.9706702
1.0 6.7473795e-20
1.0 6.00791e-20
1.0 1.6258013e-21
1.0 4.189989e-21
0.9999764 2.3546014e-05
1.0 4.0626817e-09
0.9998036 0.000196402
0.9999554 4.4607208e-05
1.0 4.3363237e-09
1.0 3.11626e-10
0.33728483 0.6627152
1.0 2.2246423e-20
0.33552748 0.6644725
0.9999999 1.518116e-07
0.69849324 0.30150673
1.0 3.5476104e-21
0.9999994 5.5811415e-07
1.0 1.4809503e-17
0.9999919 8.114852e-06
1.0 3.089386e-21
1.0 9.340552e-34
1.0 1.458891e-10
1.0 2.853778e-10
0.99771047 0.0022894854
0.45610207 0.5438979
1.0 4.0958035e-20
1.0 2.6749274e-09
0.99999964 3.1330015e-07
0.999453 0.00054696604
1.0 1.5105191e-10
0.9999999 1.03499175e-07
1.0 1.2119819e-15
1.0 1.9583282e-10
1.0 3.1920606e-09
0.94851714 0.05148283
1.0 3.2713938e-09
1.0 5.6205074e-10
1.0 3.728163e-27
0.9980405 0.0019595462
0.9993673 0.00063271646
0.9985863 0.0014137432
0.14700699 0.852993
1.0 1.4818378e-09
1.0 3.291541e-24
0.8297411 0.17025892
0.99667203 0.0033279748
0.4254419 0.5745581
1.0 3.1231944e-35
0.99996674 3.3296717e-05
0.99999976 2.60633e-07
1.0 1.7459476e-21
0.9790582 0.020941762
1.0 2.7687241e-08
0.9876973 0.012302669
1.0 1.0319596e-08
0.620742 0.37925798
0.9690888 0.03091117
1.0 2.2230618e-11
1.0 2.1521383e-12
1.0 8.6604807e-10
1.0 6.3549668e-09
0.62419784 0.37580216
1.0 2.1672395e-27
0.9999976 2.3367495e-06
0.999997 2.9662344e-06
0.7955979 0.20440206
1.0 1.22890444e-08
0.98984724 0.010152762
1.0 8.396135e-11
0.9957509 0.004249035
1.0 5.017695e-18
0.9999999 9.22161e-08
0.99700326 0.0029967541
1.0 0.0
1.0 1.005857e-12
0.99998844 1.1518881e-05
0.9171079 0.08289216
1.0 1.2865593e-09
1.0 1.29620545e-08
1.0 1.3959916e-11
0.9996153 0.0003847006
1.0 0.0
0.9906667 0.0093332855
0.9999999 1.2179167e-07
1.0 0.0
0.9997615 0.00023847804
1.0 3.9506304e-14
1.0 6.1881138e-18
1.0 2.4854723e-35
0.9999894 1.0619e-05
0.9996636 0.00033641997
0.9999012 9.8808974e-05
1.0 1.5806252e-16
1.0 8.9387986e-26
1.0 1.1023978e-09
1.0 2.2267423e-25
1.0 1.1405307e-28
1.0 1.0182803e-09
0.99905235 0.0009476348
0.99999976 2.6530375e-07
0.9999995 4.6470194e-07
1.0 2.2829174e-16
1.0 2.5396064e-18
1.0 1.13592593e-13
0.99994135 5.861138e-05
1.0 1.7445878e-23
1.0 1.3927874e-10
1.0 9.593895e-16
1.0 1.4047745e-10
1.0 7.9465644e-13
0.8957285 0.10427148
1.0 5.8188256e-27
0.8163888 0.18361115
1.0 2.2586716e-16
1.0 2.8700178e-36
0.9999958 4.17409e-06
0.9995072 0.00049275736
1.0 0.0
1.0 5.358825e-16
1.0 2.8236876e-38
0.99999905 9.665949e-07
0.99935406 0.000645981
0.16133931 0.8386607
0.99938905 0.0006109206
0.99999964 3.255002e-07
1.0 1.0972458e-24
0.99994886 5.1129206e-05
0.44721374 0.5527863
0.99472636 0.005273624
0.99999845 1.4981547e-06
0.9993154 0.0006845898
1.0 1.4047038e-19
1.0 1.988199e-15
0.96548045 0.03451955
1.0 3.2952198e-18
0.9999999 1.2924166e-07
1.0 2.8213319e-14
1.0 5.293677e-27
1.0 1.537199e-23
0.9929375 0.0070625376
0.98225963 0.017740414
1.0 6.8527154e-14
0.07795051 0.92204946
0.99980885 0.00019117193
1.0 4.6567607e-27
1.0 5.7600903e-16
0.30201706 0.69798297
1.0 6.2210475e-22
1.0 1.0729601e-11
1.0 2.1685319e-10
1.0 3.1459634e-11
0.99999845 1.5498812e-06
0.99737525 0.0026247103
1.0 8.2032115e-24
1.0 1.5073293e-30
0.47109902 0.5289009
1.0 1.895189e-11
0.99999964 4.1278864e-07
0.99999976 1.7960168e-07
1.0 1.133474e-09
0.20703056 0.79296947
1.0 3.561216e-14
1.0 5.9786878e-21
1.0 1.5296938e-38
1.0 5.882332e-38
1.0 6.172002e-10
1.0 2.8956642e-09
0.9999999 1.68064e-07
1.0 3.820888e-11
1.0 2.3540772e-28
1.0 0.0
0.9829846 0.017015375
0.79831797 0.20168199
0.9999677 3.2275453e-05
1.0 7.024699e-15
1.0 1.556885e-32
1.0 6.7689665e-10
0.9967263 0.0032737528
1.0 1.3312276e-09
1.0 1.3274125e-34
0.999998 1.9981376e-06
1.0 1.1356754e-23
1.0 1.9454825e-19
1.0 9.985776e-32
0.0030497354 0.9969503
1.0 1.797079e-15
0.9997265 0.00027353046
1.0 1.2916279e-11
1.0 2.0827055e-18
1.0 3.5436636e-12
0.99973327 0.00026674557
0.9999999 9.477242e-08
1.0 9.795021e-14
1.0 7.295597e-10
1.0 3.3966192e-33
0.5292667 0.47073328
0.7120851 0.28791484
0.9906894 0.009310606
0.9999379 6.209531e-05
1.0 2.5508751e-36
1.0 1.9710635e-12
0.99999976 2.3674187e-07
0.99941623 0.00058380386
0.99994564 5.4356555e-05
0.99382895 0.0061710593
1.0 2.7122302e-32
0.9807895 0.019210499
1.0 3.9022494e-15
0.99999976 2.7400904e-07
0.9999871 1.2858915e-05
0.9999999 7.396273e-08
0.99999785 2.0992409e-06
1.0 6.1439967e-15
1.0 2.0582935e-09
1.0 1.6048408e-26
1.0 2.3203175e-25
0.9999994 5.991873e-07
1.0 1.1083427e-25
1.0 9.9501165e-23
1.0 0.0
0.09649786 0.9035021
0.9345289 0.06547115
1.0 1.2785794e-24
0.9998636 0.0001363709
1.0 4.9896468e-14
0.48669186 0.51330817
1.0 3.0792755e-16
1.0 1.0746981e-24
0.9996573 0.0003426846
1.0 3.7388682e-11
1.0 4.5087358e-13
0.99896085 0.0010391293
0.9958443 0.004155729
1.0 5.88479e-08
0.11833775 0.88166225
1.0 2.721264e-08
1.0 0.0
0.019689603 0.9803104
1.0 1.3580618e-12
0.9987124 0.00128762
0.05530515 0.9446949
1.0 3.865756e-23
1.0 2.247294e-11
0.7912078 0.20879227
1.0 3.0848195e-08
1.0 1.2995577e-15
0.99999845 1.5858261e-06
0.99999785 2.202244e-06
0.9998615 0.00013852499
0.99999213 7.923147e-06
1.0 1.3546088e-11
0.2799439 0.720056
1.0 1.435673e-14
1.0 1.2045378e-23
1.0 1.1594814e-21
1.0 0.0
1.0 3.2084273e-19
0.99916637 0.00083369255
1.0 1.1876944e-08
1.0 3.1224088e-12
1.0 5.696827e-24
1.0 2.308675e-15
0.9999876 1.2427676e-05
1.0 1.987785e-12
0.99999785 2.0932193e-06
0.9996371 0.00036284456
1.0 1.2322198e-21
0.018659078 0.9813409
1.0 2.9347634e-13
0.9988783 0.0011216555
0.99999964 4.0936192e-07
1.0 6.02633e-16
1.0 1.317432e-15
1.0 1.14129865e-17
0.60741246 0.3925875
1.0 3.6288665e-17
0.9830729 0.016927136
0.99651885 0.0034811574
0.99999154 8.491614e-06
1.0 2.8571614e-28
0.4486902 0.55130976
1.0 4.7017425e-12
1.0 2.2993305e-09
0.9974477 0.002552252
1.0 2.1088833e-15
0.99980813 0.000191944
1.0 1.6344329e-13
1.0 1.7236428e-10
1.0 2.1891306e-15
0.9998147 0.00018528191
1.0 2.561252e-08
1.0 5.9544264e-13
0.9999908 9.1859165e-06
0.32333133 0.67666864
1.0 1.6587623e-10
0.2978836 0.7021164
1.0 2.1374082e-15
0.99842715 0.001572856
1.0 5.6735825e-15
1.0 7.5492484e-19
1.0 1.8555452e-09
1.0 2.9062253e-10
1.0 2.8946491e-12
1.0 9.484221e-31
1.0 4.7260347e-09
0.96312326 0.03687672
0.10803597 0.8919641
1.0 2.3913186e-38
0.9999999 7.679737e-08
1.0 1.6002526e-30
0.99999964 3.6024224e-07
0.9999734 2.6604266e-05
1.0 6.586479e-12
1.0 2.444862e-13
0.99449617 0.0055038426
1.0 1.6826526e-13
0.9959489 0.0040510115
0.9998357 0.00016420548
0.99368876 0.0063113174
1.0 1.0100302e-13
1.0 6.7388006e-09
0.7041979 0.29580212
1.0 1.0689271e-20
1.0 5.809101e-23
1.0 1.43298005e-08
1.0 8.904385e-20
0.99750596 0.0024940157
0.30391404 0.69608593
1.0 1.7459379e-17
0.9999999 6.80326e-08
0.99987495 0.00012503692
1.0 3.9565898e-13
1.0 6.583845e-26
1.0 7.048073e-24
0.99422705 0.005772885
1.0 5.981253e-10
1.0 2.9753193e-22
0.9775245 0.022475539
1.0 1.9681495e-37
0.8188582 0.18114172
1.0 0.0
1.0 1.2078169e-18
0.99999905 9.170198e-07
0.9869632 0.013036813
1.0 2.3310334e-26
1.0 8.560449e-21
1.0 1.17512845e-14
0.99998474 1.5259822e-05
1.0 2.696329e-20
1.0 1.9695226e-12
1.0 1.8157956e-29
1.0 2.9741385e-15
1.0 2.9868975e-21
1.0 4.8011416e-18
1.0 2.663128e-27
0.9549851 0.04501497
1.0 2.8106049e-11
1.0 2.1719599e-17
1.0 1.3042211e-11
1.0 9.9881725e-14
1.0 1.5662674e-09
0.93437284 0.06562714
1.0 8.5278e-34
0.7164992 0.28350073
1.0 1.6290175e-28
1.0 1.5164066e-08
1.0 1.1241386e-20
1.0 1.0244196e-11
1.0 5.9367706e-09
1.0 2.0949154e-08
1.0 5.476806e-10
1.0 2.8997678e-11
0.99999917 7.850384e-07
1.0 5.1593556e-08
1.0 1.1114852e-16
0.9999999 1.4945927e-07
1.0 7.2821e-17
1.0 4.6019416e-29
0.7950861 0.20491391
0.4714879 0.5285121
1.0 0.0
1.0 5.239656e-11
0.99999475 5.2123996e-06
0.99835443 0.001645644
0.9364866 0.063513346
0.9999995 5.359062e-07
1.0 1.1704126e-15
1.0 2.1611534e-36
0.99740005 0.002599961
0.99937373 0.00062624493
1.0 5.3786486e-09
0.98703814 0.0129619045
1.0 0.0
1.0 1.646482e-32
0.9999999 7.227185e-08
1.0 2.6305411e-08
0.99999833 1.6733519e-06
1.0 4.2580684e-35
0.95540494 0.0445951
1.0 1.1070565e-13
0.99983215 0.00016776386
1.0 4.867795e-16
0.9999999 9.052066e-08
1.0 1.6054003e-08
1.0 2.4791676e-26
0.99629706 0.0037028946
1.0 1.0680668e-28
1.0 9.744397e-13
1.0 1.09693496e-11
1.0 1.7652009e-29
1.0 1.5430439e-09
0.9999999 1.1214754e-07
1.0 1.0043372e-11
1.0 2.4787103e-10
0.99999964 3.4350404e-07
1.0 1.3621365e-13
1.0 9.472752e-25
1.0 6.451495e-10
0.91194856 0.0880515
1.0 2.1997015e-09
0.11272253 0.8872775
0.9999974 2.6568125e-06
1.0 6.197458e-10
1.0 7.0591334e-16
1.0 1.2067739e-14
1.0 1.9196568e-13
0.56172514 0.43827486
1.0 9.042423e-30
0.99999666 3.2822632e-06
1.0 2.70572e-13
0.061268795 0.9387312
1.0 2.5479854e-22
1.0 0.0
1.0 4.5160688e-13
1.0 7.096898e-11
1.0 4.965609e-36
1.0 5.091409e-10
1.0 8.146556e-30
1.0 3.2931278e-29
1.0 2.4040211e-32
1.0 1.6464863e-12
1.0 5.037512e-16
1.0 3.188683e-13
1.0 1.0613556e-16
1.0 1.6137961e-09
1.0 1.90331e-08
1.0 2.3153107e-12
0.9468061 0.053193945
1.0 2.5700896e-27
1.0 5.9841505e-18
1.0 1.3607846e-19
1.0 2.9750553e-09
0.9849332 0.015066767
1.0 4.354605e-14
0.9999999 1.4259082e-07
1.0 1.2952716e-30
0.99984074 0.00015922678
1.0 4.4695966e-32
0.89666694 0.10333307
0.99999857 1.4810454e-06
1.0 1.8633241e-19
0.99999404 5.9320014e-06
0.9999975 2.4626845e-06
0.999997 2.9714554e-06
0.99998486 1.5107191e-05
1.0 6.9504606e-31
1.0 3.6742687e-10
1.0 1.1111828e-26
1.0 1.221768e-10
1.0 3.981738e-36
1.0 2.7556667e-17
0.9999429 5.7048914e-05
0.90391016 0.09608983
0.058028203 0.9419718
1.0 3.9330867e-08
0.94500065 0.05499942
1.0 2.1362285e-28
1.0 1.5681985e-24
0.9999976 2.3606242e-06
1.0 9.084869e-25
1.0 5.272903e-25
1.0 6.129445e-12
0.9996363 0.00036365073
1.0 7.98887e-10
1.0 1.0546637e-09
1.0 1.1078732e-33
0.96738863 0.03261134
0.99862885 0.0013711563
1.0 2.4186941e-31
0.90889496 0.09110497
0.9999914 8.566272e-06
1.0 4.1113548e-13
0.99999917 8.6014694e-07
0.9999876 1.2412881e-05
0.9907781 0.009221891
1.0 2.9757572e-14
1.0 1.520858e-35
0.9185483 0.081451766
1.0 4.5317125e-13
0.8878681 0.11213192
1.0 3.8929105e-31
1.0 2.6088795e-20
0.9999821 1.791922e-05
0.604692 0.395308
1.0 3.1725226e-20
0.9999999 8.0729095e-08
1.0 3.909141e-11
0.9996551 0.00034490746
0.99997103 2.897506e-05
1.0 2.3516228e-24
1.0 1.4950629e-15
0.99999833 1.684928e-06
1.0 3.3435948e-15
1.0 2.7455798e-12
1.0 4.2277065e-08
0.9999963 3.7406721e-06
1.0 2.668099e-13
1.0 1.9348383e-13
1.0 0.0
0.9999958 4.211203e-06
0.9999989 1.0402348e-06
0.999972 2.806999e-05
1.0 3.1258538e-19
0.9990252 0.000974827
1.0 1.1258816e-34
1.0 4.1107787e-11
0.99982077 0.00017931448
1.0 2.9334705e-13
1.0 1.4385911e-12
0.9999988 1.1684625e-06
1.0 9.883554e-12
1.0 4.2311285e-26
0.99979633 0.00020374203
1.0 2.910846e-14
0.9999958 4.216616e-06
1.0 6.432256e-13
1.0 8.471371e-22
0.99995005 4.9981074e-05
0.28708726 0.7129128
1.0 8.521105e-18
1.0 1.6311101e-09
0.27306297 0.726937
0.101229444 0.8987705
0.99999917 8.795586e-07
0.85530823 0.14469184
0.9999336 6.639531e-05
0.99966085 0.0003391763
1.0 0.0
0.9856295 0.01437045
1.0 2.3432393e-33
1.0 2.707928e-18
1.0 4.683493e-08
1.0 6.71928e-20
0.9999683 3.1694646e-05
1.0 1.6256545e-11
1.0 4.619925e-11
1.0 2.4225163e-24
1.0 8.487639e-15
0.99910045 0.0008995205
1.0 4.3861876e-11
0.99761343 0.002386544
1.0 1.6225325e-33
0.99969363 0.00030633708
1.0 1.140381e-16
1.0 1.5923857e-14
1.0 4.89326e-10
1.0 4.9875855e-09
0.9999987 1.3551182e-06
0.9999306 6.935504e-05
0.90334433 0.09665566
1.0 1.5949802e-12
0.9999962 3.7597235e-06
0.99999857 1.4637474e-06
0.9999999 6.190907e-08
1.0 1.485242e-35
0.99999976 2.7798504e-07
1.0 6.9566414e-16
1.0 9.906221e-12
0.9734308 0.026569158
1.0 4.3588175e-33
1.0 8.715201e-24
0.99999774 2.2372615e-06
0.99870825 0.0012917694
1.0 4.055294e-10
1.0 5.3287782e-12
1.0 1.6305929e-10
0.9999517 4.8330297e-05
1.0 1.4170577e-31
0.9999962 3.854286e-06
0.99972385 0.00027609288
0.9992429 0.000757118
0.99266136 0.0073385835
1.0 6.939081e-20
1.0 2.7885502e-12
0.99999976 2.0981508e-07
1.0 2.955785e-09
1.0 4.6249152e-26
0.99999726 2.721545e-06
1.0 1.6921147e-13
1.0 3.6836362e-10
1.0 4.8739973e-10
0.9999778 2.2192298e-05
1.0 8.923533e-19
1.0 2.863192e-15
1.0 5.98159e-12
1.0 5.1161844e-21
1.0 1.7986972e-08
1.0 6.973775e-17
1.0 7.601247e-12
0.99981624 0.00018381822
1.0 3.0682707e-20
1.0 3.7057896e-34
0.9148848 0.08511516
1.0 1.00787665e-17
0.9999106 8.938249e-05
0.96173745 0.03826248
0.99999857 1.3831718e-06
1.0 4.1573673e-28
0.8870964 0.11290364
1.0 5.691411e-19
1.0 3.9211746e-13
0.99078745 0.009212569
1.0 3.7800932e-14
1.0 8.356558e-23
1.0 2.6518888e-17
0.46368867 0.5363114
1.0 1.473656e-12
0.99648833 0.0035116603
0.9999999 9.92061e-08
1.0 1.2624662e-29
0.9999919 8.15643e-06
0.99996436 3.5671248e-05
1.0 2.1731071e-10
0.9999871 1.2877361e-05
0.8762107 0.123789355
1.0 3.172491e-17
0.99997926 2.0719011e-05
1.0 3.1295316e-17
1.0 3.1996905e-10
1.0 6.123746e-11
0.9928658 0.007134222
1.0 2.3846858e-09
0.992035 0.007965016
0.9999919 8.085667e-06
1.0 1.7116038e-13
1.0 1.2141883e-09
1.0 8.339651e-11
1.0 1.2564692e-38
0.99999917 7.912174e-07
1.0 6.9561474e-13
0.9998697 0.00013026537
0.98700535 0.012994613
1.0 1.0785123e-26
1.0 0.0
0.9999943 5.685644e-06
0.9999989 1.0729639e-06
0.9786637 0.021336334
0.9999993 6.8893644e-07
0.9999871 1.2848141e-05
0.9999993 7.178441e-07
1.0 3.3591905e-12
0.99999106 8.96897e-06
0.9999999 1.07711855e-07
1.0 8.790631e-16
0.9999794 2.0577629e-05
0.99998415 1.5833275e-05
1.0 2.7697806e-23
0.99999213 7.890106e-06
0.9907512 0.009248803
1.0 3.2246428e-30
0.28944862 0.71055144
1.0 4.8983116e-14
1.0 4.7474105e-09
0.8271424 0.17285755
1.0 3.541843e-10
0.99472433 0.0052756052
1.0 2.5203376e-11
0.98613584 0.013864143
0.99999976 2.825496e-07
1.0 2.629178e-22
0.99999976 2.2412496e-07
1.0 8.604084e-15
1.0 1.6699628e-09
1.0 8.8257455e-23
1.0 1.6274019e-14
1.0 1.6815171e-09
0.99936587 0.0006341348
1.0 3.522282e-12
1.0 5.166611e-20
0.9996271 0.000372917
1.0 1.7368845e-16
1.0 2.30457e-19
1.0 3.99428e-14
0.99958664 0.0004133072
1.0 7.21516e-16
1.0 7.2707426e-33
1.0 1.660445e-19
1.0 1.9416306e-23
0.9999975 2.466231e-06
0.9995284 0.00047161337
0.9967025 0.003297554
1.0 2.228227e-12
0.9984295 0.0015704931
0.99481094 0.005189048
1.0 2.080317e-24
1.0 6.9963945e-18
1.0 5.6899425e-24
1.0 1.4787046e-23
0.4164132 0.5835869
0.99991465 8.533136e-05
1.0 1.795582e-26
1.0 9.6655145e-26
1.0 2.1020164e-30
0.99996734 3.26931e-05
1.0 6.1000703e-22
0.9965217 0.0034783464
1.0 1.3061903e-11
1.0 9.7951545e-21
1.0 1.9859814e-19
1.0 5.4780403e-17
1.0 3.8438677e-27
0.999754 0.00024603997
1.0 5.448958e-20
0.86544317 0.13455682
1.0 1.9117945e-12
0.9999914 8.547536e-06
1.0 1.2625428e-22
1.0 8.358224e-21
0.9972639 0.0027360923
1.0 1.778851e-19
1.0 3.999482e-09
1.0 0.0
0.99999416 5.8942815e-06
1.0 1.5777142e-25
1.0 1.9447606e-10
1.0 3.511934e-14
1.0 1.1372836e-12
1.0 0.0
0.191072 0.808928
0.9715853 0.028414672
1.0 0.0
1.0 1.0615264e-22
1.0 1.5516766e-09
0.99999225 7.7285e-06
0.95785165 0.042148385
0.99999774 2.31683e-06
0.999998 2.070029e-06
0.99999833 1.6552249e-06
0.9994992 0.00050081493
0.990747 0.009253016
1.0 9.9916554e-11
0.9999162 8.379603e-05
0.92641467 0.073585354
0.9960258 0.0039742305
0.68331087 0.3166891
1.0 4.0956496e-19
0.19047877 0.80952126
0.9981071 0.0018928915
1.0 3.094398e-14
1.0 5.3057214e-10
0.99999344 6.5403374e-06
0.9866453 0.013354715
1.0 3.6105716e-09
0.9999696 3.0443704e-05
1.0 2.9001135e-09
0.9999938 6.1557107e-06
0.99999976 2.9469325e-07
1.0 3.9214767e-19
1.0 1.7598473e-16
0.97040695 0.029593058
0.99984336 0.00015663309
1.0 4.3670292e-30
0.99998415 1.58812e-05
0.9999726 2.7442733e-05
0.99999654 3.4278942e-06
0.9602224 0.039777514
0.9999932 6.778198e-06
1.0 5.7991336e-17
1.0 4.673079e-27
0.9124225 0.08757752
0.99999976 2.639352e-07
0.99997866 2.1341777e-05
1.0 3.9092396e-10
1.0 7.235775e-09
1.0 1.001446e-09
1.0 7.2960117e-22
1.0 3.70602e-13
1.0 4.9576613e-13
0.9999893 1.0785041e-05
1.0 1.0291412e-30
0.99908555 0.00091443677
1.0 2.8627845e-10
1.0 1.0804204e-12
1.0 1.459446e-20
1.0 6.406514e-37
0.99929655 0.0007034238
1.0 4.7229724e-12
1.0 5.9102094e-20
1.0 1.02777405e-11
1.0 6.5468904e-15
1.0 7.6270266e-19
1.0 2.0327235e-09
0.9999654 3.4522003e-05
0.99999976 2.86693e-07
1.0 7.717908e-14
0.8203124 0.17968763
1.0 4.776308e-10
0.9999863 1.3671469e-05
0.0130646415 0.9869354
1.0 2.2053477e-09
1.0 3.1915515e-15
0.9999995 5.2600365e-07
1.0 1.3990648e-15
0.24058956 0.75941044
0.94161916 0.05838088
0.99716216 0.0028378356
1.0 3.2574926e-15
0.9999999 8.0592635e-08
0.99996173 3.831218e-05
0.9999988 1.251024e-06
1.0 7.078567e-11
1.0 1.396511e-37
1.0 1.3585125e-12
1.0 4.5980028e-10
1.0 1.8619674e-11
0.9687293 0.03127071
0.8274168 0.17258316
1.0 1.559655e-17
0.8168955 0.18310456
1.0 2.3040377e-23
0.12365705 0.87634295
0.99999905 9.972837e-07
0.9246822 0.07531775
0.48418012 0.5158199
1.0 3.9392845e-21
0.18256596 0.8174341
0.99999976 2.6484315e-07
1.0 1.4738393e-30
0.9999845 1.5472197e-05
1.0 7.0111966e-14
0.9995172 0.00048280304
0.99999976 1.9536934e-07
1.0 1.5572394e-12
0.99999976 2.3620221e-07
1.0 6.1574815e-17
1.0 2.541848e-16
1.0 1.146671e-09
1.0 1.11641386e-32
1.0 5.903987e-21
0.99982786 0.00017207187
0.70504564 0.2949544
1.0 1.4234291e-16
0.8549889 0.1450111
1.0 7.3435358e-37
0.9999771 2.2850581e-05
0.99999964 3.035425e-07
1.0 2.2556476e-10
1.0 2.7689142e-08
0.998987 0.0010129721
0.99999595 4.046362e-06
0.9984049 0.0015951399
1.0 1.15782365e-14
1.0 4.6848334e-38
0.99994016 5.9814756e-05
0.9998287 0.00017128565
0.98357624 0.016423741
0.9999989 1.1163146e-06
1.0 5.2291704e-12
1.0 7.712711e-11
1.0 3.2805217e-32
0.99999344 6.581671e-06
1.0 5.557349e-17
0.99865615 0.0013438809
1.0 1.098188e-24
1.0 2.1650024e-25
0.9999809 1.9062449e-05
1.0 3.2206555e-25
1.0 1.6464332e-23
1.0 1.1689242e-08
1.0 6.166817e-16
1.0 7.830176e-12
1.0 8.0706926e-12
0.8720043 0.12799568
1.0 2.0845162e-12
1.0 1.8217829e-22
0.9999999 1.2967648e-07
1.0 4.8096314e-17
1.0 1.9435564e-24
1.0 1.0656906e-12
1.0 1.427085e-09
0.99992394 7.6090946e-05
0.8939292 0.1060709
0.27066574 0.7293342
0.99884003 0.001159983
1.0 1.0867579e-22
0.45599163 0.54400843
0.99973565 0.00026430233
1.0 0.0
0.9120599 0.0879401
1.0 1.4092226e-12
0.99999166 8.288019e-06
1.0 8.895533e-14
1.0 2.616118e-25
0.9859831 0.014016946
1.0 4.3594006e-10
1.0 2.5817428e-20
1.0 8.6298435e-10
1.0 1.9958424e-16
0.9759661 0.02403395
1.0 6.487272e-16
0.9999999 8.150081e-08
0.99342716 0.006572906
0.0626969 0.9373031
1.0 1.6122034e-19
0.9999999 9.429262e-08
1.0 3.0343817e-16
1.0 5.700286e-23
0.99999 9.964755e-06
0.99692816 0.0030718222
0.9999999 1.6731047e-07
1.0 1.8262307e-09
1.0 9.383601e-31
1.0 5.719336e-11
1.0 7.694419e-18
0.9999999 6.402467e-08
0.9999987 1.2972959e-06
1.0 1.6516857e-23
0.99999774 2.226935e-06
0.039874196 0.96012586
1.0 1.913494e-20
1.0 2.4655937e-09
0.999877 0.00012302074
1.0 1.8456725e-09
0.9910076 0.008992349
1.0 4.6229937e-18
0.9999056 9.445136e-05
1.0 3.1282533e-14
0.99999976 2.3986146e-07
1.0 0.0
0.99974865 0.00025138157
1.0 2.4667022e-14
0.99999356 6.415635e-06
0.9998093 0.00019071405
0.9612797 0.038720287
1.0 6.4714536e-12
1.0 3.5531317e-16
1.0 0.0
1.0 1.3492856e-16
1.0 1.3304756e-10
0.99118024 0.008819822
1.0 9.108485e-21
0.99683124 0.003168725
0.9999989 1.0984368e-06
1.0 3.0529947e-08
0.8893333 0.11066665
1.0 1.802352e-22
1.0 1.35718405e-08
0.9834315 0.016568413
1.0 4.4504564e-17
1.0 0.0
0.9995074 0.00049259304
0.97348595 0.026514065
0.9999999 7.3986854e-08
1.0 6.1895632e-15
0.99999964 3.7948493e-07
1.0 8.6956375e-10
1.0 9.7741846e-27
1.0 0.0
1.0 8.8624464e-13
0.8879478 0.112052165
1.0 7.353005e-12
0.99703074 0.0029692363
1.0 4.4763526e-10
0.66683304 0.33316702
1.0 1.9790404e-10
0.999089 0.0009110295
0.9996501 0.00034985642
0.44695967 0.5530403
0.9999565 4.3453005e-05
0.81576884 0.18423119
1.0 3.1092414e-18
1.0 7.679541e-21
1.0 1.3544409e-26
1.0 2.4716869e-20
1.0 1.7549528e-09
1.0 2.708386e-23
1.0 5.4589292e-18
1.0 4.578271e-09
0.9453943 0.0546057
1.0 5.2983222e-20
1.0 1.7959597e-25
0.9999995 4.3488745e-07
0.9999821 1.7917682e-05
1.0 1.0212523e-24
1.0 0.0
1.0 2.5773416e-22
0.99999774 2.3200737e-06
1.0 1.0088679e-08
1.0 2.9801764e-10
1.0 6.67784e-18
0.5755944 0.42440557
1.0 1.8491151e-09
1.0 3.2444884e-12
1.0 1.3332286e-11
0.9775283 0.022471722
1.0 5.850306e-09
1.0 3.9972346e-34
0.9897826 0.01021748
1.0 5.6362965e-26
0.98625356 0.013746483
1.0 7.7366785e-12
1.0 4.1106477e-10
1.0 4.7155626e-09
1.0 1.5376365e-11
1.0 2.28684e-12
0.97939485 0.020605197
1.0 3.758445e-11
1.0 1.1104209e-17
0.25979772 0.74020225
0.99988484 0.00011514816
1.0 1.8644902e-19
1.0 6.727622e-18
1.0 2.6510386e-10
1.0 4.7495082e-14
1.0 0.0
0.12267234 0.8773277
0.9999988 1.2420131e-06
0.9999534 4.665317e-05
1.0 2.60634e-11
1.0 5.8514326e-13
0.06414342 0.93585664
1.0 5.277007e-18
1.0 2.3063117e-11
0.9999999 6.8473916e-08
1.0 1.0561396e-12
0.9999939 6.0978255e-06
1.0 1.8122628e-18
0.99730766 0.0026923825
0.99998176 1.8233e-05
1.0 3.595546e-18
0.9999975 2.5437216e-06
0.9988675 0.0011325588
1.0 1.8866471e-20
0.6421688 0.3578311
0.9999963 3.686955e-06
1.0 1.3921484e-16
0.9669317 0.03306836
