0.9899546 0.0100454055
0.0061874636 0.99381256
0.25208846 0.74791163
0.69144046 0.30855957
0.92714983 0.07285015
0.49888214 0.5011179
0.0066600386 0.99333996
1.0 8.191671e-17
0.019224402 0.9807756
0.5764742 0.4235258
0.07667048 0.9233295
0.971856 0.028144067
0.440846 0.55915403
0.019308994 0.98069096
0.007897049 0.9921029
1.0 2.0386003e-18
0.0050609033 0.9949391
0.014633536 0.98536646
0.99999976 2.5032102e-07
0.14217685 0.85782313
0.5752282 0.42477185
0.007706702 0.99229324
0.9962681 0.0037319884
0.9426017 0.057398397
0.0019069369 0.99809307
0.999943 5.7002908e-05
0.0050531253 0.9949469
1.0 2.630877e-27
1.0 4.1278602e-22
0.0044887685 0.9955113
0.75901407 0.24098602
0.0037666983 0.9962333
0.10324346 0.8967566
0.006547643 0.9934523
0.99876046 0.0012395947
0.7051086 0.29489142
0.0016774134 0.99832255
1.0 3.7346218e-14
0.5366342 0.4633658
0.8483338 0.15166621
0.0070932107 0.9929068
0.00011394079 0.99988604
0.004329584 0.99567044
0.9990513 0.0009487723
0.26034123 0.7396588
0.021811558 0.9781885
0.11742318 0.88257676
0.13323002 0.86677
0.079381935 0.92061806
0.9049557 0.0950443
0.0044068755 0.99559313
0.005211143 0.9947889
0.6664042 0.33359584
0.73169595 0.26830405
0.9802846 0.019715397
0.94193506 0.05806491
0.15069745 0.84930253
0.026539393 0.9734606
0.015100828 0.98489916
0.24544823 0.75455177
0.078460746 0.92153925
0.09593628 0.9040637
0.026907416 0.9730926
0.018712966 0.98128706
0.7375017 0.26249835
0.029759992 0.97024006
0.030642625 0.9693573
0.3062324 0.6937676
0.14666456 0.85333544
0.016269904 0.98373014
0.009130908 0.99086916
0.9432799 0.05672006
0.5418379 0.4581621
0.92771995 0.07228007
0.08509359 0.91490644
0.0034618902 0.99653816
0.53776157 0.4622384
0.97778064 0.022219373
0.96703565 0.032964274
0.080556504 0.9194435
0.34669963 0.65330034
0.031654596 0.96834546
0.93032503 0.06967493
0.20571518 0.7942848
0.030448114 0.9695519
1.0 4.073293e-33
0.91854656 0.08145344
0.26198032 0.7380197
1.0 4.983328e-08
0.64975804 0.35024187
0.78323835 0.21676165
0.78833616 0.21166384
0.009751384 0.9902486
0.0064399573 0.9935601
0.9869506 0.013049495
1.0 1.2665351e-10
0.4965156 0.5034845
0.31194356 0.68805647
0.22829819 0.7717018
0.008057569 0.9919424
0.71780044 0.2821995
0.19912106 0.80087894
0.20180035 0.7981997
0.22996046 0.7700395
0.0018521134 0.99814796
0.009984466 0.99001557
0.97433585 0.025664117
0.0069757053 0.99302423
0.010463885 0.98953605
0.005813273 0.99418676
0.26102865 0.73897135
0.7270509 0.2729491
0.7168593 0.2831407
0.17913096 0.82086897
0.0023884894 0.9976115
0.11156889 0.8884311
0.92461514 0.075384825
0.7930067 0.20699334
0.02857223 0.97142774
0.0024590702 0.99754095
0.045720596 0.95427936
0.99999607 3.9820757e-06
1.0 4.007823e-23
0.14240517 0.8575948
0.39063227 0.60936767
0.003223894 0.99677616
0.032462426 0.9675376
0.99013877 0.009861276
0.99652416 0.0034757718
0.015715718 0.9842843
0.6521111 0.3478889
0.002406605 0.99759334
0.007916896 0.9920831
0.042911995 0.95708793
0.59518313 0.40481687
0.57258964 0.4274104
0.07922114 0.9207788
0.00047035096 0.9995297
0.011580178 0.9884198
0.06399679 0.93600327
0.0037438218 0.99625623
0.042734962 0.957265
0.97962016 0.020379802
0.0029595203 0.99704045
0.0013913334 0.99860865
0.40935972 0.59064025
0.40965402 0.5903459
0.01692662 0.98307335
0.007678494 0.99232155
0.99217236 0.007827582
0.99549955 0.0045004752
1.0 7.051296e-10
0.0029603676 0.9970396
0.0102320835 0.98976797
0.9999987 1.2931554e-06
0.10528714 0.89471287
0.80851233 0.19148768
0.018608991 0.98139095
0.8689943 0.13100569
1.0 5.2699085e-17
0.032778718 0.9672213
0.0057442687 0.9942557
0.9947961 0.0052039125
1.0 1.0185771e-36
0.053638767 0.9463612
0.8706423 0.12935773
0.07887832 0.92112166
0.03579002 0.96421003
0.005041296 0.9949587
0.0040869843 0.99591297
0.19051377 0.80948627
0.9999956 4.451421e-06
0.8207928 0.17920724
0.999966 3.3974044e-05
0.19218783 0.80781215
0.21933809 0.7806619
0.733436 0.26656398
0.7535066 0.24649344
0.010606867 0.9893931
0.8189884 0.18101159
0.00828221 0.9917178
0.0029442625 0.99705577
0.9633603 0.03663977
0.9845955 0.015404491
0.00726187 0.99273807
0.15328935 0.8467107
0.032412928 0.96758705
0.38934284 0.61065716
0.9536623 0.046337735
0.008619434 0.9913805
0.37316793 0.62683207
0.018933969 0.98106605
0.0035795914 0.9964204
0.2510063 0.7489937
0.29453966 0.70546037
1.0 1.8238253e-09
0.6752551 0.32474488
0.26298258 0.73701745
0.0075329565 0.992467
0.074442945 0.9255571
0.005572157 0.9944278
1.0 9.062689e-16
0.01375401 0.986246
0.9995813 0.00041875357
0.9996419 0.00035813404
0.012306609 0.98769337
0.99981827 0.0001817904
0.80886376 0.19113627
0.5416385 0.45836148
0.99999964 3.5696908e-07
0.15874597 0.841254
0.025481163 0.9745188
0.005446019 0.9945539
0.9980798 0.001920259
0.006104091 0.99389595
0.94630426 0.05369575
0.25786462 0.7421354
0.00683918 0.99316084
0.061847832 0.9381522
0.0133431265 0.98665684
0.021569002 0.9784309
0.023074862 0.97692513
0.8368815 0.16311851
0.28546634 0.7145337
0.90904015 0.09095986
0.96301687 0.036983144
0.84969044 0.15030953
0.99996173 3.821431e-05
0.984306 0.015694011
0.023755874 0.9762441
0.005813273 0.99418676
0.588296 0.411704
1.0 1.1771061e-23
0.9999132 8.6785185e-05
0.20804708 0.79195297
0.33615324 0.6638468
0.99999976 2.5944186e-07
0.9831751 0.0168249
0.0030974285 0.9969025
0.3112535 0.6887465
0.99999976 2.738541e-07
0.40673247 0.5932675
0.04735975 0.95264024
0.9978789 0.0021211426
0.047760054 0.95223993
1.0 1.4316797e-08
0.20738721 0.7926128
1.0 1.6667775e-09
0.65869886 0.3413011
0.0035773693 0.9964226
0.002824334 0.9971757
0.049372982 0.95062697
0.0071921125 0.99280787
0.0062619005 0.99373806
0.007235521 0.99276453
0.117017165 0.88298285
0.0070490916 0.9929509
0.26436013 0.73563987
0.0063388073 0.99366117
0.006692664 0.9933074
0.016371228 0.9836287
0.17322387 0.82677615
0.7641148 0.23588526
0.052054524 0.9479454
0.026920173 0.97307986
1.0 9.843742e-09
0.34490755 0.6550924
0.012461813 0.9875382
0.8611804 0.13881953
0.962149 0.037850954
0.99478817 0.005211882
1.0 1.4135344e-13
0.03661656 0.9633834
0.016046235 0.9839537
0.87434405 0.125656
0.48395157 0.5160484
0.06516783 0.93483216
0.011911283 0.98808867
0.033284925 0.96671504
0.009009416 0.9909905
0.9996487 0.0003512694
0.90112096 0.09887903
0.72918814 0.27081192
0.087930694 0.9120693
0.1575137 0.8424864
0.0027588343 0.99724114
0.004642262 0.9953577
0.99105316 0.008946846
0.9612396 0.038760405
1.0 6.674607e-10
0.122474365 0.8775256
0.7701531 0.22984691
0.58893704 0.41106293
0.87472886 0.12527108
0.004571646 0.9954283
0.801081 0.19891898
0.99739456 0.002605411
0.9999999 1.5074947e-07
0.7476117 0.25238827
0.006666351 0.99333364
0.19013005 0.80986995
0.8552075 0.14479254
0.05388566 0.9461143
0.9997727 0.00022730762
0.90621376 0.09378619
0.9931879 0.0068120915
0.98421764 0.0157824
0.514253 0.48574704
0.11442384 0.8855762
0.07471449 0.9252855
0.9920183 0.007981671
0.37313113 0.62686884
0.08200457 0.9179954
0.9829557 0.017044336
0.008091507 0.9919085
0.0025228867 0.9974771
0.12164333 0.87835664
0.4103611 0.5896389
0.9629467 0.03705326
0.0039813267 0.9960187
0.98158425 0.018415766
0.24445044 0.75554955
0.99978656 0.0002135043
0.5903814 0.40961862
0.010510284 0.98948973
0.03582271 0.9641773
0.06364572 0.9363543
0.83479565 0.16520429
0.7141898 0.28581014
0.6727624 0.32723758
0.0025298293 0.99747014
0.9222667 0.07773331
1.0 3.5609944e-20
0.7917829 0.20821713
0.0033092487 0.99669075
0.99972516 0.00027477043
0.9998173 0.00018272953
0.9968323 0.0031677524
0.9978867 0.0021132745
0.8944514 0.10554858
0.82654333 0.17345665
0.5172634 0.4827366
0.07623269 0.9237673
0.9978934 0.0021066032
0.17245112 0.82754886
0.63888055 0.36111942
0.22082923 0.7791707
0.009166222 0.9908338
0.9586537 0.041346297
0.21347235 0.78652763
0.015284011 0.98471594
0.28338856 0.71661144
1.0 8.950572e-18
1.0 4.185268e-25
0.031946525 0.96805346
0.9932962 0.006703758
0.089392714 0.9106073
0.062495608 0.93750435
0.2794559 0.7205441
0.6471979 0.35280213
0.0019332579 0.9980667
0.130283 0.86971694
0.9999999 7.550398e-08
0.025907325 0.9740927
0.017272124 0.9827278
0.0025491668 0.99745077
0.013843492 0.98615646
1.0 4.2184946e-18
0.98311585 0.016884208
1.0 3.1695733e-11
0.011757209 0.9882428
0.9846 0.015399993
0.007494326 0.9925056
0.008129952 0.99187005
0.006474747 0.99352527
0.005813273 0.99418676
0.25055218 0.74944776
0.094712146 0.90528786
0.62658787 0.37341213
0.9999999 1.6796436e-07
0.6432652 0.35673478
0.84460825 0.15539172
0.2064197 0.7935803
0.69981194 0.30018806
0.2046169 0.7953831
0.9999832 1.6857279e-05
0.0040347613 0.99596524
0.00571492 0.99428505
0.0071669333 0.992833
0.99686384 0.0031362236
0.22707596 0.77292407
0.9035574 0.09644264
0.7542814 0.24571855
0.07018569 0.9298143
0.0072362297 0.9927638
0.005813273 0.99418676
0.72569066 0.27430937
0.019336728 0.98066324
0.9999999 1.5353301e-07
0.015351828 0.9846482
0.008442174 0.99155784
0.35394835 0.6460516
0.99995637 4.3680106e-05
0.013471988 0.986528
0.041119583 0.9588804
0.9947389 0.0052610817
0.65051 0.34949
0.9670095 0.032990556
0.051295016 0.948705
0.0030054173 0.9969946
0.7184879 0.28151205
0.009271008 0.990729
0.3695161 0.63048387
0.9999994 6.089552e-07
0.18800057 0.81199944
0.71655 0.28345
0.00506579 0.99493426
0.001990927 0.99800915
0.99999917 8.0088313e-07
0.034462545 0.9655375
0.69835865 0.30164135
0.033914864 0.96608514
0.026943514 0.9730565
0.9999999 7.927206e-08
0.8736986 0.12630145
0.0058175926 0.9941824
0.018016327 0.98198366
0.18155964 0.8184404
0.01655213 0.9834479
0.06433133 0.93566865
0.11975363 0.8802464
0.051896624 0.94810337
0.7075176 0.2924823
0.005749094 0.9942509
0.044091288 0.9559088
0.9999981 1.8675278e-06
0.0024710242 0.997529
0.013989767 0.9860102
0.98946047 0.010539534
0.9982494 0.0017506385
0.7040818 0.29591817
0.0069694924 0.9930305
0.62115777 0.3788422
0.0037149978 0.99628496
0.32694784 0.6730522
0.012291075 0.9877089
0.0031876597 0.9968123
0.001474751 0.9985253
0.0068787425 0.9931212
0.97602785 0.023972182
0.3567662 0.64323384
0.8598255 0.1401745
0.003494967 0.996505
0.9447119 0.055288136
0.0054687974 0.9945312
0.9749936 0.025006358
0.3863443 0.61365575
0.004483423 0.9955166
0.7781614 0.2218386
0.064512596 0.9354874
0.021681525 0.97831845
0.5722224 0.42777756
0.005249224 0.9947508
0.9997142 0.00028582462
0.01877279 0.9812273
0.021738037 0.97826195
0.00263001 0.99737
0.0048880004 0.995112
0.086030975 0.91396904
0.041318517 0.9586815
0.16459809 0.8354019
0.026002424 0.9739976
0.2833059 0.7166941
0.23364413 0.7663559
0.07687028 0.92312974
0.010949441 0.9890506
0.028138608 0.97186136
0.30401513 0.69598484
0.9680145 0.031985555
0.039243028 0.96075696
1.0 5.1724747e-10
0.9999691 3.0916708e-05
0.3173869 0.68261313
0.6771583 0.32284167
0.25842673 0.7415732
0.65108746 0.34891254
0.9586202 0.0413798
0.0012208598 0.9987791
0.013458909 0.9865411
0.062337324 0.9376627
0.87714374 0.122856274
0.15600632 0.8439937
0.0036132121 0.99638677
0.04801255 0.95198745
0.14358445 0.8564155
0.19269302 0.80730695
0.81067634 0.18932362
0.046537288 0.9534627
0.0052154777 0.99478453
0.005539348 0.9944607
0.9772285 0.022771427
0.007875741 0.99212426
0.9356247 0.06437534
0.17371234 0.8262877
0.042778432 0.9572215
0.8792589 0.1207411
0.00510681 0.9948932
1.0 8.9176686e-14
0.018728532 0.98127145
1.0 2.3801152e-16
0.009561734 0.9904383
0.42330405 0.57669586
0.96927285 0.030727113
1.0 1.6035427e-08
0.011151962 0.9888481
0.9918801 0.008119884
0.7832054 0.21679467
0.0126213785 0.98737866
1.0 3.9624452e-23
0.21825689 0.7817431
0.18787944 0.8121206
0.99921167 0.0007882685
0.11588414 0.8841159
0.55771714 0.4422829
0.99804074 0.0019593206
0.9856214 0.014378543
0.055562865 0.94443715
0.82734776 0.17265218
0.072244 0.92775595
0.91661596 0.08338403
0.007823799 0.99217623
0.8240576 0.17594242
0.5265014 0.47349852
0.07070856 0.9292914
0.050484948 0.949515
0.32951656 0.6704834
0.030479712 0.96952033
0.0130103035 0.9869897
0.24352516 0.75647485
0.619521 0.38047898
0.035651132 0.9643489
0.46955204 0.530448
0.7135053 0.2864946
0.3954028 0.6045973
0.90766305 0.09233696
1.0 3.4556535e-18
0.9981396 0.0018604262
0.99994206 5.7917696e-05
0.8742482 0.12575185
0.36237425 0.6376258
0.30632532 0.6936747
0.31811303 0.681887
1.0 4.2603383e-11
0.97909147 0.020908494
0.005813273 0.99418676
0.0008888278 0.9991111
0.0023713028 0.99762875
0.06566498 0.934335
0.0010331795 0.9989668
0.083970726 0.91602933
0.9997969 0.00020311146
0.07321859 0.9267814
0.024214245 0.9757858
0.9617552 0.0382448
0.5739096 0.42609042
0.0105257 0.98947436
0.20607072 0.7939292
0.05420934 0.94579065
0.096073866 0.90392613
1.0 2.5236364e-08
0.015399214 0.98460084
1.0 1.8674836e-15
0.03456627 0.9654337
0.020587383 0.97941256
0.61242986 0.38757014
0.97880584 0.021194087
0.007271344 0.9927287
0.008155504 0.9918445
0.0024347806 0.99756527
0.024379818 0.9756202
0.18602145 0.81397855
0.015388978 0.984611
0.91696185 0.083038144
0.9983583 0.0016417025
0.23545836 0.7645416
1.0 2.5931972e-24
0.80099994 0.19900006
0.0067946026 0.9932054
0.0013457437 0.99865425
0.7514321 0.24856788
0.2910302 0.70896983
0.0021605655 0.99783945
0.009908789 0.9900912
0.55620867 0.44379133
0.032158498 0.96784145
0.0057499055 0.99425006
1.0 5.169692e-18
0.009934538 0.99006546
0.025585154 0.9744149
0.0029802418 0.9970197
0.26928163 0.73071843
0.0022010833 0.99779886
0.4331783 0.56682175
0.86712533 0.13287468
0.21521354 0.7847865
0.0068358053 0.9931641
0.05027324 0.94972676
0.03666539 0.9633346
0.13768451 0.86231554
0.005813273 0.99418676
0.1279929 0.8720071
0.079225495 0.9207746
0.0037985893 0.99620146
0.9997942 0.0002058796
0.0069132666 0.99308676
0.20555447 0.7944456
0.0037336107 0.9962664
0.019833712 0.98016626
1.0 5.2306267e-12
0.30481926 0.6951807
0.014906511 0.9850935
0.034197483 0.9658025
0.17638044 0.82361954
0.5467757 0.45322433
0.037167005 0.9628329
0.015642725 0.9843573
0.010292614 0.98970735
0.005813273 0.99418676
1.0 1.7740135e-33
0.24362631 0.7563737
0.013776052 0.98622394
0.9679183 0.03208167
0.58334297 0.41665712
0.26019093 0.7398091
0.011366971 0.9886331
0.16047892 0.8395211
0.017513413 0.9824866
1.0 1.9785849e-09
1.0 2.5889976e-08
0.008735556 0.99126446
0.9355483 0.0644517
0.21085267 0.7891474
0.005813273 0.99418676
1.0 7.252523e-16
0.009186898 0.9908131
0.3374689 0.66253114
0.13948135 0.8605187
0.08408017 0.9159198
1.0 2.3980544e-13
0.06576535 0.9342347
0.005546031 0.99445397
0.97694814 0.023051843
0.0061744316 0.99382555
0.101541385 0.8984586
0.72363526 0.2763647
0.76829344 0.23170654
0.7660584 0.23394161
0.67216253 0.32783747
0.7699876 0.23001242
0.5435721 0.45642787
0.9999126 8.733943e-05
0.08286856 0.9171315
0.044191286 0.9558087
0.19507428 0.8049258
0.098313674 0.9016863
0.9984213 0.0015786511
0.008539129 0.9914609
1.0 2.0866631e-13
0.11047057 0.88952947
0.18041949 0.8195805
0.0988466 0.9011534
0.59038293 0.4096171
0.99869746 0.0013025226
0.05280888 0.9471911
0.2733633 0.7266367
0.017214777 0.98278517
0.85251033 0.14748967
0.42353332 0.5764667
0.08342128 0.9165787
1.0 2.2388975e-13
0.8892068 0.110793196
0.16027044 0.8397296
0.022210766 0.9777892
0.0032295315 0.9967705
0.77797276 0.22202726
0.10398455 0.89601547
0.65586984 0.34413016
0.05813281 0.9418672
0.89379543 0.10620462
0.18892941 0.8110706
0.9978453 0.0021547126
0.2850398 0.7149602
0.37571394 0.62428606
0.89000976 0.10999027
0.012638801 0.9873612
0.04364761 0.9563524
0.3530573 0.6469428
0.99222857 0.007771464
0.014116115 0.9858839
0.0035763953 0.99642354
0.21660449 0.7833955
0.5721298 0.4278702
0.21977548 0.7802245
0.23814455 0.7618554
0.9999999 1.6472521e-07
0.003809319 0.99619067
0.008049863 0.99195015
0.75579756 0.24420239
0.025406064 0.97459394
0.9990496 0.00095037994
0.9999987 1.2895543e-06
0.15160063 0.84839934
0.0045676962 0.9954324
0.8532191 0.14678086
0.008655299 0.9913447
0.033173915 0.966826
0.6967178 0.3032821
0.010111164 0.98988885
0.006290242 0.9937098
0.26830572 0.7316943
0.0029481382 0.99705184
0.0047334637 0.99526656
0.69571525 0.30428478
0.5165939 0.48340616
0.0072894674 0.9927105
0.14150624 0.8584938
0.9278822 0.07211775
0.48155808 0.518442
0.17425701 0.82574296
1.0 1.3451127e-16
0.3294961 0.6705039
0.013578668 0.98642135
0.09874742 0.9012525
0.028867608 0.97113246
0.063024424 0.93697554
0.9553321 0.044667855
1.0 1.164347e-08
0.5242187 0.47578132
0.8158162 0.18418379
0.010394856 0.9896052
0.62572545 0.37427452
0.35716683 0.6428332
0.97436315 0.025636876
0.5432346 0.4567654
0.15415372 0.8458463
0.9691525 0.03084745
0.11548438 0.8845156
0.8522932 0.14770682
0.0052507105 0.99474925
0.0056791096 0.99432087
0.005241051 0.9947589
1.0 1.5062183e-17
0.13493055 0.86506945
0.19556797 0.804432
0.9993986 0.0006014139
0.99247897 0.0075210202
0.0062186634 0.9937814
0.02069488 0.9793051
0.61931765 0.38068232
0.053553097 0.9464469
0.7904926 0.20950744
0.07049996 0.92950004
1.0 2.0712356e-38
0.040674217 0.95932585
0.005813273 0.99418676
0.005770201 0.9942298
0.010120413 0.9898796
0.0059272023 0.99407285
1.0 1.6234064e-13
0.70284075 0.29715922
0.0076922253 0.9923078
0.9999428 5.7211266e-05
1.0 4.5364683e-17
0.24915968 0.7508403
0.5723997 0.42760035
0.07842584 0.9215741
0.03122747 0.96877253
0.66746116 0.33253878
0.7466512 0.25334883
0.076200716 0.9237992
0.7345103 0.2654897
0.08815935 0.9118406
0.06539513 0.9346049
0.005664392 0.9943356
0.0054095476 0.9945905
0.69189006 0.3081099
0.18403983 0.8159602
0.01810869 0.98189133
1.0 8.515354e-18
0.99872583 0.0012741381
0.614425 0.38557497
0.008341558 0.9916584
0.00892307 0.99107695
0.7965668 0.20343323
0.10441653 0.89558345
0.008644211 0.99135584
0.0046077957 0.9953922
0.1758647 0.8241353
0.045022983 0.95497704
0.00564335 0.9943566
0.09622004 0.9037799
0.90905493 0.090945095
0.05322676 0.94677323
0.12727685 0.87272316
0.00465253 0.99534744
0.007239883 0.9927602
0.88376683 0.11623318
0.9971374 0.0028625599
0.07447196 0.9255281
0.005489329 0.99451065
0.50043696 0.499563
1.0 4.809018e-09
0.044405118 0.95559484
0.9999963 3.6790836e-06
0.39675397 0.603246
0.17654523 0.8234548
0.3775658 0.6224342
0.21026364 0.78973633
0.23990935 0.76009065
0.06441113 0.9355889
0.50477386 0.49522606
0.05223895 0.947761
0.35724705 0.64275295
0.0052754506 0.9947246
0.011209101 0.98879087
0.99999976 1.8510273e-07
0.73868364 0.2613164
0.006139931 0.99386
0.99994326 5.6761415e-05
1.0 9.279998e-19
0.006766228 0.99323374
0.005813276 0.99418676
0.22546963 0.7745304
0.6477367 0.35226327
0.040772136 0.95922786
0.3689459 0.6310541
0.023109054 0.97689086
0.88071686 0.119283184
0.016056621 0.98394334
0.013917821 0.9860822
0.018430503 0.9815695
0.028685894 0.97131413
0.025725534 0.9742744
0.0016880848 0.9983119
0.027970731 0.9720293
0.11648729 0.88351274
0.024323184 0.97567683
0.65030783 0.34969214
1.0 1.2146423e-09
0.005659329 0.99434066
0.63524854 0.3647515
0.6602345 0.33976552
0.20331405 0.796686
0.2073818 0.7926182
0.9248476 0.07515241
0.26645324 0.73354673
0.003204099 0.99679595
0.0018567991 0.9981432
0.15276939 0.8472306
0.01728258 0.98271745
1.0 1.3670162e-21
0.005133436 0.9948665
0.22095089 0.77904916
0.7113734 0.28862664
1.0 4.904457e-09
0.7138316 0.28616834
0.7592218 0.24077827
0.0026221694 0.9973779
0.32604858 0.67395145
0.011096904 0.9889031
0.0007165382 0.9992835
0.011190884 0.98880917
0.5758404 0.42415956
0.022350607 0.9776494
0.9202688 0.07973123
0.2743831 0.7256169
0.013387961 0.9866121
0.06970164 0.9302983
0.0055081714 0.9944918
0.013786427 0.9862135
0.0075729075 0.9924271
1.0 4.8437665e-10
0.008823069 0.99117696
0.006834479 0.99316555
0.51297724 0.4870228
0.969914 0.030085968
0.010937208 0.9890627
0.99847955 0.0015204832
0.66428465 0.33571532
0.00518103 0.994819
0.2037942 0.7962058
1.0 3.323595e-13
0.13060257 0.8693974
0.8177719 0.18222807
0.58922327 0.4107768
0.99964166 0.00035837787
0.013390789 0.98660916
0.0015737325 0.9984263
0.15381822 0.8461818
0.24562122 0.75437874
0.0061966795 0.99380326
0.025251603 0.97474843
0.049841065 0.9501589
0.5410665 0.4589335
0.9999864 1.3637795e-05
1.0 0.0
0.9019962 0.098003805
0.05376295 0.946237
0.0057172864 0.9942827
0.43786395 0.562136
0.014805112 0.98519486
0.064395286 0.93560475
0.9054331 0.09456688
0.047469977 0.95253
0.14459318 0.8554068
0.9999603 3.9679548e-05
0.16169108 0.83830893
0.004682605 0.99531746
0.5566375 0.44336244
0.017775685 0.9822243
0.6549401 0.34505993
0.9969361 0.0030638885
0.03082208 0.9691779
1.0 1.0169765e-08
0.032792687 0.96720725
0.0041547855 0.99584526
0.88855445 0.111445546
0.010990165 0.9890098
0.003807014 0.99619293
0.0016503856 0.99834967
0.012290039 0.98771
0.0020240145 0.997976
0.26799482 0.7320052
0.0044849003 0.99551505
0.005813273 0.99418676
0.93925244 0.06074756
1.0 5.0039364e-09
0.9951426 0.00485745
0.013443347 0.9865566
0.585478 0.41452196
0.005813273 0.99418676
0.03725747 0.96274257
0.10267659 0.89732337
0.7922782 0.20772178
0.98311836 0.016881594
0.003236846 0.9967631
0.49686468 0.5031354
0.016470762 0.9835292
0.0008605689 0.9991394
0.9760656 0.023934416
0.0069508716 0.99304914
1.0 1.8547908e-21
0.9535897 0.046410296
0.14401111 0.85598886
1.0 3.6230801e-12
1.0 2.3203653e-22
0.8776223 0.12237768
0.8854212 0.1145788
0.99667126 0.0033288165
0.009536897 0.9904631
1.0 6.759264e-10
0.029196816 0.97080314
0.72978675 0.27021334
0.505712 0.49428797
0.37639812 0.6236019
0.047546223 0.9524538
0.99999535 4.6982123e-06
0.037910197 0.9620898
0.76744723 0.23255283
0.00610357 0.9938964
0.004733546 0.99526644
0.004212342 0.9957877
0.0015502423 0.9984497
0.96893007 0.03106993
0.29417783 0.7058222
0.06837907 0.9316209
0.003347877 0.9966522
0.011584474 0.9884155
0.9999994 6.092259e-07
0.122178964 0.877821
0.94367814 0.056321897
0.02214349 0.9778566
0.032114662 0.9678853
0.013369997 0.98662996
0.7506849 0.24931514
0.61003226 0.38996774
0.038237594 0.96176237
0.07317495 0.92682505
0.0028427988 0.9971572
0.7726342 0.22736576
0.19328745 0.80671257
0.003671579 0.9963284
0.0026645153 0.9973355
0.31352413 0.68647593
0.010038399 0.9899616
0.0032846713 0.9967153
0.004903267 0.99509674
0.08282671 0.91717327
0.015432649 0.9845673
0.0030159012 0.99698406
0.49989966 0.5001004
0.006450636 0.9935494
0.95255035 0.04744965
0.9770348 0.022965224
0.13045582 0.86954415
0.01131983 0.9886801
0.0016806673 0.9983193
0.43039447 0.5696055
0.11505417 0.88494587
0.25165418 0.74834585
0.4371761 0.56282383
0.23203185 0.7679681
0.072107516 0.92789245
0.12821779 0.8717822
0.9999999 5.999586e-08
0.0121187875 0.9878812
0.29752785 0.70247215
0.27469853 0.7253015
0.18318754 0.8168124
0.9754489 0.024551125
0.023946224 0.9760537
0.061949223 0.93805075
0.21918689 0.7808131
0.0011844604 0.99881554
0.005813273 0.99418676
0.5016646 0.49833548
1.0 5.2036253e-10
0.0047722096 0.9952278
0.008181399 0.99181855
0.58607626 0.41392374
0.17559329 0.82440674
0.5924788 0.40752116
0.0041304906 0.99586946
0.9963742 0.0036257622
0.5532156 0.4467843
0.0019989442 0.99800104
0.02741772 0.9725823
0.007254902 0.9927451
0.99999225 7.7520635e-06
0.3249265 0.67507344
0.013694282 0.9863057
0.8643635 0.13563651
0.87835675 0.12164332
0.2560778 0.7439222
0.037877783 0.9621222
0.9932707 0.0067292713
0.00036027495 0.99963975
0.6922646 0.30773535
0.97649115 0.023508823
0.011760677 0.9882393
0.9999864 1.3568248e-05
0.003082791 0.99691725
0.8813799 0.11862013
1.0 9.2453595e-10
0.0061676325 0.99383235
0.00023771572 0.99976224
0.05746317 0.94253683
0.015530689 0.98446935
0.005813273 0.99418676
0.17459579 0.8254042
0.5343022 0.46569788
0.95924556 0.040754493
0.1708906 0.8291094
0.03754364 0.96245635
0.041606713 0.95839334
0.0044798274 0.9955201
0.035359323 0.9646407
0.14611647 0.8538835
1.0 2.0075486e-08
0.83504903 0.16495094
0.05359265 0.9464073
0.9470487 0.052951314
0.077001154 0.9229989
0.048803285 0.95119673
0.018643802 0.98135614
0.005148225 0.99485177
0.1739289 0.8260711
0.009855852 0.99014413
0.005813273 0.99418676
0.006183476 0.99381644
0.013396322 0.98660374
0.54222554 0.4577744
0.8840031 0.11599687
1.0 2.8452206e-12
0.97255164 0.027448328
0.97998023 0.020019755
0.15854226 0.8414577
0.54254067 0.4574593
0.9993629 0.0006371506
0.06641601 0.93358403
0.0041318526 0.9958682
0.015653638 0.9843464
0.99999833 1.6489258e-06
0.27942282 0.7205772
0.9999999 6.747703e-08
0.04500736 0.9549927
0.007328323 0.9926717
0.011304552 0.98869544
0.0076761474 0.9923239
0.003843449 0.9961565
0.020123959 0.97987604
0.9893783 0.010621729
0.27370524 0.7262947
0.10620699 0.89379305
0.003914125 0.9960859
0.080908544 0.9190914
0.9868448 0.013155188
0.99999285 7.125457e-06
0.42209163 0.57790834
0.9999882 1.1781868e-05
0.037175518 0.96282446
0.014876382 0.9851236
0.51788 0.48211998
0.054523494 0.94547653
0.004186152 0.9958138
0.32914433 0.67085564
0.99999595 4.0273894e-06
0.59954655 0.40045348
0.9477325 0.052267443
1.0 1.0210542e-23
1.0 3.706524e-12
0.51115704 0.48884293
0.9995982 0.00040183007
1.0 1.535586e-17
1.0 1.6766856e-15
0.99999714 2.8018608e-06
0.9999088 9.11534e-05
1.0 5.6195864e-21
0.9999924 7.6191454e-06
0.99996495 3.5046905e-05
1.0 2.6888925e-35
1.0 3.4901431e-15
0.95813173 0.041868325
1.0 6.559528e-11
1.0 8.995866e-09
0.98028564 0.019714415
0.92129993 0.078700066
1.0 1.302292e-15
1.0 2.2110577e-10
0.59552 0.40448
1.0 0.0
1.0 3.7255414e-15
0.9999813 1.8662991e-05
0.99999714 2.9138741e-06
1.0 2.2863919e-11
1.0 3.6310367e-19
1.0 6.321012e-12
1.0 7.546149e-09
0.9875026 0.012497496
0.99929607 0.00070391607
1.0 9.981345e-27
0.9983468 0.0016531731
0.99469995 0.0053000897
0.99710125 0.0028987785
1.0 1.1172427e-28
1.0 6.543265e-09
1.0 2.6406137e-09
0.9994562 0.000543813
1.0 1.8838758e-15
0.3917399 0.6082601
0.99994767 5.231389e-05
1.0 5.2738884e-14
1.0 2.0233965e-21
1.0 2.8620914e-21
0.9999982 1.7311784e-06
1.0 9.457253e-12
0.9999999 9.228824e-08
0.99993145 6.8531655e-05
0.9910897 0.0089103095
1.0 2.2051227e-22
1.0 4.5185212e-18
1.0 3.057707e-13
0.975301 0.024698947
0.9999958 4.193357e-06
0.99999976 1.9526522e-07
1.0 8.868263e-13
0.99996495 3.509658e-05
0.99999833 1.7282555e-06
0.3398596 0.6601404
1.0 2.0610425e-25
0.99997854 2.1399472e-05
1.0 1.2186858e-11
1.0 1.9878748e-13
0.99973696 0.00026299848
0.7922946 0.20770541
0.9577763 0.04222374
0.9748648 0.025135253
0.99999774 2.20943e-06
1.0 1.293393e-11
1.0 4.7532457e-20
1.0 9.060156e-18
1.0 5.379052e-19
1.0 7.290446e-11
0.7612768 0.2387232
0.08563523 0.91436476
0.7797031 0.2202969
0.9984629 0.0015370621
0.9997844 0.00021554848
1.0 6.088713e-11
1.0 7.98101e-14
0.3651849 0.6348151
1.0 1.3538846e-16
0.9989562 0.001043806
0.9152709 0.084729046
0.0058652996 0.9941347
1.0 1.3833701e-25
1.0 1.0597355e-08
0.99790597 0.0020940257
0.9996841 0.0003159558
0.9995426 0.00045742604
0.99442273 0.0055773067
0.89104164 0.10895835
0.9999999 1.1798871e-07
1.0 1.0147183e-21
1.0 3.147039e-14
0.9999999 8.198898e-08
1.0 3.1972505e-25
0.9999169 8.312702e-05
1.0 3.986476e-08
0.9926803 0.0073196976
0.6316457 0.36835435
1.0 8.050565e-09
0.9997687 0.00023128692
1.0 3.1289937e-10
0.93730867 0.06269131
0.99993336 6.66427e-05
1.0 1.1212455e-09
0.99691236 0.0030876452
0.9996637 0.0003363347
0.9999994 5.847737e-07
1.0 1.729247e-33
1.0 1.3101276e-11
1.0 5.076735e-22
0.99038494 0.009615072
1.0 2.4931412e-08
0.9956937 0.0043063215
0.9999844 1.5638581e-05
1.0 4.6339477e-30
1.0 4.0172182e-17
0.9999995 4.2752293e-07
1.0 4.0730857e-13
0.9952101 0.0047898837
1.0 6.3912417e-12
1.0 2.3762691e-23
1.0 2.5277922e-13
1.0 2.5042288e-10
1.0 2.8146444e-11
1.0 2.1952989e-18
0.99999964 3.995253e-07
1.0 4.4648277e-16
0.7875265 0.21247344
1.0 1.4902359e-13
0.9998883 0.000111652334
0.99999 1.0041923e-05
1.0 1.0839418e-08
0.9999925 7.528026e-06
1.0 1.773893e-24
0.99998593 1.4118444e-05
1.0 1.5280018e-24
0.6840093 0.31599075
1.0 1.7101262e-16
0.933869 0.06613101
1.0 9.603738e-10
1.0 3.3210543e-24
1.0 5.0215403e-27
1.0 1.1603097e-12
1.0 3.3207673e-14
0.9999522 4.7822956e-05
1.0 5.563332e-09
1.0 4.4427013e-26
1.0 2.8952374e-10
1.0 6.7725875e-16
1.0 4.608185e-11
1.0 3.2831283e-23
1.0 2.4647364e-14
0.99942493 0.0005751293
1.0 8.5613204e-16
0.9999801 1.986871e-05
0.9990761 0.0009238212
1.0 6.0701783e-20
0.999954 4.601119e-05
1.0 2.6395347e-10
0.9989237 0.0010762458
0.9994299 0.00057014346
1.0 4.49969e-24
0.99999976 2.7730005e-07
1.0 7.294212e-12
0.9998192 0.00018083316
0.97587603 0.02412399
1.0 1.3581882e-09
0.99999845 1.5956277e-06
1.0 2.4113922e-13
0.99999774 2.2163626e-06
0.9744815 0.025518464
1.0 2.939626e-13
1.0 2.1989638e-16
1.0 8.2890833e-10
0.99999905 1.0118657e-06
1.0 1.6820724e-16
0.99844944 0.0015505198
0.9999968 3.2090595e-06
0.99997723 2.2746895e-05
0.9829906 0.01700933
1.0 2.9088938e-13
1.0 1.7122894e-13
1.0 5.0978663e-08
1.0 6.652619e-10
1.0 2.7082245e-09
1.0 4.0235696e-16
1.0 5.7157244e-08
1.0 3.5130575e-19
0.8318939 0.16810606
0.5719413 0.42805874
0.9959031 0.0040969183
1.0 1.0924031e-13
1.0 2.730408e-09
1.0 8.8849626e-38
0.99950063 0.00049938296
0.9999896 1.0353435e-05
0.8315268 0.16847317
0.7966076 0.2033924
1.0 1.8815762e-09
0.999808 0.00019204157
1.0 3.8307607e-15
0.6103742 0.3896258
1.0 5.440963e-12
1.0 5.583337e-17
1.0 2.4469298e-12
1.0 1.29879805e-17
0.999744 0.00025604232
0.9997851 0.0002148365
0.9095734 0.09042663
1.0 1.2912264e-11
1.0 6.352555e-09
0.90779996 0.092200026
1.0 0.0
0.9999939 6.13881e-06
1.0 1.6034263e-27
0.8720549 0.12794511
0.99993575 6.429753e-05
1.0 1.66133e-14
0.99999976 2.5263293e-07
0.6926331 0.3073669
0.9996891 0.00031091805
0.99999607 3.9171587e-06
1.0 6.8271495e-09
1.0 2.7252736e-12
0.9999982 1.8358659e-06
0.7411519 0.25884804
1.0 5.0495072e-20
0.9999441 5.5856897e-05
0.9999957 4.313026e-06
0.9999169 8.3102765e-05
0.99375945 0.006240567
0.8734245 0.12657554
0.9999589 4.1099323e-05
0.9963581 0.0036418804
0.99851745 0.0014825382
1.0 2.4443314e-16
0.9999999 8.2816946e-08
0.9966035 0.003396491
1.0 2.5052597e-22
1.0 5.898493e-14
0.85569525 0.14430472
1.0 9.662518e-13
0.8013597 0.19864026
1.0 4.564535e-18
0.9981528 0.0018472387
1.0 2.950402e-19
1.0 5.914337e-20
1.0 4.050768e-08
1.0 1.2518003e-11
0.9999473 5.2704218e-05
1.0 1.186528e-16
0.874255 0.12574495
0.9996978 0.00030222017
0.70932555 0.29067448
1.0 3.501228e-28
0.99999833 1.6595145e-06
0.9999999 9.515242e-08
1.0 5.0671012e-14
0.99999654 3.510222e-06
1.0 2.713976e-08
0.99999964 3.2776666e-07
1.0 2.8713756e-36
1.0 8.215486e-17
1.0 9.79449e-12
1.0 1.3302219e-25
1.0 8.5340764e-35
1.0 8.9447266e-20
1.0 8.520122e-20
1.0 4.76218e-18
1.0 2.7436085e-14
1.0 6.890029e-10
1.0 8.398881e-28
0.822212 0.17778803
1.0 1.641798e-12
0.8806895 0.119310476
1.0 7.5450737e-19
1.0 4.612565e-18
0.7967104 0.20328961
1.0 2.6322233e-26
1.0 8.354104e-23
1.0 5.837807e-14
0.999979 2.09888e-05
0.91587377 0.08412621
1.0 5.9204524e-13
0.98876524 0.011234784
1.0 1.4848882e-16
0.9999945 5.5137025e-06
1.0 1.8940452e-13
0.99870336 0.0012966791
1.0 1.0537834e-12
0.9999951 4.85488e-06
1.0 2.8937688e-10
0.9356242 0.06437577
1.0 2.4085645e-10
1.0 1.106466e-08
0.99999475 5.218677e-06
0.9994993 0.0005006693
1.0 5.3393194e-08
0.9999069 9.30915e-05
1.0 1.10384566e-16
0.99999523 4.7223157e-06
1.0 4.0400724e-16
0.99998784 1.21633975e-05
0.9984617 0.0015382606
0.9999987 1.2731517e-06
0.99916315 0.00083687704
0.9999964 3.590419e-06
0.99999833 1.7168876e-06
0.8000125 0.19998752
0.99999976 2.471328e-07
0.9998443 0.00015568681
1.0 1.0860624e-13
1.0 1.9233045e-08
0.98060375 0.019396286
1.0 5.893576e-11
0.9994874 0.0005125443
1.0 1.7580785e-13
1.0 5.262075e-09
1.0 4.0366062e-16
0.22535947 0.77464056
1.0 3.7850212e-10
0.94421613 0.05578382
0.99998045 1.9542782e-05
1.0 1.908047e-11
1.0 1.8108334e-17
0.9525473 0.047452632
0.47742546 0.52257454
0.9999896 1.0326741e-05
0.9999999 7.418044e-08
1.0 1.3669134e-19
0.9955585 0.004441488
1.0 1.2552338e-22
1.0 1.1083962e-09
0.99999285 7.1786585e-06
1.0 6.295257e-18
1.0 2.201395e-11
0.9999794 2.0607615e-05
1.0 2.6902857e-14
1.0 1.9370514e-08
1.0 4.131737e-29
1.0 3.765911e-28
0.9987953 0.0012047603
0.97026414 0.029735802
0.9823376 0.017662458
0.99999 1.0043341e-05
0.14939539 0.8506046
0.824159 0.17584097
1.0 5.7173045e-27
1.0 4.787469e-15
1.0 1.4173547e-09
0.7992588 0.2007412
0.9999957 4.24692e-06
1.0 2.1814108e-08
0.68352306 0.31647688
1.0 1.0727613e-08
1.0 3.3095785e-12
0.9999999 1.6036459e-07
0.9685025 0.031497445
0.9999975 2.4667697e-06
1.0 8.501741e-21
0.99999774 2.2438041e-06
0.9989085 0.0010914317
1.0 1.7577163e-28
0.91059065 0.08940932
1.0 2.7290812e-27
0.9442519 0.05574817
1.0 1.9121757e-10
0.89696896 0.10303107
0.75445944 0.24554057
0.9989827 0.0010172718
1.0 0.0
0.9770821 0.02291796
1.0 4.70427e-13
0.9997054 0.00029462014
0.9999999 6.312554e-08
0.9898874 0.010112573
0.99853647 0.0014635692
1.0 2.0245678e-12
0.9999769 2.3105957e-05
0.97340083 0.026599193
1.0 2.5300291e-14
1.0 4.349156e-08
1.0 5.7344496e-20
1.0 4.9119514e-22
1.0 1.1565371e-10
1.0 4.443943e-09
0.9986952 0.0013048098
1.0 6.1062324e-32
1.0 8.431102e-15
0.16270883 0.83729124
0.68969464 0.3103053
0.9928664 0.007133597
1.0 2.7832211e-08
0.99997187 2.8097866e-05
1.0 8.748419e-22
1.0 2.739327e-32
0.99999845 1.5288282e-06
1.0 1.4425841e-15
1.0 6.24319e-19
1.0 1.3074387e-38
0.9988273 0.0011727678
1.0 4.463047e-09
1.0 5.7347403e-14
1.0 7.599833e-14
1.0 1.0132312e-17
0.99730515 0.0026947854
1.0 5.1191074e-23
0.9999999 1.2384844e-07
0.9999999 6.95712e-08
1.0 5.0979157e-19
0.18550886 0.81449115
0.99999917 8.8786663e-07
1.0 3.8770964e-09
0.99923515 0.00076481403
0.9998623 0.00013764032
0.998934 0.001066
0.9810408 0.018959196
0.9999449 5.504469e-05
0.98837554 0.011624527
0.0056088846 0.99439114
0.11055113 0.88944894
1.0 6.723184e-18
1.0 3.330674e-11
0.9958924 0.0041075507
0.99990284 9.710688e-05
1.0 0.0
0.99922407 0.00077590696
1.0 0.0
0.99796176 0.0020382477
1.0 3.8074002e-26
1.0 2.8843307e-13
0.9996146 0.00038534953
1.0 4.643497e-25
1.0 2.1964687e-28
1.0 2.7299823e-08
1.0 2.1364087e-12
0.9998821 0.00011786141
0.024818549 0.9751814
0.9994873 0.00051267893
1.0 3.7974615e-20
0.9999629 3.7116275e-05
1.0 2.1252528e-23
1.0 6.064076e-25
1.0 4.7913888e-11
0.9997055 0.00029446173
0.99967134 0.0003286209
1.0 5.268183e-16
0.864034 0.13596603
1.0 1.7616728e-25
0.999925 7.500155e-05
1.0 2.3235163e-09
0.9430438 0.05695611
1.0 7.630837e-12
0.9999989 1.0463219e-06
0.92877173 0.071228206
1.0 5.2584877e-30
0.09734702 0.902653
1.0 3.6848955e-13
0.8716567 0.12834327
1.0 1.4838271e-19
1.0 6.8029485e-27
0.99767035 0.0023296615
0.9998683 0.00013175698
0.9999995 4.5340366e-07
1.0 8.563448e-15
1.0 3.689173e-12
0.9999889 1.1045272e-05
1.0 1.042623e-09
1.0 0.0
0.99999976 2.864077e-07
1.0 1.2472347e-10
1.0 1.5074262e-16
1.0 5.193038e-13
1.0 3.0752012e-09
1.0 5.543444e-30
1.0 2.1627425e-16
0.9871946 0.012805387
1.0 1.4096706e-17
0.99999404 6.0087814e-06
0.9999999 1.3890342e-07
1.0 4.64035e-23
0.999171 0.0008290273
1.0 6.551385e-12
0.99991655 8.3482744e-05
1.0 8.2249095e-13
1.0 1.2123116e-09
0.8544632 0.14553681
1.0 1.5635795e-26
0.9744795 0.025520552
1.0 6.198649e-11
0.96817833 0.031821623
0.9999988 1.1746399e-06
1.0 3.825128e-13
0.898718 0.101282015
0.98764557 0.012354414
1.0 7.4355353e-09
0.9951504 0.0048496956
0.99970144 0.0002985798
0.993584 0.006416017
0.41572177 0.5842783
0.9998925 0.00010751778
0.9999999 1.6467605e-07
1.0 2.5931018e-10
0.98790354 0.012096522
1.0 2.0042792e-10
0.9999976 2.3743448e-06
1.0 2.052717e-18
0.99381566 0.0061844033
0.9999995 5.3180474e-07
1.0 2.7879368e-17
1.0 7.553982e-09
1.0 4.023248e-12
1.0 2.7518895e-10
0.9999876 1.23639575e-05
0.999982 1.8006309e-05
1.0 2.1895159e-29
1.0 2.5828719e-08
1.0 4.461511e-22
0.19356461 0.8064354
0.9999938 6.2076774e-06
0.48650467 0.5134953
1.0 2.7544034e-26
0.9997907 0.00020929398
1.0 6.608025e-11
0.99997544 2.4535171e-05
1.0 6.7156336e-11
0.99999404 6.0002035e-06
0.99942315 0.00057688553
0.59433144 0.40566856
1.0 1.1568342e-15
1.0 4.1258673e-19
0.9175262 0.08247382
1.0 6.554929e-25
1.0 3.4524192e-14
1.0 2.90286e-23
0.99996805 3.193177e-05
1.0 8.912284e-24
1.0 1.943561e-08
1.0 1.9913605e-11
1.0 1.4230892e-13
1.0 6.2394316e-18
1.0 1.8271814e-17
1.0 1.6556532e-16
1.0 2.845614e-10
0.99999475 5.3032813e-06
0.85114694 0.14885305
1.0 3.0673204e-14
1.0 4.790203e-10
1.0 2.1968492e-10
0.9999976 2.397179e-06
1.0 5.4638335e-15
0.99997306 2.6938353e-05
1.0 5.995423e-38
0.99937505 0.00062497583
1.0 6.7619587e-29
0.9523639 0.04763612
1.0 4.2327976e-08
1.0 1.1883807e-16
1.0 8.113217e-15
0.99999154 8.406902e-06
0.9999181 8.187309e-05
0.9999858 1.4228115e-05
1.0 1.6384148e-14
0.99998343 1.656894e-05
1.0 9.287997e-20
1.0 2.1337047e-12
1.0 1.198511e-15
0.9999652 3.4771823e-05
0.9974886 0.0025113916
1.0 0.0
0.9990086 0.0009914242
0.9998348 0.00016513959
0.81408834 0.18591169
0.99915814 0.0008418189
1.0 8.948417e-19
1.0 1.5032402e-12
0.9997944 0.00020558671
0.9994886 0.00051135046
1.0 4.846472e-11
1.0 8.943078e-30
1.0 7.4189184e-09
0.98529667 0.014703267
0.71580374 0.28419623
1.0 9.825358e-13
0.99999726 2.6884966e-06
0.7483461 0.25165394
0.99994755 5.241501e-05
0.8909439 0.109056175
0.9957938 0.004206205
1.0 6.3597646e-14
1.0 0.0
0.6456859 0.35431412
1.0 2.8624225e-11
0.9984633 0.0015367015
0.9999914 8.592241e-06
0.9999585 4.1468295e-05
0.99999714 2.821911e-06
0.99878603 0.0012140349
0.9907618 0.009238121
1.0 1.6503439e-16
0.9333635 0.06663651
0.38424453 0.6157555
1.0 1.8958297e-14
1.0 2.032522e-09
0.9139313 0.08606866
1.0 6.687908e-26
0.9999999 1.0793808e-07
1.0 2.36102e-13
1.0 2.8739888e-10
0.9999989 1.0227294e-06
0.55845076 0.44154927
1.0 1.1588205e-17
0.43141553 0.56858444
1.0 1.5476981e-09
1.0 3.2060318e-25
1.0 1.4646108e-12
0.9998772 0.00012278916
1.0 1.1397724e-23
0.99991393 8.60264e-05
0.9247333 0.0752667
1.0 3.8710943e-25
1.0 3.350033e-13
0.9969312 0.0030687894
0.99999297 7.0591263e-06
0.939005 0.06099502
1.0 6.7114838e-15
0.97680616 0.023193834
1.0 6.217298e-11
0.9752554 0.024744501
1.0 7.212507e-19
1.0 3.0837665e-08
0.99903727 0.0009627619
0.9383565 0.061643433
0.9999039 9.60153e-05
1.0 1.11775026e-20
0.99999535 4.665911e-06
0.9788898 0.02111014
1.0 3.513486e-08
1.0 2.7972817e-08
1.0 4.2763314e-13
1.0 5.76311e-13
1.0 1.907674e-09
1.0 3.549789e-14
1.0 1.1751622e-10
0.9338133 0.06618675
1.0 1.690885e-10
0.9999999 1.4286768e-07
1.0 5.310922e-15
0.9999951 4.9268674e-06
1.0 1.1717584e-13
1.0 3.7936398e-27
0.9997023 0.00029767648
0.99638474 0.0036152867
1.0 1.0321421e-09
1.0 1.13512275e-20
1.0 4.8188628e-27
1.0 3.9332985e-11
0.9738321 0.026167924
1.0 4.654355e-08
0.9997423 0.00025771288
0.996292 0.0037080492
0.9999771 2.286702e-05
1.0 1.0735899e-20
0.99389863 0.0061013256
1.0 1.0841649e-16
1.0 3.2545294e-08
1.0 1.07539965e-16
1.0 1.3404613e-09
1.0 5.7178892e-21
1.0 6.1107804e-23
0.79470223 0.20529781
1.0 9.981835e-13
1.0 2.8608805e-13
1.0 1.699189e-23
1.0 6.387086e-16
0.9999999 6.887486e-08
1.0 4.851436e-12
0.96116227 0.03883779
1.0 5.2944105e-17
0.9999945 5.4530374e-06
1.0 6.19158e-27
1.0 5.2535338e-08
1.0 0.0
1.0 3.9273272e-13
1.0 1.2112765e-12
1.0 4.8754802e-12
0.9996382 0.00036175587
0.84967625 0.1503238
1.0 6.5828655e-11
1.0 2.4127612e-22
1.0 1.9791446e-19
1.0 3.401491e-20
1.0 1.0260671e-09
0.93360347 0.06639659
0.9999995 4.5637879e-07
0.9805182 0.019481823
1.0 3.1452612e-15
1.0 5.3732797e-15
0.92243344 0.07756651
1.0 6.4211505e-13
0.14097129 0.85902876
0.99351573 0.0064842687
1.0 9.037074e-16
0.9999995 5.237791e-07
1.0 1.4494052e-18
1.0 1.0893497e-26
1.0 7.878945e-37
1.0 8.809041e-09
1.0 1.1476334e-32
0.95746744 0.04253252
1.0 5.5885304e-19
0.99934214 0.00065780693
1.0 1.1579079e-21
1.0 2.1388643e-26
1.0 6.334581e-11
1.0 1.657654e-19
0.75991565 0.24008435
1.0 7.033789e-15
1.0 1.8505165e-12
1.0 8.765532e-20
0.99998665 1.3400945e-05
1.0 3.954963e-19
0.99999964 3.0430218e-07
0.9423624 0.05763759
0.026418613 0.9735814
0.7609415 0.23905846
0.9998565 0.0001434652
0.9998988 0.00010114691
0.96055067 0.039449316
1.0 1.1405469e-15
1.0 7.094864e-12
0.9997818 0.00021820523
1.0 5.791774e-16
1.0 2.2472863e-14
1.0 4.703187e-08
0.99810374 0.0018962268
0.999728 0.00027201997
0.9999217 7.835013e-05
1.0 2.9041736e-11
0.9999976 2.3395412e-06
0.99999833 1.6606513e-06
0.99999964 3.3255156e-07
1.0 6.0090846e-18
1.0 0.0
1.0 4.013652e-23
1.0 1.2224164e-13
1.0 1.7182207e-17
0.4146792 0.5853208
1.0 7.900263e-27
0.9984188 0.0015812268
0.99999475 5.202423e-06
1.0 2.2524771e-38
1.0 1.19012945e-20
0.9999976 2.3976982e-06
1.0 7.363194e-16
0.9998466 0.00015340594
1.0 5.609439e-12
1.0 3.494972e-08
0.99972874 0.00027126426
1.0 4.0270556e-12
0.9985316 0.0014684232
1.0 8.7772634e-23
1.0 0.0
0.9995141 0.00048591208
1.0 2.708998e-10
1.0 1.1829986e-08
0.99999905 9.094376e-07
1.0 7.8421287e-28
0.9999871 1.2920439e-05
0.9993187 0.0006813328
0.99977475 0.00022519656
1.0 5.0558047e-22
1.0 5.6905198e-27
0.99989605 0.00010388947
1.0 9.580322e-17
0.79803205 0.20196795
0.9999591 4.0883773e-05
0.47718513 0.5228148
0.99914336 0.0008565802
0.96342963 0.036570333
1.0 2.7321048e-10
1.0 6.131344e-18
1.0 2.518982e-15
0.64212257 0.3578775
0.9983529 0.0016471903
1.0 1.6397154e-10
1.0 2.7098748e-30
0.99919325 0.0008067037
1.0 2.0352266e-12
0.75082356 0.24917643
0.46477532 0.53522474
1.0 1.05756e-17
1.0 3.7843778e-18
0.9997663 0.00023365613
0.9994356 0.0005643473
0.9994313 0.0005686737
0.99983966 0.00016032078
1.0 3.320118e-12
1.0 2.085006e-15
1.0 6.336852e-15
0.9999964 3.5919497e-06
1.0 4.7796754e-12
0.9999906 9.37407e-06
0.99999964 3.303232e-07
1.0 1.0520087e-22
1.0 2.823099e-13
0.9999999 1.15259354e-07
0.9999809 1.9061557e-05
1.0 1.5480904e-17
1.0 3.1006389e-09
1.0 7.074619e-09
0.99962664 0.00037336163
0.9999989 1.1233512e-06
0.83148116 0.16851883
1.0 6.0511124e-10
1.0 1.1263868e-22
0.9998678 0.00013219492
1.0 6.232446e-23
0.9955481 0.004451857
0.99999285 7.1053983e-06
1.0 0.0
1.0 1.0759262e-21
0.9601083 0.039891694
0.87509096 0.12490906
1.0 2.1656622e-26
0.9999883 1.1687262e-05
1.0 9.465833e-14
1.0 4.9068145e-09
0.82609254 0.17390747
1.0 2.140748e-09
1.0 0.0
1.0 4.01395e-12
1.0 9.152098e-12
0.21612498 0.78387505
1.0 3.3935973e-13
1.0 1.1338256e-33
0.99999964 3.755606e-07
0.88099915 0.11900081
1.0 1.5945314e-14
1.0 2.4919642e-14
0.99999285 7.1918357e-06
1.0 9.5555247e-35
0.8914525 0.10854748
1.0 1.7228667e-18
1.0 4.174989e-22
0.99932957 0.0006705013
1.0 7.3483107e-19
0.92767304 0.07232699
1.0 2.7596115e-17
0.91237605 0.08762396
0.99999833 1.7134035e-06
1.0 2.9201596e-11
0.9551658 0.0448342
1.0 1.3827635e-25
0.08194378 0.9180562
1.0 2.0597714e-23
1.0 2.0278277e-25
0.99885285 0.0011472022
0.99914944 0.00085055514
1.0 5.524151e-22
1.0 0.0
1.0 8.477806e-14
1.0 4.7562215e-12
1.0 4.0340316e-18
1.0 3.4487222e-13
0.9999969 3.1102832e-06
0.18654318 0.8134568
1.0 6.334469e-12
0.9999964 3.5327055e-06
0.9823778 0.017622145
1.0 3.5176526e-14
1.0 4.3765674e-08
1.0 3.0985756e-09
0.99999964 3.2270418e-07
0.9999988 1.1514404e-06
1.0 1.0188356e-32
0.9900712 0.009928812
1.0 6.8642425e-17
0.16799042 0.83200955
0.97560024 0.02439974
0.337812 0.662188
0.9999993 7.415985e-07
1.0 1.447153e-08
1.0 2.4789212e-19
0.005795535 0.99420446
1.0 1.7009185e-33
0.9914213 0.008578661
0.9803947 0.01960526
1.0 4.132604e-14
1.0 1.831142e-20
0.99964774 0.00035223688
1.0 2.987974e-10
1.0 1.7656643e-23
1.0 2.0572066e-20
0.99992144 7.856141e-05
0.99999917 8.6760116e-07
1.0 4.0306515e-16
0.63537943 0.36462054
0.99999 1.0024711e-05
0.9996749 0.0003250746
0.99999976 2.0133415e-07
1.0 1.2939033e-08
1.0 2.0780564e-24
0.99417347 0.005826596
1.0 2.501746e-14
1.0 9.43899e-10
1.0 5.306614e-28
1.0 1.2731248e-22
1.0 6.632408e-11
0.99492353 0.005076515
1.0 4.913499e-10
1.0 2.6733975e-20
1.0 1.1855934e-09
0.99999774 2.2517227e-06
0.9999951 4.8841694e-06
1.0 7.448593e-17
1.0 1.2067951e-17
0.99925154 0.00074840937
0.9999901 9.877984e-06
1.0 2.397406e-12
1.0 1.1218659e-09
1.0 9.514589e-12
1.0 3.317881e-21
1.0 2.6571604e-20
1.0 6.4105266e-21
1.0 5.0381793e-18
1.0 5.2243374e-15
1.0 1.7041142e-10
1.0 1.9450536e-10
1.0 6.9273363e-13
0.9959149 0.0040850868
1.0 2.9766241e-15
0.9801742 0.019825878
0.99979657 0.00020342466
0.9177595 0.08224048
0.017109333 0.98289067
1.0 2.5200948e-09
1.0 3.295063e-29
0.8789083 0.1210918
1.0 1.2416742e-16
1.0 5.0001153e-11
0.9423657 0.05763422
0.96892405 0.031075925
1.0 6.3367747e-09
1.0 3.6630629e-34
0.9999995 4.759335e-07
0.8353084 0.16469157
1.0 2.6043108e-16
1.0 2.0431366e-13
0.999977 2.2996855e-05
0.9958508 0.0041491427
1.0 5.4142206e-09
1.0 0.0
0.99956053 0.00043948964
1.0 7.4123434e-31
0.8463167 0.15368338
0.9999995 4.5280777e-07
1.0 1.2798274e-11
0.6377428 0.3622572
0.99996555 3.44819e-05
1.0 6.240365e-09
0.9671076 0.032892462
1.0 2.0324695e-11
0.91954136 0.08045866
0.9124559 0.087544106
1.0 2.932531e-09
0.9960536 0.003946453
1.0 5.171429e-10
0.9992781 0.0007218974
0.9762901 0.02370981
0.98142827 0.018571753
1.0 2.5015627e-08
0.99999917 8.0883586e-07
0.88777167 0.112228274
1.0 3.2954826e-11
0.0244365 0.97556347
0.9994 0.0005999935
0.08851497 0.911485
0.999961 3.896383e-05
1.0 1.0242528e-16
0.9999999 9.450923e-08
0.9999987 1.3405587e-06
1.0 4.070519e-15
0.9998584 0.0001416486
1.0 2.9977851e-15
1.0 4.7620553e-17
0.99804974 0.0019502596
0.99999857 1.481058e-06
1.0 2.521749e-09
1.0 2.3817487e-32
1.0 3.1817254e-10
1.0 1.0247213e-17
0.8200535 0.17994645
0.8080628 0.1919372
0.9999994 6.058197e-07
0.99699426 0.0030056916
0.9999949 5.1608404e-06
1.0 2.1286683e-12
0.9523773 0.047622625
0.99999964 3.0608197e-07
0.7814807 0.21851923
0.9999995 5.0449273e-07
1.0 8.107529e-10
0.99979943 0.00020061262
0.9998995 0.000100433186
1.0 2.2815117e-27
1.0 1.563312e-10
1.0 2.3182802e-27
0.87738997 0.12261006
1.0 1.1355267e-18
1.0 1.3940886e-23
1.0 9.060198e-09
1.0 1.9577333e-15
0.99103713 0.008962927
0.78303015 0.21696992
0.97290117 0.027098862
0.9999999 7.5268034e-08
1.0 7.42454e-16
1.0 1.2165345e-16
0.99870944 0.0012905949
0.9999989 1.1126752e-06
1.0 2.2484971e-20
0.99635506 0.0036449062
1.0 9.922076e-14
0.9998512 0.00014872242
1.0 9.187898e-24
0.99987495 0.00012499378
1.0 2.8676546e-13
0.9998981 0.00010187561
0.027973175 0.9720268
1.0 2.0087969e-16
0.99999416 5.814399e-06
0.9993068 0.0006931689
0.99674135 0.0032586667
1.0 2.3986764e-13
0.055620693 0.9443793
0.9992083 0.00079171185
1.0 8.852702e-12
1.0 3.7461306e-32
0.868927 0.13107307
1.0 2.3340618e-16
1.0 1.6354892e-14
0.9328882 0.06711182
0.9999851 1.492245e-05
0.99999976 1.8082001e-07
1.0 2.2640689e-26
0.9986511 0.0013488997
1.0 4.1314417e-12
0.9999999 1.0641779e-07
1.0 1.9154582e-09
1.0 7.89307e-18
1.0 2.3887337e-12
1.0 1.5632509e-08
0.63168955 0.36831045
0.43466878 0.5653312
0.98189914 0.018100847
0.9999666 3.3432483e-05
1.0 2.4478572e-17
0.9879972 0.012002769
1.0 4.6544298e-14
1.0 3.4341458e-08
1.0 2.1761568e-09
1.0 3.0119115e-12
0.9999763 2.3723875e-05
0.9999107 8.92217e-05
1.0 3.519222e-37
0.9999995 4.844622e-07
0.9953564 0.0046435622
0.99937695 0.0006230572
1.0 7.727497e-14
1.0 2.4017365e-19
0.7593396 0.24066038
1.0 2.952808e-14
0.69901145 0.30098853
0.9967642 0.0032358095
1.0 5.3309667e-26
1.0 1.1468661e-27
0.99997497 2.5019239e-05
1.0 1.9277191e-08
0.5227486 0.47725147
0.99697554 0.003024486
0.99993265 6.73971e-05
1.0 1.9275062e-30
1.0 4.5309374e-08
1.0 2.3478048e-31
1.0 5.506803e-11
0.99995136 4.8674647e-05
0.99804986 0.0019502012
1.0 3.059459e-12
1.0 5.6629233e-11
1.0 1.239174e-34
0.9663961 0.033603936
0.99999833 1.6731061e-06
1.0 1.2174566e-19
1.0 7.963912e-12
1.0 3.4351577e-10
0.75652385 0.24347614
0.8489865 0.15101346
1.0 2.7041601e-18
0.99640393 0.0035961135
1.0 3.617223e-13
1.0 4.3603423e-09
1.0 1.916117e-08
0.99793684 0.0020631705
1.0 3.7352145e-17
0.83912325 0.1608767
1.0 1.9374076e-14
0.9455538 0.05444621
1.0 1.5591103e-10
1.0 4.1386356e-19
1.0 1.6280807e-19
0.99997663 2.3369714e-05
1.0 4.2150918e-22
1.0 3.266088e-09
1.0 7.70142e-15
