0.0100454055
0.99381256
0.74791163
0.30855957
0.07285015
0.5011179
0.99333996
8.191671e-17
0.9807756
0.4235258
0.9233295
0.028144067
0.55915403
0.98069096
0.9921029
2.0386003e-18
0.9949391
0.98536646
2.5032102e-07
0.85782313
0.42477185
0.99229324
0.0037319884
0.057398397
0.99809307
5.7002908e-05
0.9949469
2.630877e-27
4.1278602e-22
0.9955113
0.24098602
0.9962333
0.8967566
0.9934523
0.0012395947
0.29489142
0.99832255
3.7346218e-14
0.4633658
0.15166621
0.9929068
0.99988604
0.99567044
0.0009487723
0.7396588
0.9781885
0.88257676
0.86677
0.92061806
0.0950443
0.99559313
0.9947889
0.33359584
0.26830405
0.019715397
0.05806491
0.84930253
0.9734606
0.98489916
0.75455177
0.92153925
0.9040637
0.9730926
0.98128706
0.26249835
0.97024006
0.9693573
0.6937676
0.85333544
0.98373014
0.99086916
0.05672006
0.4581621
0.07228007
0.91490644
0.99653816
0.4622384
0.022219373
0.032964274
0.9194435
0.65330034
0.96834546
0.06967493
0.7942848
0.9695519
4.073293e-33
0.08145344
0.7380197
4.983328e-08
0.35024187
0.21676165
0.21166384
0.9902486
0.9935601
0.013049495
1.2665351e-10
0.5034845
0.68805647
0.7717018
0.9919424
0.2821995
0.80087894
0.7981997
0.7700395
0.99814796
0.99001557
0.025664117
0.99302423
0.98953605
0.99418676
0.73897135
0.2729491
0.2831407
0.82086897
0.9976115
0.8884311
0.075384825
0.20699334
0.97142774
0.99754095
0.95427936
3.9820757e-06
4.007823e-23
0.8575948
0.60936767
0.99677616
0.9675376
0.009861276
0.0034757718
0.9842843
0.3478889
0.99759334
0.9920831
0.95708793
0.40481687
0.4274104
0.9207788
0.9995297
0.9884198
0.93600327
0.99625623
0.957265
0.020379802
0.99704045
0.99860865
0.59064025
0.5903459
0.98307335
0.99232155
0.007827582
0.0045004752
7.051296e-10
0.9970396
0.98976797
1.2931554e-06
0.89471287
0.19148768
0.98139095
0.13100569
5.2699085e-17
0.9672213
0.9942557
0.0052039125
1.0185771e-36
0.9463612
0.12935773
0.92112166
0.96421003
0.9949587
0.99591297
0.80948627
4.451421e-06
0.17920724
3.3974044e-05
0.80781215
0.7806619
0.26656398
0.24649344
0.9893931
0.18101159
0.9917178
0.99705577
0.03663977
0.015404491
0.99273807
0.8467107
0.96758705
0.61065716
0.046337735
0.9913805
0.62683207
0.98106605
0.9964204
0.7489937
0.70546037
1.8238253e-09
0.32474488
0.73701745
0.992467
0.9255571
0.9944278
9.062689e-16
0.986246
0.00041875357
0.00035813404
0.98769337
0.0001817904
0.19113627
0.45836148
3.5696908e-07
0.841254
0.9745188
0.9945539
0.001920259
0.99389595
0.05369575
0.7421354
0.99316084
0.9381522
0.98665684
0.9784309
0.97692513
0.16311851
0.7145337
0.09095986
0.036983144
0.15030953
3.821431e-05
0.015694011
0.9762441
0.99418676
0.411704
1.1771061e-23
8.6785185e-05
0.79195297
0.6638468
2.5944186e-07
0.0168249
0.9969025
0.6887465
2.738541e-07
0.5932675
0.95264024
0.0021211426
0.95223993
1.4316797e-08
0.7926128
1.6667775e-09
0.3413011
0.9964226
0.9971757
0.95062697
0.99280787
0.99373806
0.99276453
0.88298285
0.9929509
0.73563987
0.99366117
0.9933074
0.9836287
0.82677615
0.23588526
0.9479454
0.97307986
9.843742e-09
0.6550924
0.9875382
0.13881953
0.037850954
0.005211882
1.4135344e-13
0.9633834
0.9839537
0.125656
0.5160484
0.93483216
0.98808867
0.96671504
0.9909905
0.0003512694
0.09887903
0.27081192
0.9120693
0.8424864
0.99724114
0.9953577
0.008946846
0.038760405
6.674607e-10
0.8775256
0.22984691
0.41106293
0.12527108
0.9954283
0.19891898
0.002605411
1.5074947e-07
0.25238827
0.99333364
0.80986995
0.14479254
0.9461143
0.00022730762
0.09378619
0.0068120915
0.0157824
0.48574704
0.8855762
0.9252855
0.007981671
0.62686884
0.9179954
0.017044336
0.9919085
0.9974771
0.87835664
0.5896389
0.03705326
0.9960187
0.018415766
0.75554955
0.0002135043
0.40961862
0.98948973
0.9641773
0.9363543
0.16520429
0.28581014
0.32723758
0.99747014
0.07773331
3.5609944e-20
0.20821713
0.99669075
0.00027477043
0.00018272953
0.0031677524
0.0021132745
0.10554858
0.17345665
0.4827366
0.9237673
0.0021066032
0.82754886
0.36111942
0.7791707
0.9908338
0.041346297
0.78652763
0.98471594
0.71661144
8.950572e-18
4.185268e-25
0.96805346
0.006703758
0.9106073
0.93750435
0.7205441
0.35280213
0.9980667
0.86971694
7.550398e-08
0.9740927
0.9827278
0.99745077
0.98615646
4.2184946e-18
0.016884208
3.1695733e-11
0.9882428
0.015399993
0.9925056
0.99187005
0.99352527
0.99418676
0.74944776
0.90528786
0.37341213
1.6796436e-07
0.35673478
0.15539172
0.7935803
0.30018806
0.7953831
1.6857279e-05
0.99596524
0.99428505
0.992833
0.0031362236
0.77292407
0.09644264
0.24571855
0.9298143
0.9927638
0.99418676
0.27430937
0.98066324
1.5353301e-07
0.9846482
0.99155784
0.6460516
4.3680106e-05
0.986528
0.9588804
0.0052610817
0.34949
0.032990556
0.948705
0.9969946
0.28151205
0.990729
0.63048387
6.089552e-07
0.81199944
0.28345
0.99493426
0.99800915
8.0088313e-07
0.9655375
0.30164135
0.96608514
0.9730565
7.927206e-08
0.12630145
0.9941824
0.98198366
0.8184404
0.9834479
0.93566865
0.8802464
0.94810337
0.2924823
0.9942509
0.9559088
1.8675278e-06
0.997529
0.9860102
0.010539534
0.0017506385
0.29591817
0.9930305
0.3788422
0.99628496
0.6730522
0.9877089
0.9968123
0.9985253
0.9931212
0.023972182
0.64323384
0.1401745
0.996505
0.055288136
0.9945312
0.025006358
0.61365575
0.9955166
0.2218386
0.9354874
0.97831845
0.42777756
0.9947508
0.00028582462
0.9812273
0.97826195
0.99737
0.995112
0.91396904
0.9586815
0.8354019
0.9739976
0.7166941
0.7663559
0.92312974
0.9890506
0.97186136
0.69598484
0.031985555
0.96075696
5.1724747e-10
3.0916708e-05
0.68261313
0.32284167
0.7415732
0.34891254
0.0413798
0.9987791
0.9865411
0.9376627
0.122856274
0.8439937
0.99638677
0.95198745
0.8564155
0.80730695
0.18932362
0.9534627
0.99478453
0.9944607
0.022771427
0.99212426
0.06437534
0.8262877
0.9572215
0.1207411
0.9948932
8.9176686e-14
0.98127145
2.3801152e-16
0.9904383
0.57669586
0.030727113
1.6035427e-08
0.9888481
0.008119884
0.21679467
0.98737866
3.9624452e-23
0.7817431
0.8121206
0.0007882685
0.8841159
0.4422829
0.0019593206
0.014378543
0.94443715
0.17265218
0.92775595
0.08338403
0.99217623
0.17594242
0.47349852
0.9292914
0.949515
0.6704834
0.96952033
0.9869897
0.75647485
0.38047898
0.9643489
0.530448
0.2864946
0.6045973
0.09233696
3.4556535e-18
0.0018604262
5.7917696e-05
0.12575185
0.6376258
0.6936747
0.681887
4.2603383e-11
0.020908494
0.99418676
0.9991111
0.99762875
0.934335
0.9989668
0.91602933
0.00020311146
0.9267814
0.9757858
0.0382448
0.42609042
0.98947436
0.7939292
0.94579065
0.90392613
2.5236364e-08
0.98460084
1.8674836e-15
0.9654337
0.97941256
0.38757014
0.021194087
0.9927287
0.9918445
0.99756527
0.9756202
0.81397855
0.984611
0.083038144
0.0016417025
0.7645416
2.5931972e-24
0.19900006
0.9932054
0.99865425
0.24856788
0.70896983
0.99783945
0.9900912
0.44379133
0.96784145
0.99425006
5.169692e-18
0.99006546
0.9744149
0.9970197
0.73071843
0.99779886
0.56682175
0.13287468
0.7847865
0.9931641
0.94972676
0.9633346
0.86231554
0.99418676
0.8720071
0.9207746
0.99620146
0.0002058796
0.99308676
0.7944456
0.9962664
0.98016626
5.2306267e-12
0.6951807
0.9850935
0.9658025
0.82361954
0.45322433
0.9628329
0.9843573
0.98970735
0.99418676
1.7740135e-33
0.7563737
0.98622394
0.03208167
0.41665712
0.7398091
0.9886331
0.8395211
0.9824866
1.9785849e-09
2.5889976e-08
0.99126446
0.0644517
0.7891474
0.99418676
7.252523e-16
0.9908131
0.66253114
0.8605187
0.9159198
2.3980544e-13
0.9342347
0.99445397
0.023051843
0.99382555
0.8984586
0.2763647
0.23170654
0.23394161
0.32783747
0.23001242
0.45642787
8.733943e-05
0.9171315
0.9558087
0.8049258
0.9016863
0.0015786511
0.9914609
2.0866631e-13
0.88952947
0.8195805
0.9011534
0.4096171
0.0013025226
0.9471911
0.7266367
0.98278517
0.14748967
0.5764667
0.9165787
2.2388975e-13
0.110793196
0.8397296
0.9777892
0.9967705
0.22202726
0.89601547
0.34413016
0.9418672
0.10620462
0.8110706
0.0021547126
0.7149602
0.62428606
0.10999027
0.9873612
0.9563524
0.6469428
0.007771464
0.9858839
0.99642354
0.7833955
0.4278702
0.7802245
0.7618554
1.6472521e-07
0.99619067
0.99195015
0.24420239
0.97459394
0.00095037994
1.2895543e-06
0.84839934
0.9954324
0.14678086
0.9913447
0.966826
0.3032821
0.98988885
0.9937098
0.7316943
0.99705184
0.99526656
0.30428478
0.48340616
0.9927105
0.8584938
0.07211775
0.518442
0.82574296
1.3451127e-16
0.6705039
0.98642135
0.9012525
0.97113246
0.93697554
0.044667855
1.164347e-08
0.47578132
0.18418379
0.9896052
0.37427452
0.6428332
0.025636876
0.4567654
0.8458463
0.03084745
0.8845156
0.14770682
0.99474925
0.99432087
0.9947589
1.5062183e-17
0.86506945
0.804432
0.0006014139
0.0075210202
0.9937814
0.9793051
0.38068232
0.9464469
0.20950744
0.92950004
2.0712356e-38
0.95932585
0.99418676
0.9942298
0.9898796
0.99407285
1.6234064e-13
0.29715922
0.9923078
5.7211266e-05
4.5364683e-17
0.7508403
0.42760035
0.9215741
0.96877253
0.33253878
0.25334883
0.9237992
0.2654897
0.9118406
0.9346049
0.9943356
0.9945905
0.3081099
0.8159602
0.98189133
8.515354e-18
0.0012741381
0.38557497
0.9916584
0.99107695
0.20343323
0.89558345
0.99135584
0.9953922
0.8241353
0.95497704
0.9943566
0.9037799
0.090945095
0.94677323
0.87272316
0.99534744
0.9927602
0.11623318
0.0028625599
0.9255281
0.99451065
0.499563
4.809018e-09
0.95559484
3.6790836e-06
0.603246
0.8234548
0.6224342
0.78973633
0.76009065
0.9355889
0.49522606
0.947761
0.64275295
0.9947246
0.98879087
1.8510273e-07
0.2613164
0.99386
5.6761415e-05
9.279998e-19
0.99323374
0.99418676
0.7745304
0.35226327
0.95922786
0.6310541
0.97689086
0.119283184
0.98394334
0.9860822
0.9815695
0.97131413
0.9742744
0.9983119
0.9720293
0.88351274
0.97567683
0.34969214
1.2146423e-09
0.99434066
0.3647515
0.33976552
0.796686
0.7926182
0.07515241
0.73354673
0.99679595
0.9981432
0.8472306
0.98271745
1.3670162e-21
0.9948665
0.77904916
0.28862664
4.904457e-09
0.28616834
0.24077827
0.9973779
0.67395145
0.9889031
0.9992835
0.98880917
0.42415956
0.9776494
0.07973123
0.7256169
0.9866121
0.9302983
0.9944918
0.9862135
0.9924271
4.8437665e-10
0.99117696
0.99316555
0.4870228
0.030085968
0.9890627
0.0015204832
0.33571532
0.994819
0.7962058
3.323595e-13
0.8693974
0.18222807
0.4107768
0.00035837787
0.98660916
0.9984263
0.8461818
0.75437874
0.99380326
0.97474843
0.9501589
0.4589335
1.3637795e-05
0.0
0.098003805
0.946237
0.9942827
0.562136
0.98519486
0.93560475
0.09456688
0.95253
0.8554068
3.9679548e-05
0.83830893
0.99531746
0.44336244
0.9822243
0.34505993
0.0030638885
0.9691779
1.0169765e-08
0.96720725
0.99584526
0.111445546
0.9890098
0.99619293
0.99834967
0.98771
0.997976
0.7320052
0.99551505
0.99418676
0.06074756
5.0039364e-09
0.00485745
0.9865566
0.41452196
0.99418676
0.96274257
0.89732337
0.20772178
0.016881594
0.9967631
0.5031354
0.9835292
0.9991394
0.023934416
0.99304914
1.8547908e-21
0.046410296
0.85598886
3.6230801e-12
2.3203653e-22
0.12237768
0.1145788
0.0033288165
0.9904631
6.759264e-10
0.97080314
0.27021334
0.49428797
0.6236019
0.9524538
4.6982123e-06
0.9620898
0.23255283
0.9938964
0.99526644
0.9957877
0.9984497
0.03106993
0.7058222
0.9316209
0.9966522
0.9884155
6.092259e-07
0.877821
0.056321897
0.9778566
0.9678853
0.98662996
0.24931514
0.38996774
0.96176237
0.92682505
0.9971572
0.22736576
0.80671257
0.9963284
0.9973355
0.68647593
0.9899616
0.9967153
0.99509674
0.91717327
0.9845673
0.99698406
0.5001004
0.9935494
0.04744965
0.022965224
0.86954415
0.9886801
0.9983193
0.5696055
0.88494587
0.74834585
0.56282383
0.7679681
0.92789245
0.8717822
5.999586e-08
0.9878812
0.70247215
0.7253015
0.8168124
0.024551125
0.9760537
0.93805075
0.7808131
0.99881554
0.99418676
0.49833548
5.2036253e-10
0.9952278
0.99181855
0.41392374
0.82440674
0.40752116
0.99586946
0.0036257622
0.4467843
0.99800104
0.9725823
0.9927451
7.7520635e-06
0.67507344
0.9863057
0.13563651
0.12164332
0.7439222
0.9621222
0.0067292713
0.99963975
0.30773535
0.023508823
0.9882393
1.3568248e-05
0.99691725
0.11862013
9.2453595e-10
0.99383235
0.99976224
0.94253683
0.98446935
0.99418676
0.8254042
0.46569788
0.040754493
0.8291094
0.96245635
0.95839334
0.9955201
0.9646407
0.8538835
2.0075486e-08
0.16495094
0.9464073
0.052951314
0.9229989
0.95119673
0.98135614
0.99485177
0.8260711
0.99014413
0.99418676
0.99381644
0.98660374
0.4577744
0.11599687
2.8452206e-12
0.027448328
0.020019755
0.8414577
0.4574593
0.0006371506
0.93358403
0.9958682
0.9843464
1.6489258e-06
0.7205772
6.747703e-08
0.9549927
0.9926717
0.98869544
0.9923239
0.9961565
0.97987604
0.010621729
0.7262947
0.89379305
0.9960859
0.9190914
0.013155188
7.125457e-06
0.57790834
1.1781868e-05
0.96282446
0.9851236
0.48211998
0.94547653
0.9958138
0.67085564
4.0273894e-06
0.40045348
0.052267443
1.0210542e-23
3.706524e-12
0.48884293
0.00040183007
1.535586e-17
1.6766856e-15
2.8018608e-06
9.11534e-05
5.6195864e-21
7.6191454e-06
3.5046905e-05
2.6888925e-35
3.4901431e-15
0.041868325
6.559528e-11
8.995866e-09
0.019714415
0.078700066
1.302292e-15
2.2110577e-10
0.40448
0.0
3.7255414e-15
1.8662991e-05
2.9138741e-06
2.2863919e-11
3.6310367e-19
6.321012e-12
7.546149e-09
0.012497496
0.00070391607
9.981345e-27
0.0016531731
0.0053000897
0.0028987785
1.1172427e-28
6.543265e-09
2.6406137e-09
0.000543813
1.8838758e-15
0.6082601
5.231389e-05
5.2738884e-14
2.0233965e-21
2.8620914e-21
1.7311784e-06
9.457253e-12
9.228824e-08
6.8531655e-05
0.0089103095
2.2051227e-22
4.5185212e-18
3.057707e-13
0.024698947
4.193357e-06
1.9526522e-07
8.868263e-13
3.509658e-05
1.7282555e-06
0.6601404
2.0610425e-25
2.1399472e-05
1.2186858e-11
1.9878748e-13
0.00026299848
0.20770541
0.04222374
0.025135253
2.20943e-06
1.293393e-11
4.7532457e-20
9.060156e-18
5.379052e-19
7.290446e-11
0.2387232
0.91436476
0.2202969
0.0015370621
0.00021554848
6.088713e-11
7.98101e-14
0.6348151
1.3538846e-16
0.001043806
0.084729046
0.9941347
1.3833701e-25
1.0597355e-08
0.0020940257
0.0003159558
0.00045742604
0.0055773067
0.10895835
1.1798871e-07
1.0147183e-21
3.147039e-14
8.198898e-08
3.1972505e-25
8.312702e-05
3.986476e-08
0.0073196976
0.36835435
8.050565e-09
0.00023128692
3.1289937e-10
0.06269131
6.66427e-05
1.1212455e-09
0.0030876452
0.0003363347
5.847737e-07
1.729247e-33
1.3101276e-11
5.076735e-22
0.009615072
2.4931412e-08
0.0043063215
1.5638581e-05
4.6339477e-30
4.0172182e-17
4.2752293e-07
4.0730857e-13
0.0047898837
6.3912417e-12
2.3762691e-23
2.5277922e-13
2.5042288e-10
2.8146444e-11
2.1952989e-18
3.995253e-07
4.4648277e-16
0.21247344
1.4902359e-13
0.000111652334
1.0041923e-05
1.0839418e-08
7.528026e-06
1.773893e-24
1.4118444e-05
1.5280018e-24
0.31599075
1.7101262e-16
0.06613101
9.603738e-10
3.3210543e-24
5.0215403e-27
1.1603097e-12
3.3207673e-14
4.7822956e-05
5.563332e-09
4.4427013e-26
2.8952374e-10
6.7725875e-16
4.608185e-11
3.2831283e-23
2.4647364e-14
0.0005751293
8.5613204e-16
1.986871e-05
0.0009238212
6.0701783e-20
4.601119e-05
2.6395347e-10
0.0010762458
0.00057014346
4.49969e-24
2.7730005e-07
7.294212e-12
0.00018083316
0.02412399
1.3581882e-09
1.5956277e-06
2.4113922e-13
2.2163626e-06
0.025518464
2.939626e-13
2.1989638e-16
8.2890833e-10
1.0118657e-06
1.6820724e-16
0.0015505198
3.2090595e-06
2.2746895e-05
0.01700933
2.9088938e-13
1.7122894e-13
5.0978663e-08
6.652619e-10
2.7082245e-09
4.0235696e-16
5.7157244e-08
3.5130575e-19
0.16810606
0.42805874
0.0040969183
1.0924031e-13
2.730408e-09
8.8849626e-38
0.00049938296
1.0353435e-05
0.16847317
0.2033924
1.8815762e-09
0.00019204157
3.8307607e-15
0.3896258
5.440963e-12
5.583337e-17
2.4469298e-12
1.29879805e-17
0.00025604232
0.0002148365
0.09042663
1.2912264e-11
6.352555e-09
0.092200026
0.0
6.13881e-06
1.6034263e-27
0.12794511
6.429753e-05
1.66133e-14
2.5263293e-07
0.3073669
0.00031091805
3.9171587e-06
6.8271495e-09
2.7252736e-12
1.8358659e-06
0.25884804
5.0495072e-20
5.5856897e-05
4.313026e-06
8.3102765e-05
0.006240567
0.12657554
4.1099323e-05
0.0036418804
0.0014825382
2.4443314e-16
8.2816946e-08
0.003396491
2.5052597e-22
5.898493e-14
0.14430472
9.662518e-13
0.19864026
4.564535e-18
0.0018472387
2.950402e-19
5.914337e-20
4.050768e-08
1.2518003e-11
5.2704218e-05
1.186528e-16
0.12574495
0.00030222017
0.29067448
3.501228e-28
1.6595145e-06
9.515242e-08
5.0671012e-14
3.510222e-06
2.713976e-08
3.2776666e-07
2.8713756e-36
8.215486e-17
9.79449e-12
1.3302219e-25
8.5340764e-35
8.9447266e-20
8.520122e-20
4.76218e-18
2.7436085e-14
6.890029e-10
8.398881e-28
0.17778803
1.641798e-12
0.119310476
7.5450737e-19
4.612565e-18
0.20328961
2.6322233e-26
8.354104e-23
5.837807e-14
2.09888e-05
0.08412621
5.9204524e-13
0.011234784
1.4848882e-16
5.5137025e-06
1.8940452e-13
0.0012966791
1.0537834e-12
4.85488e-06
2.8937688e-10
0.06437577
2.4085645e-10
1.106466e-08
5.218677e-06
0.0005006693
5.3393194e-08
9.30915e-05
1.10384566e-16
4.7223157e-06
4.0400724e-16
1.21633975e-05
0.0015382606
1.2731517e-06
0.00083687704
3.590419e-06
1.7168876e-06
0.19998752
2.471328e-07
0.00015568681
1.0860624e-13
1.9233045e-08
0.019396286
5.893576e-11
0.0005125443
1.7580785e-13
5.262075e-09
4.0366062e-16
0.77464056
3.7850212e-10
0.05578382
1.9542782e-05
1.908047e-11
1.8108334e-17
0.047452632
0.52257454
1.0326741e-05
7.418044e-08
1.3669134e-19
0.004441488
1.2552338e-22
1.1083962e-09
7.1786585e-06
6.295257e-18
2.201395e-11
2.0607615e-05
2.6902857e-14
1.9370514e-08
4.131737e-29
3.765911e-28
0.0012047603
0.029735802
0.017662458
1.0043341e-05
0.8506046
0.17584097
5.7173045e-27
4.787469e-15
1.4173547e-09
0.2007412
4.24692e-06
2.1814108e-08
0.31647688
1.0727613e-08
3.3095785e-12
1.6036459e-07
0.031497445
2.4667697e-06
8.501741e-21
2.2438041e-06
0.0010914317
1.7577163e-28
0.08940932
2.7290812e-27
0.05574817
1.9121757e-10
0.10303107
0.24554057
0.0010172718
0.0
0.02291796
4.70427e-13
0.00029462014
6.312554e-08
0.010112573
0.0014635692
2.0245678e-12
2.3105957e-05
0.026599193
2.5300291e-14
4.349156e-08
5.7344496e-20
4.9119514e-22
1.1565371e-10
4.443943e-09
0.0013048098
6.1062324e-32
8.431102e-15
0.83729124
0.3103053
0.007133597
2.7832211e-08
2.8097866e-05
8.748419e-22
2.739327e-32
1.5288282e-06
1.4425841e-15
6.24319e-19
1.3074387e-38
0.0011727678
4.463047e-09
5.7347403e-14
7.599833e-14
1.0132312e-17
0.0026947854
5.1191074e-23
1.2384844e-07
6.95712e-08
5.0979157e-19
0.81449115
8.8786663e-07
3.8770964e-09
0.00076481403
0.00013764032
0.001066
0.018959196
5.504469e-05
0.011624527
0.99439114
0.88944894
6.723184e-18
3.330674e-11
0.0041075507
9.710688e-05
0.0
0.00077590696
0.0
0.0020382477
3.8074002e-26
2.8843307e-13
0.00038534953
4.643497e-25
2.1964687e-28
2.7299823e-08
2.1364087e-12
0.00011786141
0.9751814
0.00051267893
3.7974615e-20
3.7116275e-05
2.1252528e-23
6.064076e-25
4.7913888e-11
0.00029446173
0.0003286209
5.268183e-16
0.13596603
1.7616728e-25
7.500155e-05
2.3235163e-09
0.05695611
7.630837e-12
1.0463219e-06
0.071228206
5.2584877e-30
0.902653
3.6848955e-13
0.12834327
1.4838271e-19
6.8029485e-27
0.0023296615
0.00013175698
4.5340366e-07
8.563448e-15
3.689173e-12
1.1045272e-05
1.042623e-09
0.0
2.864077e-07
1.2472347e-10
1.5074262e-16
5.193038e-13
3.0752012e-09
5.543444e-30
2.1627425e-16
0.012805387
1.4096706e-17
6.0087814e-06
1.3890342e-07
4.64035e-23
0.0008290273
6.551385e-12
8.3482744e-05
8.2249095e-13
1.2123116e-09
0.14553681
1.5635795e-26
0.025520552
6.198649e-11
0.031821623
1.1746399e-06
3.825128e-13
0.101282015
0.012354414
7.4355353e-09
0.0048496956
0.0002985798
0.006416017
0.5842783
0.00010751778
1.6467605e-07
2.5931018e-10
0.012096522
2.0042792e-10
2.3743448e-06
2.052717e-18
0.0061844033
5.3180474e-07
2.7879368e-17
7.553982e-09
4.023248e-12
2.7518895e-10
1.23639575e-05
1.8006309e-05
2.1895159e-29
2.5828719e-08
4.461511e-22
0.8064354
6.2076774e-06
0.5134953
2.7544034e-26
0.00020929398
6.608025e-11
2.4535171e-05
6.7156336e-11
6.0002035e-06
0.00057688553
0.40566856
1.1568342e-15
4.1258673e-19
0.08247382
6.554929e-25
3.4524192e-14
2.90286e-23
3.193177e-05
8.912284e-24
1.943561e-08
1.9913605e-11
1.4230892e-13
6.2394316e-18
1.8271814e-17
1.6556532e-16
2.845614e-10
5.3032813e-06
0.14885305
3.0673204e-14
4.790203e-10
2.1968492e-10
2.397179e-06
5.4638335e-15
2.6938353e-05
5.995423e-38
0.00062497583
6.7619587e-29
0.04763612
4.2327976e-08
1.1883807e-16
8.113217e-15
8.406902e-06
8.187309e-05
1.4228115e-05
1.6384148e-14
1.656894e-05
9.287997e-20
2.1337047e-12
1.198511e-15
3.4771823e-05
0.0025113916
0.0
0.0009914242
0.00016513959
0.18591169
0.0008418189
8.948417e-19
1.5032402e-12
0.00020558671
0.00051135046
4.846472e-11
8.943078e-30
7.4189184e-09
0.014703267
0.28419623
9.825358e-13
2.6884966e-06
0.25165394
5.241501e-05
0.109056175
0.004206205
6.3597646e-14
0.0
0.35431412
2.8624225e-11
0.0015367015
8.592241e-06
4.1468295e-05
2.821911e-06
0.0012140349
0.009238121
1.6503439e-16
0.06663651
0.6157555
1.8958297e-14
2.032522e-09
0.08606866
6.687908e-26
1.0793808e-07
2.36102e-13
2.8739888e-10
1.0227294e-06
0.44154927
1.1588205e-17
0.56858444
1.5476981e-09
3.2060318e-25
1.4646108e-12
0.00012278916
1.1397724e-23
8.60264e-05
0.0752667
3.8710943e-25
3.350033e-13
0.0030687894
7.0591263e-06
0.06099502
6.7114838e-15
0.023193834
6.217298e-11
0.024744501
7.212507e-19
3.0837665e-08
0.0009627619
0.061643433
9.60153e-05
1.11775026e-20
4.665911e-06
0.02111014
3.513486e-08
2.7972817e-08
4.2763314e-13
5.76311e-13
1.907674e-09
3.549789e-14
1.1751622e-10
0.06618675
1.690885e-10
1.4286768e-07
5.310922e-15
4.9268674e-06
1.1717584e-13
3.7936398e-27
0.00029767648
0.0036152867
1.0321421e-09
1.13512275e-20
4.8188628e-27
3.9332985e-11
0.026167924
4.654355e-08
0.00025771288
0.0037080492
2.286702e-05
1.0735899e-20
0.0061013256
1.0841649e-16
3.2545294e-08
1.07539965e-16
1.3404613e-09
5.7178892e-21
6.1107804e-23
0.20529781
9.981835e-13
2.8608805e-13
1.699189e-23
6.387086e-16
6.887486e-08
4.851436e-12
0.03883779
5.2944105e-17
5.4530374e-06
6.19158e-27
5.2535338e-08
0.0
3.9273272e-13
1.2112765e-12
4.8754802e-12
0.00036175587
0.1503238
6.5828655e-11
2.4127612e-22
1.9791446e-19
3.401491e-20
1.0260671e-09
0.06639659
4.5637879e-07
0.019481823
3.1452612e-15
5.3732797e-15
0.07756651
6.4211505e-13
0.85902876
0.0064842687
9.037074e-16
5.237791e-07
1.4494052e-18
1.0893497e-26
7.878945e-37
8.809041e-09
1.1476334e-32
0.04253252
5.5885304e-19
0.00065780693
1.1579079e-21
2.1388643e-26
6.334581e-11
1.657654e-19
0.24008435
7.033789e-15
1.8505165e-12
8.765532e-20
1.3400945e-05
3.954963e-19
3.0430218e-07
0.05763759
0.9735814
0.23905846
0.0001434652
0.00010114691
0.039449316
1.1405469e-15
7.094864e-12
0.00021820523
5.791774e-16
2.2472863e-14
4.703187e-08
0.0018962268
0.00027201997
7.835013e-05
2.9041736e-11
2.3395412e-06
1.6606513e-06
3.3255156e-07
6.0090846e-18
0.0
4.013652e-23
1.2224164e-13
1.7182207e-17
0.5853208
7.900263e-27
0.0015812268
5.202423e-06
2.2524771e-38
1.19012945e-20
2.3976982e-06
7.363194e-16
0.00015340594
5.609439e-12
3.494972e-08
0.00027126426
4.0270556e-12
0.0014684232
8.7772634e-23
0.0
0.00048591208
2.708998e-10
1.1829986e-08
9.094376e-07
7.8421287e-28
1.2920439e-05
0.0006813328
0.00022519656
5.0558047e-22
5.6905198e-27
0.00010388947
9.580322e-17
0.20196795
4.0883773e-05
0.5228148
0.0008565802
0.036570333
2.7321048e-10
6.131344e-18
2.518982e-15
0.3578775
0.0016471903
1.6397154e-10
2.7098748e-30
0.0008067037
2.0352266e-12
0.24917643
0.53522474
1.05756e-17
3.7843778e-18
0.00023365613
0.0005643473
0.0005686737
0.00016032078
3.320118e-12
2.085006e-15
6.336852e-15
3.5919497e-06
4.7796754e-12
9.37407e-06
3.303232e-07
1.0520087e-22
2.823099e-13
1.15259354e-07
1.9061557e-05
1.5480904e-17
3.1006389e-09
7.074619e-09
0.00037336163
1.1233512e-06
0.16851883
6.0511124e-10
1.1263868e-22
0.00013219492
6.232446e-23
0.004451857
7.1053983e-06
0.0
1.0759262e-21
0.039891694
0.12490906
2.1656622e-26
1.1687262e-05
9.465833e-14
4.9068145e-09
0.17390747
2.140748e-09
0.0
4.01395e-12
9.152098e-12
0.78387505
3.3935973e-13
1.1338256e-33
3.755606e-07
0.11900081
1.5945314e-14
2.4919642e-14
7.1918357e-06
9.5555247e-35
0.10854748
1.7228667e-18
4.174989e-22
0.0006705013
7.3483107e-19
0.07232699
2.7596115e-17
0.08762396
1.7134035e-06
2.9201596e-11
0.0448342
1.3827635e-25
0.9180562
2.0597714e-23
2.0278277e-25
0.0011472022
0.00085055514
5.524151e-22
0.0
8.477806e-14
4.7562215e-12
4.0340316e-18
3.4487222e-13
3.1102832e-06
0.8134568
6.334469e-12
3.5327055e-06
0.017622145
3.5176526e-14
4.3765674e-08
3.0985756e-09
3.2270418e-07
1.1514404e-06
1.0188356e-32
0.009928812
6.8642425e-17
0.83200955
0.02439974
0.662188
7.415985e-07
1.447153e-08
2.4789212e-19
0.99420446
1.7009185e-33
0.008578661
0.01960526
4.132604e-14
1.831142e-20
0.00035223688
2.987974e-10
1.7656643e-23
2.0572066e-20
7.856141e-05
8.6760116e-07
4.0306515e-16
0.36462054
1.0024711e-05
0.0003250746
2.0133415e-07
1.2939033e-08
2.0780564e-24
0.005826596
2.501746e-14
9.43899e-10
5.306614e-28
1.2731248e-22
6.632408e-11
0.005076515
4.913499e-10
2.6733975e-20
1.1855934e-09
2.2517227e-06
4.8841694e-06
7.448593e-17
1.2067951e-17
0.00074840937
9.877984e-06
2.397406e-12
1.1218659e-09
9.514589e-12
3.317881e-21
2.6571604e-20
6.4105266e-21
5.0381793e-18
5.2243374e-15
1.7041142e-10
1.9450536e-10
6.9273363e-13
0.0040850868
2.9766241e-15
0.019825878
0.00020342466
0.08224048
0.98289067
2.5200948e-09
3.295063e-29
0.1210918
1.2416742e-16
5.0001153e-11
0.05763422
0.031075925
6.3367747e-09
3.6630629e-34
4.759335e-07
0.16469157
2.6043108e-16
2.0431366e-13
2.2996855e-05
0.0041491427
5.4142206e-09
0.0
0.00043948964
7.4123434e-31
0.15368338
4.5280777e-07
1.2798274e-11
0.3622572
3.44819e-05
6.240365e-09
0.032892462
2.0324695e-11
0.08045866
0.087544106
2.932531e-09
0.003946453
5.171429e-10
0.0007218974
0.02370981
0.018571753
2.5015627e-08
8.0883586e-07
0.112228274
3.2954826e-11
0.97556347
0.0005999935
0.911485
3.896383e-05
1.0242528e-16
9.450923e-08
1.3405587e-06
4.070519e-15
0.0001416486
2.9977851e-15
4.7620553e-17
0.0019502596
1.481058e-06
2.521749e-09
2.3817487e-32
3.1817254e-10
1.0247213e-17
0.17994645
0.1919372
6.058197e-07
0.0030056916
5.1608404e-06
2.1286683e-12
0.047622625
3.0608197e-07
0.21851923
5.0449273e-07
8.107529e-10
0.00020061262
0.000100433186
2.2815117e-27
1.563312e-10
2.3182802e-27
0.12261006
1.1355267e-18
1.3940886e-23
9.060198e-09
1.9577333e-15
0.008962927
0.21696992
0.027098862
7.5268034e-08
7.42454e-16
1.2165345e-16
0.0012905949
1.1126752e-06
2.2484971e-20
0.0036449062
9.922076e-14
0.00014872242
9.187898e-24
0.00012499378
2.8676546e-13
0.00010187561
0.9720268
2.0087969e-16
5.814399e-06
0.0006931689
0.0032586667
2.3986764e-13
0.9443793
0.00079171185
8.852702e-12
3.7461306e-32
0.13107307
2.3340618e-16
1.6354892e-14
0.06711182
1.492245e-05
1.8082001e-07
2.2640689e-26
0.0013488997
4.1314417e-12
1.0641779e-07
1.9154582e-09
7.89307e-18
2.3887337e-12
1.5632509e-08
0.36831045
0.5653312
0.018100847
3.3432483e-05
2.4478572e-17
0.012002769
4.6544298e-14
3.4341458e-08
2.1761568e-09
3.0119115e-12
2.3723875e-05
8.92217e-05
3.519222e-37
4.844622e-07
0.0046435622
0.0006230572
7.727497e-14
2.4017365e-19
0.24066038
2.952808e-14
0.30098853
0.0032358095
5.3309667e-26
1.1468661e-27
2.5019239e-05
1.9277191e-08
0.47725147
0.003024486
6.73971e-05
1.9275062e-30
4.5309374e-08
2.3478048e-31
5.506803e-11
4.8674647e-05
0.0019502012
3.059459e-12
5.6629233e-11
1.239174e-34
0.033603936
1.6731061e-06
1.2174566e-19
7.963912e-12
3.4351577e-10
0.24347614
0.15101346
2.7041601e-18
0.0035961135
3.617223e-13
4.3603423e-09
1.916117e-08
0.0020631705
3.7352145e-17
0.1608767
1.9374076e-14
0.05444621
1.5591103e-10
4.1386356e-19
1.6280807e-19
2.3369714e-05
4.2150918e-22
3.266088e-09
7.70142e-15
