0.99142116
0.9844029
0.9742683
0.9938905
0.03099775
0.19215198
0.3989654
0.963392
0.0001441856
0.21003954
0.9767487
0.99778724
0.9795837
1.260792e-13
0.99016786
0.4874505
1.4797294e-07
0.9336454
0.8443727
0.9552498
0.99582845
0.97716284
0.9909923
6.9626127e-09
0.96826136
2.329404e-05
0.9720587
0.99445575
0.90906125
0.9947038
0.98992354
3.5823017e-05
0.98808306
2.4680589e-13
0.9932861
2.6972031e-09
1.254609e-05
0.002741755
0.9866833
0.54953444
0.077133164
0.01730308
0.019104207
0.99530196
0.98945403
0.8336151
0.99142796
0.9953916
0.99364907
0.9935055
0.5049452
0.99377525
0.9895884
0.98649174
0.8616785
0.9847298
0.85577625
0.99909246
0.046031512
7.4008412e-06
2.4468562e-07
0.985255
0.9952349
0.10831729
0.9953739
1.3106722e-19
0.9983271
1.4274957e-17
0.21720876
0.9969426
0.00012587986
0.99181974
0.9926346
0.98945403
0.95049995
0.9721343
0.90808326
0.9962649
0.99772996
0.9918549
0.23734643
0.9907464
0.9829646
0.99109685
0.992618
0.99299157
0.5850233
0.92504704
0.9916699
0.9805218
0.73701286
0.93413377
0.9801108
0.9860994
0.98945403
0.07008788
2.7038143e-22
0.03590195
1.4099282e-14
0.15707083
0.037231002
0.0002531974
0.6394685
1.4576833e-07
0.9951515
0.9137602
0.012071895
0.19799502
0.9675909
0.9635235
0.92946744
0.99069715
0.99498016
0.99051404
0.91489595
3.45317e-29
0.51340073
0.5089632
0.9750029
0.202898
0.94332093
2.92362e-30
4.814802e-12
0.9818193
0.015991053
0.99627775
0.99652845
0.24535248
0.04363949
0.98486495
0.71063787
0.98530906
0.9817607
0.9052087
0.97136396
0.05933077
0.99890006
0.9779001
2.4777712e-05
0.94016224
0.99559194
0.15062536
0.9858111
0.97721463
1.6031975e-30
0.9849027
0.9818897
0.98876894
0.9894867
0.9908318
0.99633574
0.9918893
0.35974476
0.99699605
0.9888159
0.003235886
0.99360055
0.78085583
0.10358627
0.9983321
0.9219294
0.97912073
0.047280505
0.8609432
7.848114e-05
0.0063695097
0.96607655
0.9231352
0.9896618
0.13057067
0.9938443
0.7323492
0.9963982
0.0036448962
0.063573994
0.9989079
0.4791942
0.040605098
0.9985719
0.9032757
0.3712173
0.9907204
0.9865834
0.9018118
0.44200265
2.9700233e-05
0.067584544
1.1747341e-14
0.12640053
0.8647646
0.015971212
0.0053965347
0.81567633
0.9866138
1.7146069e-09
0.9702673
0.99256104
0.9196313
0.9889608
2.1819755e-09
0.95877314
0.88541347
0.97010684
0.9872892
0.9981542
0.96925384
0.86255646
0.99466246
0.30435783
0.4921773
0.98768413
0.00030443154
0.99416816
1.500157e-25
0.9937099
0.9724845
0.9848348
0.9949286
0.9975026
0.09336746
0.79819006
0.64812905
0.96114373
0.99521154
0.95005363
0.97575206
0.9896046
0.2778329
0.94080913
0.9972447
0.8139933
0.2904408
0.9582875
0.8709369
0.9543037
0.98716414
0.29089943
0.31949967
0.9841484
0.9620396
0.9928168
0.9818811
0.9950094
0.9867513
0.63271296
0.78816116
0.00056886725
0.14389232
0.84932846
0.9984168
0.9976
0.90464604
0.9945633
0.996219
0.9202574
0.99543375
0.9814107
0.9887854
0.9960014
0.10513752
0.99013734
0.993889
0.5105923
0.17208855
0.9741934
0.0006188924
0.8729963
0.030044036
0.99264055
0.055177182
0.7098225
0.9915264
0.89788294
0.99470574
0.99535
0.021935401
0.9917747
0.9911997
0.034585055
0.987242
0.9868472
0.95772696
0.99678624
0.9013221
0.99893826
0.9585427
0.9877017
0.99626404
1.305522e-06
0.98750544
0.70647544
0.9986559
0.9896199
0.95110434
0.7752876
0.9766152
0.98296344
0.97380674
0.32188037
0.30818906
0.010592184
0.9721706
0.6328022
0.005151044
0.00087460014
0.98754776
0.9961442
0.0010188711
0.382688
0.8578492
0.9770294
0.9026228
0.060565602
0.007286531
0.5864865
0.99623626
0.8497949
0.0088075865
0.9910761
0.9983438
0.9898685
0.57675356
0.9746056
0.015904676
7.96964e-27
0.0003622855
0.99599826
0.97143877
0.96936595
0.9827476
0.98025656
0.9981706
0.749912
0.9946661
0.98727965
0.989225
0.9527861
0.9898094
0.98746663
0.9725547
2.8710195e-10
5.152069e-19
0.98755914
0.8309581
0.9908103
0.049400132
0.9948207
0.98932415
0.6972146
0.994663
0.0009226178
0.58144695
0.016240083
0.85432076
0.994689
0.13521196
0.18376376
3.7923604e-07
0.0007508768
0.034209166
0.9934182
0.9376346
0.98834944
0.9902086
0.99038017
0.9956891
0.9943597
0.99383014
0.9805993
3.7499765e-07
0.09785566
0.9629395
0.97498703
0.99713314
0.9670698
0.99489
9.416739e-15
0.8355748
0.98253596
0.998276
0.47645566
9.020931e-05
0.9514572
0.9863588
0.33701673
0.7015388
0.77159244
0.93745565
0.66513443
0.98512983
0.98821557
0.9960061
0.10804348
0.9925487
0.43877375
0.9698713
0.054979738
0.15987894
0.9940333
0.9789316
0.7487831
0.98436487
0.7379297
0.981339
0.9243682
0.92619044
0.13985142
0.011096345
0.99077034
0.97634685
0.9740511
0.9930419
0.9669192
0.9172153
0.9279378
0.97781175
0.39592946
2.3904236e-09
0.9681211
0.08171863
0.98794985
0.19751978
0.85848194
0.9873748
0.98883176
0.9749417
0.7625681
0.9562795
0.97534806
8.330763e-05
0.9959629
0.9928336
0.019260101
0.0038012823
0.98759824
0.98807937
0.9893143
0.06568032
0.90071344
0.9918969
9.577161e-05
0.40307328
6.0510498e-05
0.9874572
0.0039500245
0.9879401
0.99127394
0.28532138
0.9980108
1.6509755e-10
4.008766e-06
0.9948206
0.51431465
0.37058684
1.5318916e-06
0.9902322
0.8362845
0.9876458
0.9971751
0.38563192
0.07488594
0.98570836
0.996452
0.9879026
0.2917788
0.83663434
8.801293e-14
0.9877001
0.99498993
2.7693435e-05
0.0007311758
0.04454204
0.98735934
0.6136214
0.9174706
0.016285319
6.4058254e-16
0.29050028
0.9799962
0.29266876
0.99914813
5.1362634e-15
0.95457774
0.8851949
0.59152496
0.9739439
0.98520285
0.9969592
0.9817603
0.025317153
0.990427
0.9986823
0.9728842
0.99928683
6.446963e-05
0.7582813
0.98485583
0.014977679
0.9912896
0.3079775
0.010653602
0.9953754
0.99656373
0.7957223
0.26257366
0.723533
0.27798784
0.9969399
0.6370664
0.93678993
0.0015715986
0.9867753
0.7589818
0.9945747
0.68049514
0.011024815
0.9748477
0.9978258
0.93897647
0.99103045
0.18771248
0.9910341
0.9154415
0.99921906
0.92212725
0.9992976
0.98741305
8.8403834e-07
0.9879629
0.94011885
0.12707214
0.2174353
0.99732333
7.6981086e-13
0.9977737
0.008016687
0.9788953
0.91109794
0.95183486
6.053635e-23
0.98931444
0.99799526
0.6403709
0.99491477
7.6011684e-06
0.74821764
0.45852333
0.9412114
2.3787918e-06
0.011136303
0.98927957
0.99480504
2.9163076e-07
1.5468511e-06
0.9728107
1.5140937e-09
0.05761326
0.98945403
0.98855096
0.3727345
0.7887506
0.9930704
0.8753365
0.99290097
0.6025186
0.19713895
0.17573252
8.61349e-08
0.994789
0.9950565
0.998835
0.9687921
0.99767023
0.9346932
0.98945403
0.98992574
0.9652268
0.015389571
0.03552766
0.7808868
0.9966084
0.1152574
0.99150777
0.98945403
0.95929325
0.035806473
0.9910108
0.9510267
0.07754814
0.23136617
0.06766563
0.94801354
0.07745399
0.97028965
0.9952714
0.92748916
0.536704
0.95896196
0.69055265
0.058656458
4.1693655e-17
0.27522138
0.050885934
0.9402514
0.9884928
0.9932461
0.99014145
0.9937821
0.97220755
0.10594865
0.17172262
0.96632016
0.56519866
0.99422085
8.0670115e-24
0.37846193
0.09392887
0.99455863
0.43899336
0.99328834
0.8171633
0.9875408
0.996849
0.99854785
0.9976058
0.1629889
0.9862576
0.64311033
0.2088029
0.99394435
0.65428543
0.99576014
0.8999667
0.6272664
0.9916857
0.96501654
0.6803896
0.9901861
0.2770204
0.9931792
0.99376726
0.37723702
0.97477925
0.5062609
0.99414295
0.9975122
9.043754e-18
0.10249252
0.9904357
0.5575883
0.9576374
0.27393374
0.9980399
0.75941956
0.88601786
0.94441485
0.7624591
0.9981256
0.36278245
0.66729337
0.99056935
0.9747439
0.0016359322
0.0012575872
0.9855699
0.9886674
0.00017406551
0.8914573
0.9878861
0.239411
0.0072390395
0.2419207
0.7023705
0.9900919
0.9929168
0.99061745
0.97547865
0.9965348
0.9890359
0.16096179
0.6248884
0.99852484
0.93869513
8.499296e-09
0.35901886
0.3734498
0.33650613
0.0036358053
7.0441594e-21
0.98923093
0.9817768
0.9310591
0.9444085
0.4730254
0.99882
0.06307989
0.16070843
0.9799256
0.9807372
0.86041313
0.53987056
0.9665777
1.6085747e-13
1.2968465e-11
1.4080568e-19
0.96077037
0.9895878
0.0006548514
0.99484456
0.996711
0.9949921
0.99640816
0.0015384752
0.8729066
4.0340838e-15
0.06308181
0.99097085
0.73107326
0.9872198
0.99599564
3.4103203e-05
0.0016475024
0.977201
0.32017303
0.7144708
0.99356234
0.9886232
0.5028839
0.99526167
0.9925659
0.610061
0.8608327
0.96276665
6.2888896e-05
0.41365623
0.98945403
0.29607847
0.004306148
0.9949443
0.9870162
0.9830819
0.9933177
0.21645157
0.99077445
0.9951304
0.7507971
0.76403856
0.08214399
0.9938285
0.93984056
0.9945093
0.996487
0.31854835
0.9863826
0.97482216
0.9929711
0.9430043
0.99728
0.81876993
0.94969666
0.1455902
0.79328907
0.2106439
0.9929006
0.99297214
0.13697387
0.99505156
0.9947472
0.992591
0.889153
0.08195378
0.020637361
0.9850862
0.03443306
0.7445324
0.9277538
0.8450188
0.3729824
0.07736752
0.9758994
0.54915524
0.99450475
0.75017405
0.9914191
0.23404117
0.99262744
0.98945403
0.98562384
0.96514547
0.9840088
0.9337469
0.99470747
0.99426806
0.84241
0.9817498
0.5119827
0.9828342
0.87254226
0.9964186
0.99659675
0.99686265
0.17900755
0.35210505
0.25283858
0.45302224
0.02959065
0.9946514
0.9831596
1.5722762e-11
0.9109051
0.827814
4.7780485e-10
0.9814045
0.056999076
0.99644935
0.7814438
0.9943281
0.9934924
0.24862726
1.8198236e-15
0.9696633
0.19824359
0.0011717158
3.9801995e-05
0.99773216
8.8045925e-12
0.17193215
0.0001738555
1.529928e-07
0.9940373
0.3357349
0.93251467
0.99299437
0.99310726
0.8740772
0.993483
0.4209004
0.809066
9.722347e-06
0.0037565953
0.9878094
0.8392519
0.9638994
0.95900965
0.16193557
5.9077506e-28
0.9812934
5.0973907e-34
0.9451862
0.820794
0.8575453
0.98117644
0.84409946
0.9837788
0.9875509
0.05200936
0.78841233
0.99884343
0.99474573
0.01291229
0.783087
0.99046797
4.941662e-06
0.99162525
0.8933129
0.7623597
1.768947e-31
0.7925692
0.7202523
0.15445182
0.9053737
0.9828047
0.99713695
0.9900894
0.98208046
0.9963517
0.0077241817
0.9626051
0.016899655
0.35608
0.48818454
0.72961724
0.99516255
0.87485266
0.9883837
0.7995742
0.94341105
0.0505227
9.724612e-19
0.9879034
0.9437814
0.9941181
0.31759495
0.9673698
0.96989924
0.9148852
0.99906653
0.3320724
0.9694503
0.99140173
0.9352306
0.9950256
1.8634346e-07
0.4796945
0.9678633
0.022726875
0.9930508
0.99868494
3.2384961e-09
1.094359e-05
0.39213088
0.98229754
0.94117224
0.9670333
0.9918682
0.00072529283
0.9829959
0.98858356
0.9977124
0.9582032
0.9799329
0.26993668
0.7941098
0.88221294
0.9792284
0.99386436
0.13674945
0.01849951
0.55421984
0.98381317
0.45463032
0.8625029
0.9999232
0.08992509
0.2049488
0.08832862
0.8364087
0.9854451
0.98253495
0.992588
0.97979283
0.9666744
0.9747182
0.30219844
0.99288696
0.98981524
0.01057028
0.9935595
0.9935256
0.0038440956
0.47519055
0.99123526
0.16145325
0.26326984
0.022139205
0.9903295
0.97923446
0.013566206
9.1225377e-07
8.4827273e-13
0.0014791355
0.24467495
0.31326595
0.36859462
0.99385494
0.018660016
0.26337746
0.69431835
0.090043634
0.98668736
0.8018525
0.8645642
1.0256195e-12
0.7720751
0.9766465
0.995815
0.9927119
0.44916296
0.99360245
0.874288
1.3072188e-06
0.034433357
0.40978214
0.993533
0.69227165
0.9977087
0.965678
0.94639814
0.77666193
0.072474785
0.9967642
0.033425372
0.6209864
0.83388186
0.02188
0.9800481
0.9649191
0.99648476
0.15090509
0.9342778
0.99015254
0.99930656
0.9906336
0.9250956
0.23940262
0.9979697
0.9908358
0.28060108
1.03071486e-07
0.9857292
0.9966427
0.940478
0.98424226
0.63013095
0.9750217
0.35554972
0.9931693
0.96796227
0.9950824
0.9823209
0.9941354
0.968715
0.3773231
0.98814535
0.110119455
0.10658329
0.99391454
0.993208
0.9972542
0.9745814
0.9727578
0.28396177
0.96279085
0.9898324
0.85951436
3.4714185e-09
0.63605434
0.056078307
0.7655766
0.5220549
0.96080995
0.9714082
0.96844876
0.9098453
0.05253451
0.99192727
0.883193
5.0840984e-15
0.9969048
0.8373585
0.84159195
0.99561405
0.37849414
0.97385424
0.98902136
0.24132049
0.50584495
0.029919835
0.96390206
3.1057603e-08
0.9776317
0.6429238
0.67412436
0.91636235
5.2171044e-06
0.99327046
4.2258653e-05
0.008402188
0.98598856
0.10437627
0.2429469
0.98897946
0.14010382
0.002583063
0.99022067
0.9834554
0.9388436
0.9934062
0.98819065
0.8007049
0.89385056
0.023437336
0.95926344
0.99740416
0.19104832
0.7572664
0.9434717
0.033507813
2.1812864e-15
0.3105004
0.9873303
1.1650692e-19
0.9574783
0.14407057
0.9879842
0.007722837
0.9145425
0.44204736
0.29207644
0.9961259
0.04744173
0.986868
0.99012166
0.6989826
0.32622096
0.92577815
3.2890057e-09
1.42604995e-05
0.67089236
0.79937094
0.26247638
0.0044316486
1.1256749e-20
0.98153895
0.36331835
0.18580075
0.031915706
0.97754055
1.9779185e-07
2.3574058e-25
0.035040602
4.9965826e-13
2.382624e-11
1.215565e-16
0.0021836555
1.0831672e-11
2.2688795e-23
0.002567255
7.3183277e-25
0.0007046611
1.1633477e-31
0.00073997723
1.8983973e-38
7.060588e-07
2.7408783e-05
5.4107956e-38
2.685649e-23
2.3546202e-17
7.960388e-12
9.190763e-11
6.3230046e-11
0.00010569874
8.152618e-15
0.017122006
3.700574e-13
0.025657434
3.4830595e-12
2.2846203e-20
3.3234995e-17
0.0032982705
0.00038155462
0.0
4.002403e-21
1.9434076e-05
2.4543386e-05
2.7319346e-20
0.0030551157
0.0002674446
0.03733045
4.4790234e-11
0.00016185231
4.1568957e-11
2.4084546e-17
0.003887943
2.5119994e-20
1.9845287e-05
2.3300656e-10
5.6590917e-33
4.618681e-08
0.00022126464
5.2842815e-17
4.803737e-13
6.887305e-30
0.0008453598
7.9961784e-16
8.757297e-23
7.6695405e-14
7.2578376e-07
0.001619312
6.792403e-17
9.955886e-16
2.8781274e-16
3.7782079e-31
0.0038732123
1.150435e-06
0.22815925
5.610978e-20
0.08878149
0.26830494
2.2360636e-17
6.7842965e-10
2.2458677e-18
5.53178e-05
0.29586604
0.00021907224
2.2509734e-16
2.9533992e-14
0.040754512
4.530594e-22
0.0107334405
0.0058421236
4.1842333e-05
0.0073944167
9.393734e-09
1.060695e-10
0.0051462906
0.80208915
0.006006738
4.5481017e-14
1.3384508e-05
0.0057308497
0.114269964
0.0036719053
1.8881059e-06
1.3999973e-10
0.8589719
1.2667773e-09
0.00047373373
2.8883405e-06
5.0073685e-11
2.0056432e-15
1.0120221e-17
0.32760096
4.1736016e-08
2.1640705e-09
0.00039996527
1.7346671e-15
0.19312054
7.4997174e-31
0.00013759821
0.011951162
0.028716054
2.6410221e-20
6.669459e-07
5.3408254e-16
1.7886598e-06
1.3643103e-13
0.30464575
7.0985156e-13
0.17858936
7.154123e-06
0.18649326
1.3833685e-20
1.0467242e-08
0.02099517
8.20826e-06
3.8732037e-07
1.1116508e-05
0.0013022162
0.1320033
1.1898731e-16
5.521493e-12
1.326355e-11
0.47973385
0.40037942
3.6491784e-08
0.0
6.210224e-06
9.079751e-23
2.3263539e-07
2.9903405e-21
2.7754608e-15
0.00067084265
5.5506257e-07
2.1534051e-06
3.286036e-07
0.00701613
1.5005767e-15
0.19753747
2.1960766e-19
0.6400793
0.00019359787
1.02301954e-07
1.9962515e-18
0.0011012228
2.2223369e-11
8.064623e-05
5.7390036e-08
0.016420165
3.389744e-08
4.296029e-15
1.7713736e-21
6.256621e-09
5.8496633e-15
0.0
6.8784793e-16
3.085414e-08
5.64032e-18
0.010915781
3.6232433e-21
0.0
5.777237e-22
4.2061993e-07
0.00061337365
0.0006805313
4.9918527e-15
3.5442026e-06
0.012548418
1.6276745e-07
1.9147323e-23
1.8668372e-28
1.2715322e-23
0.005349689
0.0036748808
9.4974006e-08
9.129117e-07
0.0022671956
2.0603292e-08
1.1251551e-28
1.0085096e-09
6.8495865e-08
0.90850663
3.5170327e-08
5.8368976e-09
2.2470203e-06
1.8885385e-07
3.954632e-11
0.932895
1.0304288e-13
1.3337831e-11
3.3110575e-26
0.0004540068
2.0012945e-15
0.21894601
3.818112e-15
1.7401732e-06
2.778665e-06
0.14711764
8.1763005e-08
0.0
7.1265445e-06
7.278547e-24
8.51739e-13
0.4619228
4.8578697e-09
0.14052057
1.866252e-22
7.895194e-06
0.11017545
1.0165536e-06
3.5280274e-29
1.02675416e-13
0.33776748
0.013663962
1.0218473e-19
0.05503727
7.2138195e-10
6.042954e-05
8.6329716e-10
0.00013250562
1.0378824e-10
1.0312424e-06
0.89550376
0.020889198
0.6109504
0.1661969
2.6985817e-28
6.9892456e-14
2.91758e-16
2.4028122e-16
0.114490435
3.3479066e-06
4.435959e-27
6.5255466e-05
7.2929847e-06
3.138359e-05
0.009690874
1.1514219e-25
1.5861767e-30
0.0007210187
0.009889245
0.0020344597
0.0001923331
9.804034e-17
3.8516357e-14
3.8278498e-17
3.324671e-05
3.5463898e-07
0.076581605
0.12398049
8.210749e-06
4.209833e-05
0.0
7.635131e-07
0.021180846
0.011767946
1.8026166e-11
1.8754796e-11
1.9016765e-05
2.4447305e-10
6.9252465e-10
2.8299472e-12
0.004694942
0.0
3.705227e-10
5.1498664e-06
5.1859884e-25
0.13695773
0.0035324804
0.03143937
4.968109e-14
6.7025916e-34
4.563949e-08
1.9956521e-16
2.2190963e-07
2.041389e-08
0.010838153
6.586077e-07
8.5292087e-13
0.33865634
0.506562
0.0031758165
1.5669422e-05
3.8076026e-19
3.359191e-08
5.432415e-13
3.4767123e-28
0.95982724
2.2164516e-12
0.25814778
5.3182386e-05
0.021574348
3.1944867e-07
1.939658e-19
0.26112717
0.050530434
0.0020122959
0.0030678909
0.011201383
0.011946276
1.1733239e-13
4.0634895e-05
0.9885593
4.9073327e-19
9.184152e-12
0.21961708
2.5924448e-17
2.8513688e-07
5.845688e-24
1.0978262e-06
0.97542053
2.6096271e-19
0.016291073
1.8424222e-05
3.7147063e-07
0.000101443446
6.744885e-12
2.5838112e-28
6.9751637e-23
3.5485967e-22
4.3063804e-16
9.536373e-08
9.573558e-33
3.3146152e-11
0.16989496
4.439996e-16
1.5041662e-20
0.8808369
0.4282384
0.06783902
1.2861219e-10
0.031639524
0.0020423778
5.5328356e-16
2.6183506e-09
5.3112037e-12
4.4516064e-19
0.71008277
3.0939905e-18
1.9881877e-07
1.3654381e-27
0.25693268
2.2586957e-10
5.8494626e-30
0.12350084
0.00012115437
9.345108e-07
9.415692e-16
1.0276972e-23
4.46386e-22
0.00071936735
9.625252e-13
1.0564587e-18
3.7215323e-06
2.3736566e-06
0.019568969
1.1131573e-23
8.951258e-10
0.52669966
1.4997313e-07
1.1093034e-09
1.0330151e-06
2.5539531e-20
9.997615e-20
0.22392642
5.73734e-08
0.96760666
3.8093422e-06
0.0003744285
1.4787497e-23
0.008227307
0.0
6.8817343e-07
3.825228e-29
2.845959e-08
5.149887e-27
0.35881183
0.0013940472
0.8305285
2.2026852e-06
1.6337176e-06
0.019539705
0.34769925
4.4394562e-30
0.0
0.30266032
3.24256e-11
0.0050878664
6.7350393e-06
0.00079789804
0.0025180865
0.0071738926
0.016579494
4.1050026e-08
0.092995845
9.486861e-07
2.2581312e-06
1.8607925e-22
7.121977e-13
5.613599e-17
3.184303e-08
0.12637748
8.566271e-12
5.6605088e-05
1.3652235e-21
0.014782782
0.29436895
0.046544556
0.1341922
0.000104583865
1.44788e-18
0.00045309475
2.2700676e-10
2.4302747e-07
4.4469343e-07
0.023636362
1.4006486e-18
0.004872573
2.6168496e-05
6.7943767e-12
0.0006697835
0.00012443936
9.399395e-17
4.3533893e-07
1.9836925e-06
1.5369538e-14
4.3096557e-10
1.5437901e-06
0.0012375809
6.1348464e-09
3.5150366e-05
9.990502e-13
4.3628942e-10
0.00038309963
0.04883582
3.3000563e-06
4.218087e-05
8.290559e-07
3.6300973e-14
4.5510748e-07
2.301988e-06
0.0028617352
1.4211048e-19
0.01680765
0.21129261
6.27176e-20
5.510677e-07
7.825688e-06
1.2520909e-06
0.014453705
0.10461582
1.323705e-28
7.800224e-17
0.57789826
9.382934e-06
0.9046502
1.10372426e-07
0.99191135
5.0994067e-14
1.3301318e-08
0.0035353033
0.9542821
0.01369401
1.5859162e-23
4.3517326e-10
6.7485206e-10
6.8666037e-07
0.023786893
4.3676356e-12
7.9779967e-14
5.1346854e-19
2.2867615e-12
5.1549e-19
5.7001673e-19
5.0522934e-23
3.6828878e-12
2.0374191e-10
1.21907505e-17
3.7618793e-07
0.0
0.0020856545
0.00015518925
4.8820357e-14
0.79077274
0.013357813
2.9182128e-17
2.0961838e-06
5.2423577e-10
1.0344781e-06
7.987236e-26
4.90079e-17
1.7194768e-09
2.4595438e-13
2.33653e-38
0.012444034
3.3748137e-13
2.3051548e-15
0.0004943527
0.07180879
9.150704e-19
1.98715e-10
1.17019345e-08
6.7131083e-19
1.1226755e-05
2.687124e-16
3.958574e-06
3.3256586e-07
8.579029e-11
0.20446728
0.16141234
0.0007099024
3.436793e-23
0.007732022
0.15078096
0.9194287
2.435889e-16
6.911664e-11
2.317331e-11
0.15586081
0.02163423
0.0010817862
5.9252183e-21
0.058301657
1.4019793e-11
0.000766845
1.655708e-26
2.2843978e-09
1.8993361e-26
0.009974365
0.00043240364
6.2002037e-13
5.0936003e-05
0.0009165032
1.5567617e-15
3.2577115e-18
3.395842e-18
0.21099018
0.0014469395
6.368914e-15
2.08869e-09
6.5193154e-26
2.076898e-18
9.163574e-08
5.2059284e-05
0.005282376
1.10070324e-07
0.00016883199
0.08131527
6.9160287e-15
9.664644e-23
1.5264502e-19
7.154316e-08
2.9094769e-09
0.011899212
1.2879683e-17
4.491167e-09
1.514202e-07
3.0459596e-10
2.851192e-07
1.5886523e-24
8.65532e-06
8.4172484e-08
3.4882197e-07
2.3134201e-07
1.181452e-15
1.3011983e-17
2.0814007e-35
5.3301803e-05
2.5029818e-33
1.3296993e-10
3.7226154e-15
5.7120944e-12
2.2395459e-10
6.0424207e-16
5.444919e-08
0.1158345
3.892729e-06
0.1479591
0.00013900081
5.263858e-18
1.6955436e-08
0.0
4.0968033e-09
0.014311219
0.0031750016
5.736447e-14
6.904041e-05
1.3428954e-12
1.9531311e-37
1.1564807e-12
1.8446782e-11
0.029260786
5.2366375e-19
3.2395837e-05
1.1382321e-08
0.9264374
1.3156176e-17
0.0022553112
0.35661137
0.20171231
5.6151894e-15
6.0841734e-11
2.5470522e-06
3.3274157e-19
3.0750675e-12
5.084999e-08
1.913272e-08
9.3544256e-11
0.00024644326
5.3948984e-18
3.3013941e-06
4.571719e-05
0.0070162956
0.00016202155
0.830725
0.00010482289
6.1572746e-07
1.7520428e-05
0.9697053
4.4505966e-15
0.00024688258
0.028579265
1.8184894e-06
5.5614902e-30
7.032585e-14
0.0025281657
3.9942228e-16
2.400462e-20
2.1532656e-10
0.0002301773
6.769463e-07
8.397929e-26
0.8349866
8.203864e-14
2.2042082e-20
2.2457056e-10
0.00046325778
9.886873e-05
0.027230414
0.0
2.6637437e-07
1.4475002e-06
1.0505348e-11
1.1652177e-06
0.14515519
7.1096656e-05
3.526002e-33
8.2933134e-08
7.886578e-23
8.870267e-15
5.9443493e-05
0.0032098729
3.0940494e-18
1.63695e-25
1.3694487e-05
0.000258854
1.13697664e-14
3.9280714e-08
0.062024295
0.061667692
1.0854599e-09
0.00032925312
1.6175971e-06
2.942748e-07
1.2753304e-09
3.384531e-07
2.4102219e-15
6.835341e-10
4.690502e-08
4.4540625e-06
2.552795e-08
2.288238e-06
1.8206264e-18
3.340751e-08
5.8792423e-21
6.0690805e-23
0.068601176
0.0009089954
3.2091789e-06
0.9900823
1.0254792e-11
2.0473918e-10
6.351077e-09
1.8628656e-05
0.8806355
3.0365715e-07
0.39444095
2.743743e-06
0.0004042714
1.8461175e-07
1.4768196e-07
0.0014719
0.00047903438
9.671106e-14
3.7817927e-07
0.21463396
0.13919553
2.5859192e-11
0.03237645
0.9324886
0.00019735035
3.0757656e-06
1.8840674e-05
8.515448e-06
2.0924033e-12
9.269523e-12
8.513191e-30
2.4183245e-24
2.3355344e-05
0.038235344
0.001307802
0.0029246716
0.90806127
0.011096161
4.317552e-11
6.4906015e-07
1.8482872e-27
0.060000096
0.0
0.05815614
3.0726285e-12
0.00018882519
2.4355265e-16
1.2128284e-07
1.7407984e-08
0.08768282
0.0054661836
3.9704563e-27
0.0001684117
4.318767e-05
0.0039975396
7.53476e-07
0.1781615
0.6723433
0.0035346868
0.00096081046
0.000983358
0.005472922
0.0022885608
3.1305197e-07
7.536218e-05
7.060318e-16
3.2340658e-08
0.044003822
3.7441295e-10
2.5861825e-17
3.746442e-11
5.33382e-24
3.8931947e-15
0.7612798
0.0013071732
0.00087331614
4.049713e-10
5.1241045e-07
3.2797212e-17
1.1285525e-18
2.1693747e-11
1.2753923e-11
1.8081333e-05
3.642788e-19
0.0
0.00016980518
1.3544784e-09
0.0
0.030727597
0.0005508872
0.004504784
0.06148094
0.016668946
2.8994374e-10
0.06534934
1.0039749e-08
1.1405529e-12
8.003091e-12
1.6398015e-08
0.0003985293
4.6472427e-11
0.06470622
2.7611756e-13
2.051895e-18
0.33256954
0.21290003
5.087467e-14
0.070344724
6.5593846e-09
3.1930247e-07
0.008982159
0.25096163
3.8961757e-06
0.009484969
2.1843726e-14
1.1339588e-12
0.58233815
5.9304133e-23
0.07766304
7.690282e-18
1.4281074e-11
5.6931553e-09
2.0548098e-32
2.0767824e-07
3.408253e-08
0.0025822255
4.4751806e-11
5.334955e-05
4.0421936e-19
1.4648814e-06
0.49481288
5.638407e-25
0.27792433
7.020702e-24
0.004852202
1.6171494e-08
0.0012194971
0.10323774
4.596614e-34
5.6325395e-17
0.116793305
1.7842027e-08
6.6322585e-14
6.674039e-05
7.4811595e-07
0.7463108
0.07282779
1.0260166e-12
2.5761057e-05
0.29310682
0.0013860764
4.79631e-14
4.755664e-10
5.620577e-12
0.28548488
9.42172e-14
1.315731e-20
3.363679e-23
1.37262965e-08
0.036754683
1.14502685e-10
0.0012543596
0.9729566
5.726876e-12
8.942134e-07
2.9010097e-24
1.3145749e-05
9.1311965e-11
0.00010921971
9.085385e-05
7.325981e-10
8.835763e-09
8.426504e-06
1.2738536e-22
3.1947658e-16
1.00343096e-16
0.004962843
6.1493366e-32
1.4051014e-05
0.45456654
1.8353756e-17
8.3595225e-08
0.0006157527
4.950559e-07
8.061638e-29
1.560632e-12
2.4900665e-08
2.2137877e-29
3.1952848e-05
9.867909e-06
4.9758904e-12
7.543526e-10
2.0992474e-19
0.06367477
1.6994709e-12
1.0924203e-12
3.045294e-12
1.3890991e-11
0.0017547681
4.566706e-13
2.1555213e-14
0.00012184998
3.4767204e-31
0.035057265
2.652395e-07
0.0
6.4389985e-07
0.23994261
1.9115326e-07
4.217171e-20
5.7666266e-10
0.504828
4.716298e-10
1.6720868e-15
4.6825304e-11
1.0007814e-13
2.3159853e-05
1.2878077e-07
7.074383e-05
6.5944005e-06
9.152836e-11
9.261778e-13
3.66874e-12
0.0045180246
3.2169066e-06
5.080956e-08
0.0028184794
5.3102694e-06
2.1699286e-34
7.882222e-07
1.1219091e-12
1.6912298e-29
0.00047869116
2.7547148e-10
5.9593925e-09
0.7124204
0.051269334
2.8502463e-11
4.3282407e-07
1.4023016e-24
0.3549755
1.4612509e-20
1.3024668e-05
6.841705e-33
2.2070376e-06
4.8166098e-09
3.5054442e-17
5.4361617e-15
0.0013126425
6.0082362e-05
3.4282517e-14
7.700058e-14
1.4505067e-17
1.03694255e-10
0.48520923
6.966474e-14
2.7813241e-21
1.4946443e-18
8.438638e-21
7.771744e-07
5.66894e-07
1.7139438e-12
1.591324e-06
5.0049444e-18
2.8678816e-15
1.2791335e-06
4.043281e-07
1.7477118e-08
1.3091461e-22
0.26026607
1.7768558e-13
0.014619551
0.000496271
1.0519322e-15
2.145112e-06
2.4491245e-12
3.636429e-07
7.4161295e-17
6.9665114e-11
7.369389e-20
0.0
0.00086798106
0.10607974
3.640753e-15
1.4485646e-05
7.2263133e-06
8.686445e-08
8.67565e-06
0.009247973
0.013567433
4.003846e-10
1.8637718e-19
5.5249034e-06
0.13525225
6.1374124e-08
4.163632e-15
0.0001436474
0.0014689309
5.62245e-32
1.4976242e-17
0.023680585
0.00044630235
2.5804275e-17
9.486955e-12
1.5658464e-20
0.13065954
1.6823364e-15
3.6475354e-12
6.9263695e-10
0.00069158175
7.947698e-25
1.1488289e-10
2.9667044e-08
1.2331886e-21
1.3958417e-27
2.3841582e-09
8.279937e-13
1.3314703e-18
1.91066e-09
5.2826075e-25
0.016521985
0.002921495
0.0009982141
2.1579762e-11
5.168715e-22
0.3390884
2.4482895e-07
2.740216e-24
1.7605782e-17
7.7010025e-09
5.236467e-08
2.0184063e-12
1.6068021e-17
0.0001014839
0.00011354253
6.974964e-08
9.206029e-18
3.0464441e-06
4.880079e-05
1.1366457e-09
2.9346126e-09
2.784109e-26
0.9527005
2.8808504e-13
5.472103e-19
0.00016872544
0.001123938
0.748749
1.2755113e-05
8.254651e-19
6.944618e-08
2.8624917e-16
0.00016592737
2.0271316e-06
0.019323902
6.816914e-15
1.6760138e-08
0.0019649381
0.011003794
0.12397805
0.010841855
3.5976434e-34
1.9879652e-21
7.5129974e-05
0.038909968
9.771021e-26
1.8640062e-08
0.33839196
4.8439884e-05
0.53884643
2.7436099e-07
1.6048484e-06
8.8472675e-12
3.157853e-12
4.45638e-08
1.22900196e-17
2.8496557e-17
0.00042381906
1.6252603e-08
0.0001538077
0.00020077643
4.852538e-38
2.8604133e-19
1.5226514e-13
1.4366231e-26
4.9704952e-15
2.016457e-18
2.7395143e-05
6.9241537e-09
0.019949377
0.008799178
0.0
4.9621676e-08
1.4518621e-18
1.136592e-08
2.446714e-13
2.14171e-22
3.3406315e-05
0.0016331389
0.01270574
8.228492e-12
7.9006764e-05
0.13735056
0.009784135
1.6198443e-08
2.17916e-09
3.7272043e-06
1.7050853e-15
0.009718871
8.7490106e-13
6.3338473e-10
4.197559e-12
0.06449746
3.0726285e-12
8.174507e-12
0.0013686245
0.0001666682
1.8336492e-11
8.344583e-06
5.466513e-11
7.774907e-11
4.806046e-05
2.2388363e-33
8.322743e-06
8.021581e-07
3.0200624e-16
2.0857167e-20
1.9540439e-11
1.6376066e-09
3.5935668e-06
