0.016944855 0.9830551
0.0023041097 0.99769586
0.01957471 0.9804253
0.04279867 0.9572013
0.0023041097 0.99769586
0.003405228 0.9965947
0.0023041097 0.99769586
0.0023041097 0.99769586
0.0023041097 0.99769586
0.002532125 0.9974679
0.0023041097 0.99769586
0.0023041097 0.99769586
0.0029652158 0.9970348
0.002612281 0.9973877
0.0023041097 0.99769586
0.0032074815 0.9967925
0.0023041097 0.99769586
0.0023041097 0.99769586
0.04160886 0.95839113
0.0023848054 0.9976152
0.0023041097 0.99769586
0.0033545496 0.9966454
0.0023041097 0.99769586
0.0032534252 0.99674654
0.0066545205 0.9933455
0.0023041097 0.99769586
0.0023041097 0.99769586
0.0023041097 0.99769586
0.0023041097 0.99769586
0.0051068417 0.9948932
0.002650051 0.99735
0.0023041097 0.99769586
0.0023041097 0.99769586
0.0070024324 0.9929975
0.0023041097 0.99769586
0.002334836 0.99766517
0.0023041097 0.99769586
0.07744755 0.92255247
0.13558161 0.8644184
0.004157162 0.9958429
0.0023041097 0.99769586
0.0037489934 0.99625105
0.0089001125 0.9910999
0.0028196003 0.99718046
0.0036790965 0.99632096
0.0023041097 0.99769586
0.0023041097 0.99769586
0.002468052 0.9975319
0.009949149 0.99005085
0.002583047 0.997417
0.029259667 0.9707403
0.009818324 0.9901816
0.0023041097 0.99769586
0.0053575328 0.9946425
0.0023041097 0.99769586
0.028057339 0.97194266
0.016771276 0.98322874
0.0023041097 0.99769586
0.0023041097 0.99769586
0.0023041097 0.99769586
0.015101608 0.9848984
0.0023041097 0.99769586
0.0023041097 0.99769586
0.0023891747 0.9976108
0.0040607974 0.99593925
0.0027228903 0.9972771
0.0028240734 0.99717593
0.0023041097 0.99769586
0.0023041097 0.99769586
0.0023041097 0.99769586
0.0023041097 0.99769586
0.0029827608 0.99701726
0.0024759655 0.9975241
0.0023041097 0.99769586
0.0023041097 0.99769586
0.0023041097 0.99769586
0.0034936452 0.9965063
0.0023041097 0.99769586
0.0023041097 0.99769586
0.0023454877 0.9976545
0.0023041097 0.99769586
0.0023041097 0.99769586
0.0067968005 0.99320316
0.00297895 0.997021
0.0023041097 0.99769586
0.0023041097 0.99769586
0.0075953384 0.99240464
0.0023041097 0.99769586
0.0023041097 0.99769586
0.26270568 0.7372943
0.33072832 0.6692717
0.0027859148 0.99721414
0.036572166 0.9634279
0.0023041097 0.99769586
0.0023041097 0.99769586
0.6625376 0.33746246
0.0023041097 0.99769586
0.0023443187 0.99765563
0.0023041097 0.99769586
0.0023041097 0.99769586
0.0023041097 0.99769586
0.0048533166 0.9951467
0.0023041097 0.99769586
0.0023041097 0.99769586
0.01961471 0.9803853
0.006513082 0.9934869
0.0023041097 0.99769586
0.0023041097 0.99769586
0.002367876 0.99763215
0.008096113 0.99190396
0.0023041097 0.99769586
0.0023041097 0.99769586
0.13558161 0.8644184
0.0023041097 0.99769586
0.0023041097 0.99769586
0.0023041097 0.99769586
0.0023041097 0.99769586
0.0023041097 0.99769586
0.0023041097 0.99769586
0.0023041097 0.99769586
0.0023041097 0.99769586
0.007291051 0.9927089
0.0023041097 0.99769586
0.034403387 0.9655966
0.0023041097 0.99769586
0.0023041097 0.99769586
0.01017151 0.98982847
0.0023041097 0.99769586
0.0025711441 0.99742883
0.0032853866 0.9967146
0.0023041097 0.99769586
0.0023041097 0.99769586
0.0034157396 0.9965842
0.0023041097 0.99769586
0.0023041097 0.99769586
0.13558161 0.8644184
0.0023041097 0.99769586
0.85149765 0.14850242
0.0023041097 0.99769586
0.0023041097 0.99769586
0.0026978974 0.99730206
0.0023041097 0.99769586
0.002436668 0.99756336
0.004391432 0.9956086
0.0023651854 0.99763477
0.0023041097 0.99769586
0.0030840866 0.99691594
0.0023041097 0.99769586
0.0023041097 0.99769586
0.0023041097 0.99769586
0.0023041097 0.99769586
0.0035705988 0.9964294
0.0023041097 0.99769586
0.0023041097 0.99769586
0.0023041097 0.99769586
0.16527405 0.834726
0.0025195912 0.99748045
0.0023041097 0.99769586
0.0023041097 0.99769586
0.003493383 0.99650663
0.013620706 0.98637927
0.0023041097 0.99769586
0.0023041097 0.99769586
0.0066616796 0.99333835
0.0023041097 0.99769586
0.0023041097 0.99769586
0.0023041097 0.99769586
0.002441686 0.99755836
0.0023041097 0.99769586
0.0023041097 0.99769586
0.0023041097 0.99769586
0.0033046925 0.9966953
0.0023041097 0.99769586
0.0023041097 0.99769586
0.0023041097 0.99769586
0.0023041097 0.99769586
0.0023041097 0.99769586
0.0023041097 0.99769586
0.0047789966 0.99522096
0.0023041097 0.99769586
0.0051313015 0.99486876
0.0023041097 0.99769586
0.04509051 0.9549095
0.0023041097 0.99769586
0.0023041097 0.99769586
0.0027526568 0.9972473
0.023963423 0.9760366
0.07562148 0.92437845
0.0023041097 0.99769586
0.0023041097 0.99769586
0.0023041097 0.99769586
0.0023041097 0.99769586
0.0023041097 0.99769586
0.0023041097 0.99769586
0.0023041097 0.99769586
0.0075615235 0.9924385
0.0023041097 0.99769586
0.0023041097 0.99769586
0.0023041097 0.99769586
0.029177584 0.97082245
0.13558161 0.8644184
0.0023041097 0.99769586
0.0023041097 0.99769586
0.0027056974 0.99729425
0.1299331 0.8700669
0.002975426 0.9970246
0.0023041097 0.99769586
0.0141789755 0.98582095
0.012833858 0.9871661
0.00314504 0.9968549
0.0023041097 0.99769586
0.0023041097 0.99769586
0.0023041097 0.99769586
0.0023041097 0.99769586
0.0023041097 0.99769586
0.0023041097 0.99769586
0.0023041097 0.99769586
0.016792258 0.9832077
0.0023041097 0.99769586
0.0023041097 0.99769586
0.046154793 0.9538452
0.11267071 0.8873293
0.0023041097 0.99769586
0.0023041097 0.99769586
0.00637544 0.99362457
0.0023041097 0.99769586
0.0023041097 0.99769586
0.0023041097 0.99769586
0.0023041097 0.99769586
0.0031982604 0.99680173
0.011334009 0.98866606
0.016633313 0.9833667
0.0023041097 0.99769586
0.002780753 0.9972192
0.0030874573 0.9969125
0.0023041097 0.99769586
0.0023041097 0.99769586
0.0023041097 0.99769586
0.0051234886 0.99487656
0.12720877 0.87279123
0.0023041097 0.99769586
0.0054006986 0.99459934
0.0032361725 0.9967638
0.0023041097 0.99769586
0.0023041097 0.99769586
0.0023041097 0.99769586
0.0023041097 0.99769586
0.0024396693 0.9975604
0.0023041097 0.99769586
0.0023041097 0.99769586
0.0023041097 0.99769586
0.0024506196 0.99754936
0.0023415256 0.9976585
0.02873974 0.9712603
0.0023041097 0.99769586
0.0023041097 0.99769586
0.0023041097 0.99769586
0.0023041097 0.99769586
0.02138676 0.97861326
0.002478933 0.9975211
0.0025480653 0.99745196
0.0023041097 0.99769586
0.0023041097 0.99769586
0.0023041097 0.99769586
0.0023041097 0.99769586
0.0031444288 0.9968555
0.009965254 0.99003476
0.0023041097 0.99769586
0.0023041097 0.99769586
0.0025354803 0.99746454
0.0028123201 0.9971877
0.0023041097 0.99769586
0.084449634 0.9155504
0.37536106 0.6246389
0.0023041097 0.99769586
0.0037560149 0.99624395
0.0023041097 0.99769586
0.0023041097 0.99769586
0.003034752 0.9969652
0.0054623224 0.99453765
0.0023041097 0.99769586
0.0023041097 0.99769586
0.0023041097 0.99769586
0.0023041097 0.99769586
0.020558558 0.9794414
0.0026791887 0.99732083
0.0041124066 0.9958876
0.039219245 0.9607807
0.002955832 0.99704415
0.0023041097 0.99769586
0.2745631 0.72543687
0.8284842 0.17151581
0.13558161 0.8644184
0.0024983601 0.9975017
0.13558161 0.8644184
0.0035023233 0.9964977
0.11614471 0.8838553
0.0023041097 0.99769586
0.13219559 0.8678044
0.0023041097 0.99769586
0.0023041097 0.99769586
0.0024800685 0.9975199
0.0031680565 0.99683195
0.0023041097 0.99769586
0.0023041097 0.99769586
0.0023041097 0.99769586
0.0023041097 0.99769586
0.0026441754 0.9973558
0.0023041097 0.99769586
0.005324727 0.9946753
0.0023503085 0.9976497
0.038403604 0.96159637
0.023182217 0.9768177
0.0023041097 0.99769586
0.0023041097 0.99769586
0.0026286393 0.9973713
0.0025830728 0.997417
0.19981182 0.8001882
0.0036211987 0.99637884
0.022066936 0.97793305
0.0023041097 0.99769586
0.01699783 0.9830021
0.0023041097 0.99769586
0.0023041097 0.99769586
0.0070433733 0.99295664
0.0023041097 0.99769586
0.0023041097 0.99769586
0.0023041097 0.99769586
0.99993753 6.244941e-05
0.0023041097 0.99769586
0.0023041097 0.99769586
0.14127555 0.8587245
0.0023041097 0.99769586
0.0030027395 0.99699724
0.006158774 0.9938412
0.0023041097 0.99769586
0.0023502503 0.9976497
0.0023041097 0.99769586
0.0023041097 0.99769586
0.04099738 0.9590026
0.13558161 0.8644184
0.0023041097 0.99769586
0.0023041097 0.99769586
0.0023041097 0.99769586
0.0045882026 0.9954118
0.009982797 0.99001724
0.0028528038 0.99714714
0.0032993786 0.9967006
0.6059769 0.39402312
0.0023041097 0.99769586
0.0023041097 0.99769586
0.002331616 0.9976683
0.0035038462 0.99649614
0.0023041097 0.99769586
0.5780384 0.42196158
0.0063104043 0.99368954
0.020832863 0.9791671
0.636176 0.363824
0.0023041097 0.99769586
0.0023041097 0.99769586
0.0023041097 0.99769586
0.014974349 0.9850256
0.0023041097 0.99769586
0.14268138 0.85731864
0.0023041097 0.99769586
0.0023041097 0.99769586
0.005196285 0.9948037
0.008972038 0.991028
0.0023041097 0.99769586
0.0023041097 0.99769586
0.0023041097 0.99769586
0.0025659476 0.9974341
0.0023298752 0.9976701
0.22695287 0.77304715
0.0023041097 0.99769586
0.0029042538 0.9970957
0.009311425 0.99068856
0.004496838 0.9955031
0.0023041097 0.99769586
0.0023326045 0.9976674
0.0023041097 0.99769586
0.0023041097 0.99769586
0.0023041097 0.99769586
0.0025695683 0.9974304
0.0023041097 0.99769586
0.0023041097 0.99769586
0.0023041097 0.99769586
0.0023041097 0.99769586
0.0023041097 0.99769586
0.0076320837 0.9923679
0.0027078139 0.9972922
0.0023041097 0.99769586
0.0023041097 0.99769586
0.0023041097 0.99769586
0.071977615 0.9280224
0.0023041097 0.99769586
0.0023041097 0.99769586
0.0025886109 0.99741143
0.07052799 0.929472
0.93377334 0.0662266
0.0023041097 0.99769586
0.8321034 0.16789664
0.006479233 0.9935208
0.0033648915 0.99663514
0.0023041097 0.99769586
0.008979465 0.9910205
0.0023041097 0.99769586
0.0023041097 0.99769586
0.0029043988 0.9970956
0.017394723 0.9826052
0.0023041097 0.99769586
0.0023041097 0.99769586
0.021649064 0.97835094
0.0023041097 0.99769586
0.0023041097 0.99769586
0.004152624 0.9958474
0.0023041097 0.99769586
0.0023041097 0.99769586
0.0067134174 0.99328655
0.045375504 0.9546245
0.0023041097 0.99769586
0.0023041097 0.99769586
0.0023041097 0.99769586
0.0023041097 0.99769586
0.05058921 0.94941074
0.006967757 0.9930322
0.002661028 0.99733895
0.0023041097 0.99769586
0.0062462953 0.99375373
0.0023041097 0.99769586
0.0053890054 0.994611
0.0023041097 0.99769586
0.0023041097 0.99769586
0.0029301094 0.99706984
0.0023041097 0.99769586
0.0023041097 0.99769586
0.0024793125 0.9975206
0.0024814033 0.99751866
0.0023041097 0.99769586
0.8439097 0.15609038
0.5694107 0.4305893
0.008918343 0.9910816
0.0023041097 0.99769586
0.0023041097 0.99769586
0.0023041097 0.99769586
0.0023041097 0.99769586
0.029176872 0.9708231
0.0023041097 0.99769586
0.0023041097 0.99769586
0.9632065 0.036793474
0.0023041097 0.99769586
0.0023041097 0.99769586
0.0023041097 0.99769586
0.023241764 0.97675824
0.0023041097 0.99769586
0.0023041097 0.99769586
0.0023041097 0.99769586
0.0023041097 0.99769586
0.0023041097 0.99769586
0.0033372778 0.9966627
0.002959765 0.9970402
0.25426582 0.7457341
0.0023041097 0.99769586
0.0023041097 0.99769586
0.0071656303 0.9928343
0.0023041097 0.99769586
0.0023041097 0.99769586
0.0023041097 0.99769586
0.0023041097 0.99769586
0.01042447 0.9895755
0.0023041097 0.99769586
0.0024631266 0.9975369
0.0023041097 0.99769586
0.0023041097 0.99769586
0.00552559 0.99447435
0.0023041097 0.99769586
0.0023041097 0.99769586
0.0023041097 0.99769586
0.0023041097 0.99769586
0.0028065024 0.9971935
0.0023041097 0.99769586
0.0047114613 0.9952885
0.0023041097 0.99769586
0.0023041097 0.99769586
0.0023041097 0.99769586
0.029771538 0.9702285
0.0023041097 0.99769586
0.0023041097 0.99769586
0.0025315592 0.9974685
0.0023041097 0.99769586
0.002362255 0.99763775
0.05318384 0.9468162
0.1988071 0.8011929
0.029100752 0.9708992
0.0023041097 0.99769586
0.0023041097 0.99769586
0.011647691 0.98835236
0.0023041097 0.99769586
0.0018814417 0.9981186
0.0023041097 0.99769586
0.0023041097 0.99769586
0.0023041097 0.99769586
0.0023041097 0.99769586
0.0023041097 0.99769586
0.13748333 0.8625167
0.002581852 0.99741817
0.0023041097 0.99769586
0.34492594 0.655074
0.046674285 0.9533256
0.38330257 0.61669743
0.015699405 0.98430055
0.0023041097 0.99769586
0.0023041097 0.99769586
0.0023041097 0.99769586
0.0023041097 0.99769586
0.004608531 0.9953915
0.0023041097 0.99769586
0.07536117 0.9246388
0.0023041097 0.99769586
0.0023041097 0.99769586
0.0029772623 0.9970227
0.0023041097 0.99769586
0.0023041097 0.99769586
0.07309514 0.9269049
0.6382476 0.3617524
0.0038608613 0.9961391
0.0023041097 0.99769586
0.0023041097 0.99769586
0.0023041097 0.99769586
0.0023041097 0.99769586
0.0023041097 0.99769586
0.004206674 0.99579334
0.0044458485 0.99555415
0.0023041097 0.99769586
0.016369538 0.9836304
0.0023041097 0.99769586
0.0023041097 0.99769586
0.0023041097 0.99769586
0.0023041097 0.99769586
0.0023041097 0.99769586
0.010207493 0.98979247
0.0023041097 0.99769586
0.0023041097 0.99769586
0.006732173 0.9932679
0.0023041097 0.99769586
0.037786484 0.9622135
0.0023041097 0.99769586
0.0023779473 0.9976221
0.0023041097 0.99769586
0.0023041097 0.99769586
0.0023041097 0.99769586
0.002946119 0.99705386
0.0025046687 0.9974954
0.0056440355 0.994356
0.023645664 0.97635436
0.0027845437 0.9972154
0.0023041097 0.99769586
0.0023041097 0.99769586
0.030534586 0.96946543
0.0023041097 0.99769586
0.0023041097 0.99769586
0.10796086 0.8920392
0.009990086 0.99000984
0.004781249 0.9952187
0.0056619938 0.994338
0.0023041097 0.99769586
0.0023041097 0.99769586
0.0023041097 0.99769586
0.0023736039 0.99762636
0.004263088 0.99573696
0.034195613 0.9658044
0.0063305385 0.99366945
0.5778399 0.42216015
0.0023041097 0.99769586
0.0023041097 0.99769586
0.007151532 0.9928484
0.0023041097 0.99769586
0.0023041097 0.99769586
0.0023041097 0.99769586
0.0023041097 0.99769586
0.0023041097 0.99769586
0.0023041097 0.99769586
0.0023041097 0.99769586
0.003526123 0.99647385
0.0023041097 0.99769586
0.0023041097 0.99769586
0.0023041097 0.99769586
0.0023041097 0.99769586
0.002540786 0.99745923
0.0023041097 0.99769586
0.2517979 0.74820215
0.0023041097 0.99769586
0.0023041097 0.99769586
0.0027507725 0.9972492
0.0023041097 0.99769586
0.0023041097 0.99769586
0.0023041097 0.99769586
0.026920654 0.9730794
0.002933159 0.9970668
0.008054067 0.9919459
0.0023041097 0.99769586
0.0023041097 0.99769586
0.0025507205 0.9974492
0.0023041097 0.99769586
0.0023041097 0.99769586
0.01992231 0.9800776
0.0023041097 0.99769586
0.0023041097 0.99769586
0.0043545007 0.9956455
0.0026871925 0.9973127
0.0023041097 0.99769586
0.0023041097 0.99769586
0.0023041097 0.99769586
0.0023041097 0.99769586
0.006642342 0.9933576
0.0023041097 0.99769586
0.0023116725 0.9976883
0.06984498 0.93015504
0.0023331018 0.99766695
0.0025590358 0.99744093
0.0023041097 0.99769586
0.0023041097 0.99769586
0.007163121 0.9928369
0.0023041097 0.99769586
0.0023041097 0.99769586
0.009314227 0.99068576
0.0046198447 0.99538016
0.0023041097 0.99769586
0.0025365138 0.99746346
0.0023041097 0.99769586
0.0023041097 0.99769586
0.0023041097 0.99769586
0.0023041097 0.99769586
0.0023041097 0.99769586
0.0023041097 0.99769586
0.0026887562 0.99731123
0.0023041097 0.99769586
0.45319045 0.54680955
0.9771842 0.02281589
0.0027457154 0.9972543
0.0400131 0.95998687
0.516391 0.483609
0.0023041097 0.99769586
0.17284617 0.82715386
0.0025451437 0.9974548
0.0023041097 0.99769586
0.0032404065 0.9967596
0.0023041097 0.99769586
0.0062922454 0.9937078
0.0023041097 0.99769586
0.0023041097 0.99769586
0.0023041097 0.99769586
0.0023041097 0.99769586
0.0023041097 0.99769586
0.0023041097 0.99769586
0.00399356 0.9960064
0.0023041097 0.99769586
0.027033364 0.9729666
0.030804811 0.9691952
0.0023041097 0.99769586
0.0023041097 0.99769586
0.0023041097 0.99769586
0.004060487 0.9959395
0.0023041097 0.99769586
0.04392884 0.9560711
0.0061926525 0.9938074
0.0023041097 0.99769586
0.0023041097 0.99769586
0.0023041097 0.99769586
0.0023041097 0.99769586
0.0033914798 0.9966085
0.0023041097 0.99769586
0.0023041097 0.99769586
0.0023041097 0.99769586
0.0023041097 0.99769586
0.0025742203 0.99742573
0.004253296 0.9957467
0.004824142 0.99517584
0.0023041097 0.99769586
0.0023041097 0.99769586
0.0023041097 0.99769586
0.0027856445 0.9972144
0.0023041097 0.99769586
0.039636567 0.9603634
0.0023041097 0.99769586
0.0023041097 0.99769586
0.0023041097 0.99769586
0.0023041097 0.99769586
0.0023041097 0.99769586
0.0023041097 0.99769586
0.0024843107 0.9975157
0.87654823 0.12345177
0.0023041097 0.99769586
0.0023041097 0.99769586
0.018279223 0.9817208
0.061162062 0.93883795
0.0055632307 0.99443674
0.0023041097 0.99769586
0.01187476 0.9881252
0.0023041097 0.99769586
0.0023041097 0.99769586
0.0023041097 0.99769586
0.0023323135 0.9976676
0.0023041097 0.99769586
0.0048783217 0.99512166
0.0023041097 0.99769586
0.003398994 0.996601
0.0023041097 0.99769586
0.0023041097 0.99769586
0.0023041097 0.99769586
0.003705918 0.9962941
0.0023225967 0.9976774
0.05620022 0.94379985
0.0035159846 0.99648404
0.008165678 0.9918343
0.0023041097 0.99769586
0.0023041097 0.99769586
0.0023041097 0.99769586
0.0029045397 0.99709547
0.0023041097 0.99769586
0.0023041097 0.99769586
0.0023041097 0.99769586
0.0028947406 0.9971053
0.20089565 0.79910433
0.0023041097 0.99769586
0.010988803 0.98901117
0.023571327 0.9764287
0.01018526 0.98981476
0.025022881 0.9749772
0.0023097468 0.9976903
0.0023041097 0.99769586
0.016430736 0.9835692
0.0023041097 0.99769586
0.00773287 0.9922671
0.0023041097 0.99769586
0.0023041097 0.99769586
0.0032834897 0.99671644
0.0041336636 0.9958663
0.0025801333 0.99741983
0.0023041097 0.99769586
0.0023041097 0.99769586
0.0023041097 0.99769586
0.0046166684 0.9953833
0.0023041097 0.99769586
0.0032167959 0.99678314
0.009820114 0.9901799
0.0023041097 0.99769586
0.0023041097 0.99769586
0.12193091 0.87806916
0.0023041097 0.99769586
0.0023041097 0.99769586
0.0023041097 0.99769586
0.005513425 0.99448663
0.0023041097 0.99769586
0.0023041097 0.99769586
0.15355997 0.84644
0.0023041097 0.99769586
0.0023041097 0.99769586
0.0023041097 0.99769586
0.0033288717 0.99667114
0.0023602748 0.9976398
0.0023041097 0.99769586
0.0023041097 0.99769586
0.0023041097 0.99769586
0.0029781389 0.99702185
0.0023041097 0.99769586
0.002953888 0.9970462
0.010942926 0.989057
0.002331952 0.99766797
0.0023041097 0.99769586
0.0023041097 0.99769586
0.0023041097 0.99769586
0.0023041097 0.99769586
0.0033015418 0.99669844
0.0023041097 0.99769586
0.0037728641 0.99622715
0.0029640573 0.997036
0.0023041097 0.99769586
0.0023041097 0.99769586
0.0334796 0.96652037
0.0023041097 0.99769586
0.0032028458 0.99679714
0.0026616782 0.99733835
0.0027662169 0.9972338
0.0023041097 0.99769586
0.0023041097 0.99769586
0.0044348575 0.9955651
0.0023041097 0.99769586
0.0023041097 0.99769586
0.0039915503 0.9960084
0.0023041097 0.99769586
0.0023041097 0.99769586
0.0023041097 0.99769586
0.0023041097 0.99769586
0.0023041097 0.99769586
0.0023041097 0.99769586
0.05672501 0.94327503
0.0023041097 0.99769586
0.003167004 0.996833
0.16372284 0.8362772
0.0023041097 0.99769586
0.0023041097 0.99769586
0.0068774493 0.9931225
0.0023041097 0.99769586
0.003143357 0.9968566
0.0023041097 0.99769586
0.0023041097 0.99769586
0.0023041097 0.99769586
0.0023041097 0.99769586
0.0023041097 0.99769586
0.0023041097 0.99769586
0.00810013 0.99189985
0.0023041097 0.99769586
0.08475092 0.91524905
0.0023041097 0.99769586
0.0026616442 0.99733835
0.5035009 0.49649906
0.0023041097 0.99769586
0.07395033 0.92604965
0.0071437825 0.99285614
0.0023041097 0.99769586
0.0023041097 0.99769586
0.0023041097 0.99769586
0.19131115 0.8086889
0.0023041097 0.99769586
0.0023041097 0.99769586
0.0023041097 0.99769586
0.0032037443 0.9967963
0.0023041097 0.99769586
0.0023041097 0.99769586
0.003606208 0.99639374
0.0023041097 0.99769586
0.003860962 0.996139
0.0023041097 0.99769586
0.0023041097 0.99769586
0.63196707 0.36803296
0.011563806 0.9884362
0.0023041097 0.99769586
0.0023041097 0.99769586
0.0033166225 0.9966834
0.32658875 0.6734112
0.0023041097 0.99769586
0.04660819 0.95339185
0.0023041097 0.99769586
0.0023932967 0.99760664
0.0073581976 0.99264175
0.0023041097 0.99769586
0.0023041097 0.99769586
0.0023041097 0.99769586
0.0023041097 0.99769586
0.13889961 0.86110044
0.0027492426 0.99725074
0.0023041097 0.99769586
0.0023041097 0.99769586
0.014948385 0.98505163
0.0023041097 0.99769586
0.0023041097 0.99769586
0.0023041097 0.99769586
0.0023041097 0.99769586
0.0030016378 0.9969984
0.0023041097 0.99769586
0.004645068 0.9953549
0.0023041097 0.99769586
0.0023041097 0.99769586
0.0029326861 0.9970673
0.0023041097 0.99769586
0.0023041097 0.99769586
0.005386394 0.9946136
0.002447444 0.9975526
0.0023041097 0.99769586
0.0023041097 0.99769586
0.0023041097 0.99769586
0.0023041097 0.99769586
0.07500162 0.9249984
0.023261033 0.9767389
0.16473693 0.8352631
0.0023041097 0.99769586
0.0023041097 0.99769586
0.0061442596 0.9938558
0.0023041097 0.99769586
0.0023041097 0.99769586
0.0023041097 0.99769586
0.0037763729 0.99622357
0.0052052946 0.99479467
0.0023041097 0.99769586
0.0023041097 0.99769586
0.03987944 0.96012056
0.0030276089 0.9969723
0.0050252946 0.99497473
0.0071686646 0.99283135
0.0023041097 0.99769586
0.009687269 0.9903127
0.0023041097 0.99769586
0.0023041097 0.99769586
0.0023041097 0.99769586
0.0033673516 0.99663264
0.0023041097 0.99769586
0.0023041097 0.99769586
0.009575359 0.9904247
0.0023041097 0.99769586
0.003623861 0.9963761
0.0023041097 0.99769586
0.0023041097 0.99769586
0.0023041097 0.99769586
0.0030513564 0.99694866
0.0023041097 0.99769586
0.0026056054 0.9973943
0.63184166 0.36815834
0.0023041097 0.99769586
0.0023041097 0.99769586
0.0023041097 0.99769586
0.0023041097 0.99769586
0.0023041097 0.99769586
0.0023041097 0.99769586
0.0023041097 0.99769586
0.0094473725 0.99055266
0.12017834 0.8798217
0.0023041097 0.99769586
0.0023041097 0.99769586
0.0023041097 0.99769586
0.0023041097 0.99769586
0.0031295205 0.99687046
0.0023041097 0.99769586
0.0028663543 0.9971336
0.02354225 0.9764578
0.012243202 0.98775685
0.0023041097 0.99769586
0.0023041097 0.99769586
0.004798206 0.9952018
0.0023041097 0.99769586
0.0023306056 0.9976694
0.009257135 0.99074286
0.0023041097 0.99769586
0.0023041097 0.99769586
0.0023041097 0.99769586
0.0023041097 0.99769586
0.01551695 0.98448306
0.011306152 0.9886939
0.0026622557 0.99733776
0.01949191 0.98050815
0.0023041097 0.99769586
0.0033705423 0.9966294
0.0023041097 0.99769586
0.0072562005 0.99274385
0.0023041097 0.99769586
0.0023041097 0.99769586
0.08427296 0.915727
0.0023041097 0.99769586
0.003619004 0.996381
0.0023494724 0.99765056
0.0023041097 0.99769586
0.0023041097 0.99769586
0.13558161 0.8644184
0.002778971 0.997221
0.0023041097 0.99769586
0.0023041097 0.99769586
0.0023041097 0.99769586
0.0023041097 0.99769586
0.0023115813 0.9976884
0.0029872651 0.99701273
0.002347737 0.99765223
0.0023041097 0.99769586
0.0023041097 0.99769586
0.0023041097 0.99769586
0.0023041097 0.99769586
0.0023041097 0.99769586
0.004581528 0.9954184
0.0023041097 0.99769586
0.0023041097 0.99769586
0.0029739027 0.99702615
0.0023041097 0.99769586
0.0023041097 0.99769586
0.0023041097 0.99769586
0.00941959 0.9905804
0.0023041097 0.99769586
0.0023041097 0.99769586
0.003436998 0.996563
0.0023041097 0.99769586
0.0023041097 0.99769586
0.0023041097 0.99769586
0.0034840119 0.996516
0.0034314916 0.99656844
0.0023041097 0.99769586
0.002349696 0.9976503
0.0061934777 0.9938066
0.0066724727 0.9933275
0.0023041097 0.99769586
0.0025895995 0.99741036
0.0023041097 0.99769586
0.0023041097 0.99769586
0.0023041097 0.99769586
0.0023041097 0.99769586
0.0023041097 0.99769586
0.0023041097 0.99769586
0.117009185 0.88299084
0.005309472 0.9946905
0.5103531 0.4896469
0.0023041097 0.99769586
0.0023041097 0.99769586
0.0023041097 0.99769586
0.0023041097 0.99769586
0.0023041097 0.99769586
0.0023041097 0.99769586
0.011417376 0.9885826
0.0023041097 0.99769586
0.0023041097 0.99769586
0.027967177 0.9720328
0.0023041097 0.99769586
0.035135016 0.964865
0.0023041097 0.99769586
0.0023041097 0.99769586
0.0023041097 0.99769586
0.0030238763 0.99697614
0.012003685 0.9879963
0.0023041097 0.99769586
0.0023041097 0.99769586
0.0023041097 0.99769586
0.0023041097 0.99769586
0.0023041097 0.99769586
0.0023041097 0.99769586
0.0023041097 0.99769586
0.02786471 0.9721353
0.0023041097 0.99769586
0.0023041097 0.99769586
0.0023041097 0.99769586
0.010811276 0.9891887
0.035928108 0.96407187
0.0023041097 0.99769586
0.0023041097 0.99769586
0.0026274356 0.9973725
0.0023041097 0.99769586
0.0023041097 0.99769586
0.005140762 0.9948592
0.03581928 0.96418065
0.0023041097 0.99769586
0.0055911867 0.9944088
0.0023041097 0.99769586
0.0023041097 0.99769586
0.0023041097 0.99769586
0.0023041097 0.99769586
0.0023041097 0.99769586
0.043212403 0.9567875
0.008893835 0.9911062
0.0058875117 0.99411243
0.0023041097 0.99769586
0.0023041097 0.99769586
0.0023041097 0.99769586
0.0023041097 0.99769586
0.0023041097 0.99769586
0.0023041097 0.99769586
0.0026265273 0.99737346
0.0023041097 0.99769586
0.011456046 0.9885439
0.0023041097 0.99769586
0.004345773 0.9956542
0.0023041097 0.99769586
0.0023041097 0.99769586
0.0023041097 0.99769586
0.0023041097 0.99769586
0.0029698967 0.99703
0.0023041097 0.99769586
0.05389248 0.94610745
0.0023041097 0.99769586
0.0032897552 0.9967102
0.0023041097 0.99769586
0.0023041097 0.99769586
0.007153198 0.9928468
0.0023041097 0.99769586
0.0295606 0.9704394
0.0023041097 0.99769586
0.0023041097 0.99769586
0.0023041097 0.99769586
0.100054905 0.89994514
0.0023041097 0.99769586
0.0023041097 0.99769586
0.0023041097 0.99769586
0.0023041097 0.99769586
0.058453307 0.94154674
0.0041559106 0.99584407
0.0026608862 0.99733907
0.009909023 0.99009097
0.0023041097 0.99769586
0.0023041097 0.99769586
0.0023041097 0.99769586
0.0023041097 0.99769586
0.0023041097 0.99769586
0.0023041097 0.99769586
0.010047217 0.98995274
0.0023041097 0.99769586
0.0023041097 0.99769586
0.0023360883 0.997664
0.011292046 0.988708
0.0023041097 0.99769586
0.00601101 0.993989
0.0023041097 0.99769586
0.0023041097 0.99769586
0.025670458 0.97432953
0.0067635532 0.9932365
0.5108813 0.48911864
0.008837041 0.991163
0.18712182 0.8128782
0.0023041097 0.99769586
0.0037453156 0.9962547
0.0023041097 0.99769586
0.0023041097 0.99769586
0.0023041097 0.99769586
0.0023041097 0.99769586
0.0023041097 0.99769586
0.0111877015 0.9888123
0.0023041097 0.99769586
0.0023041097 0.99769586
0.0023041097 0.99769586
0.008287913 0.9917121
0.0023041097 0.99769586
0.0023041097 0.99769586
0.0023936282 0.9976064
0.03307999 0.96691996
0.0023041097 0.99769586
0.0023041097 0.99769586
1.0 5.2719353e-11
1.0 6.569147e-10
0.9999957 4.3293117e-06
1.0 2.5734258e-19
1.0 8.6666113e-10
0.99999964 3.0489156e-07
0.9995627 0.00043728144
1.0 2.4003503e-14
0.99847275 0.0015272233
0.99999475 5.2093487e-06
0.9999865 1.3496277e-05
1.0 7.333941e-20
0.99833363 0.0016663283
1.0 3.2529586e-16
1.0 2.1654714e-08
0.999982 1.8002189e-05
1.0 1.1413562e-08
1.0 1.2038796e-10
0.9999974 2.592581e-06
0.99938023 0.0006197589
0.78183216 0.21816781
1.0 9.201682e-09
1.0 1.6211104e-17
0.999997 2.9262246e-06
1.0 2.04257e-11
0.99998426 1.576086e-05
1.0 2.7901755e-14
0.99999774 2.2679724e-06
0.9809606 0.019039419
0.999998 2.0680538e-06
1.0 2.6268741e-13
1.0 1.4620569e-12
0.99961936 0.00038062295
0.9999999 1.2435605e-07
0.99999917 7.991466e-07
1.0 2.1834045e-12
1.0 4.13536e-08
1.0 8.05229e-15
0.9999633 3.670319e-05
1.0 1.0289741e-08
1.0 3.158172e-16
0.99998677 1.3258761e-05
0.99999976 2.0306442e-07
1.0 4.271891e-08
0.9999999 1.1403578e-07
1.0 4.1275128e-15
1.0 1.0949088e-31
0.99999154 8.495396e-06
1.0 9.609242e-16
1.0 6.8363113e-16
1.0 3.4746803e-15
1.0 5.2526516e-12
0.99999225 7.791888e-06
0.99999964 3.304858e-07
1.0 5.8683773e-09
0.99999964 4.0864188e-07
1.0 2.0193422e-08
0.99999285 7.19056e-06
1.0 6.218852e-11
1.0 1.1511633e-09
1.0 9.972133e-20
1.0 7.5696073e-19
1.0 8.449974e-14
0.9954454 0.0045546023
0.99998677 1.3285367e-05
1.0 9.444094e-12
1.0 3.3346121e-09
1.0 1.092608e-08
0.7272448 0.27275524
0.9903014 0.009698667
0.99999475 5.257917e-06
0.9998097 0.00019030897
0.99976784 0.00023216849
0.9983658 0.0016341318
1.0 1.819752e-10
1.0 1.3652115e-12
0.99999166 8.387827e-06
1.0 7.077184e-20
0.99902344 0.0009765504
1.0 1.3067147e-13
1.0 7.56608e-09
1.0 3.3746318e-14
1.0 5.6527326e-16
0.9999987 1.3289053e-06
0.9980394 0.0019606368
1.0 3.707196e-08
1.0 3.7843153e-13
0.99999976 1.9302989e-07
1.0 1.4371211e-12
1.0 2.4186358e-11
0.9987226 0.0012773947
1.0 2.8477711e-09
1.0 2.0944599e-08
0.9998616 0.00013840194
0.99962115 0.00037879744
1.0 5.7169425e-09
1.0 1.2544047e-16
1.0 8.0983953e-10
0.72103155 0.2789684
1.0 9.602504e-15
0.99782866 0.0021713017
1.0 1.552109e-20
0.99999774 2.2290492e-06
0.9999815 1.8465471e-05
0.97095686 0.029043125
0.9999987 1.2602201e-06
0.9999999 1.5176673e-07
1.0 9.401186e-25
0.999974 2.6019341e-05
1.0 2.1343745e-10
0.9863543 0.013645637
0.9999951 4.9223117e-06
1.0 7.0989145e-15
0.99995744 4.2588337e-05
0.9998995 0.00010045157
0.99980026 0.00019972361
1.0 7.72804e-11
1.0 3.6780493e-13
1.0 1.0799447e-08
1.0 2.032314e-15
1.0 3.9563886e-08
0.97402054 0.025979428
0.9812005 0.018799456
0.9999354 6.454898e-05
1.0 3.0144012e-15
0.9999999 6.272133e-08
1.0 5.3900656e-10
1.0 5.1584095e-16
0.99973756 0.00026242615
0.99999917 7.7650765e-07
0.98878 0.0112200305
1.0 5.5306265e-10
1.0 4.3162715e-13
1.0 3.638467e-20
1.0 2.0496429e-17
1.0 6.758433e-12
0.6190115 0.38098845
0.9999994 6.49345e-07
1.0 9.84544e-11
1.0 2.8363236e-12
0.9999999 8.3777984e-08
0.99987483 0.0001252041
0.9999664 3.3558557e-05
0.99998915 1.08095155e-05
0.9999994 5.428544e-07
0.9999963 3.7351574e-06
0.9999999 1.2171921e-07
1.0 7.8439635e-18
1.0 1.02718506e-13
0.9999999 1.449463e-07
0.99999976 1.8490319e-07
1.0 1.4500375e-08
0.90910274 0.09089726
1.0 1.2783535e-19
1.0 4.48564e-15
0.9999902 9.775126e-06
1.0 2.3178405e-10
0.9999671 3.2885564e-05
1.0 3.0148757e-13
0.9930159 0.0069841337
1.0 2.4771086e-17
1.0 9.547235e-24
1.0 2.020315e-10
1.0 3.915887e-11
1.0 2.8557576e-08
1.0 1.7789202e-10
0.99685127 0.0031488012
0.9951416 0.004858339
0.99996364 3.638619e-05
0.99125063 0.00874944
0.9415327 0.05846732
1.0 4.9087145e-13
0.9999862 1.3840803e-05
0.9996369 0.00036304834
0.99687165 0.003128371
0.9999094 9.064944e-05
1.0 4.4530037e-17
1.0 7.614452e-12
0.99926955 0.0007304445
1.0 1.4177256e-12
0.9999994 5.774959e-07
1.0 1.5274473e-10
1.0 1.3560507e-08
1.0 3.9412566e-12
0.99853635 0.0014635997
0.9999999 1.099761e-07
0.988897 0.011102945
0.9988121 0.0011879938
1.0 2.8134879e-09
1.0 1.779518e-17
1.0 9.613436e-13
1.0 2.112676e-15
0.99999905 9.953349e-07
0.9999902 9.824827e-06
1.0 1.1921709e-18
1.0 9.696124e-12
1.0 1.8286985e-09
1.0 1.5337541e-24
0.999998 2.076843e-06
1.0 7.177102e-19
1.0 4.8711707e-18
0.85173625 0.14826378
1.0 2.1164402e-10
1.0 3.670944e-16
1.0 2.0755344e-08
0.8773612 0.122638784
0.96567166 0.034328327
0.99995077 4.9221617e-05
1.0 4.3738152e-11
0.99999976 2.3687015e-07
1.0 3.311839e-12
0.99999976 2.8652437e-07
0.99999475 5.227344e-06
1.0 2.7525995e-09
0.9999951 4.869737e-06
1.0 1.2028381e-13
0.99999964 3.0956417e-07
0.69938844 0.30061147
0.99901783 0.0009821338
0.99999964 3.9356465e-07
1.0 7.432986e-12
1.0 2.0869072e-08
1.0 2.3565737e-14
0.9998826 0.00011742459
1.0 6.7420266e-13
0.9999981 1.8631729e-06
1.0 1.2980653e-09
0.9999987 1.3037937e-06
0.99962056 0.00037938257
1.0 3.0390027e-13
0.2751972 0.7248028
0.9999999 1.3274193e-07
0.999585 0.00041505756
1.0 1.03219086e-10
0.99991786 8.2070925e-05
1.0 3.2701648e-09
0.9998423 0.00015772716
0.9999976 2.357016e-06
1.0 8.739387e-13
1.0 2.3944309e-16
1.0 7.1540022e-12
1.0 2.901462e-10
1.0 7.4334955e-16
0.9813456 0.01865439
0.9999957 4.309017e-06
1.0 4.3682523e-12
1.0 3.0201697e-10
0.99999416 5.8745563e-06
0.9999236 7.64342e-05
0.99999964 3.5436005e-07
1.0 1.4337147e-09
0.9999994 6.416483e-07
1.0 1.2123379e-15
0.9996326 0.00036733501
0.9999994 5.968586e-07
1.0 1.2227097e-10
0.9999896 1.0357544e-05
0.19329143 0.8067085
1.0 2.5803808e-15
0.99916005 0.00083998445
1.0 2.946468e-25
1.0 1.9923512e-12
0.99999964 3.926581e-07
1.0 6.981323e-09
1.0 4.3520583e-09
1.0 1.9780302e-09
1.0 6.61544e-26
0.9999999 6.494205e-08
0.9764534 0.023546534
0.99874085 0.0012592258
0.9999987 1.2877699e-06
0.9999999 8.64613e-08
0.99999785 2.1344802e-06
1.0 4.5340554e-13
0.9980901 0.001909905
0.9999999 7.326519e-08
0.9990357 0.0009642793
0.99988043 0.000119501674
0.98945516 0.010544765
1.0 2.386333e-09
0.9999999 1.14328266e-07
1.0 7.6709945e-09
0.99999833 1.6470948e-06
0.99995375 4.6289246e-05
1.0 1.7344329e-18
0.9999497 5.0335413e-05
0.9999993 6.887249e-07
1.0 2.639517e-12
1.0 1.5887142e-15
1.0 2.2857803e-12
1.0 2.9101608e-12
1.0 2.7680234e-18
0.9999813 1.8737768e-05
1.0 1.7203728e-16
1.0 1.5712322e-08
1.0 4.6179538e-10
1.0 1.1461647e-11
0.9999987 1.3052854e-06
0.99999976 1.9895475e-07
1.0 2.7131345e-14
0.91789865 0.0821013
1.0 3.0968799e-09
0.9999895 1.0516336e-05
1.0 4.4152573e-10
0.99845886 0.0015411724
0.9999999 1.04587045e-07
1.0 9.050503e-14
1.0 2.0700505e-12
1.0 1.7272626e-14
0.99998546 1.4583145e-05
1.0 8.6822287e-14
0.98095095 0.019049
0.9999201 7.9911784e-05
1.0 1.9260375e-10
1.0 5.176864e-11
1.0 7.059742e-19
0.99948967 0.00051036273
1.0 3.433343e-10
0.9472611 0.052738935
0.9999895 1.04539195e-05
1.0 2.9179201e-08
0.99982065 0.00017933053
1.0 1.5211674e-25
0.9968792 0.0031207902
0.99998796 1.20084e-05
1.0 4.8986816e-08
0.9999976 2.3467926e-06
0.9999999 6.279578e-08
1.0 8.365931e-09
1.0 2.7897767e-10
1.0 3.6385298e-16
0.9999994 6.043356e-07
1.0 4.3335724e-23
0.99999666 3.2804699e-06
0.037331454 0.96266854
1.0 4.623297e-09
0.9998124 0.00018764744
1.0 7.017277e-16
0.9999757 2.434083e-05
0.9999697 3.0330571e-05
0.99999857 1.4104914e-06
0.9209858 0.079014115
1.0 5.7518797e-08
1.0 8.023282e-12
0.9999999 8.294436e-08
1.0 6.985261e-14
1.0 1.6347729e-09
0.9999783 2.1685772e-05
1.0 3.990721e-08
1.0 1.1141584e-18
0.99847156 0.0015284598
0.9999008 9.9162186e-05
1.0 3.9574563e-10
0.9999988 1.2470026e-06
1.0 1.0654914e-12
1.0 3.22405e-09
0.99978286 0.00021716228
1.0 1.6264663e-12
0.9999924 7.597415e-06
0.99999845 1.6024626e-06
1.0 6.5376427e-19
0.9838885 0.016111458
1.0 1.7668231e-08
1.0 2.2928584e-12
1.0 5.9064274e-11
1.0 5.515912e-09
1.0 8.253542e-13
1.0 1.8277848e-09
0.9910619 0.0089380555
1.0 4.185669e-09
0.9999994 5.393562e-07
1.0 2.791971e-09
1.0 6.2368506e-14
1.0 4.0896837e-20
0.99998844 1.1519211e-05
0.54810905 0.45189095
1.0 1.5787269e-16
1.0 2.298104e-08
1.0 6.4897996e-15
1.0 1.6404715e-15
0.9999963 3.670473e-06
0.9999999 9.8306295e-08
1.0 3.23209e-17
0.9999994 5.6676424e-07
1.0 5.9212777e-09
0.9992725 0.00072752126
1.0 4.4909292e-08
1.0 0.0
0.9859389 0.014061102
0.99999964 3.3431482e-07
1.0 6.1622e-11
0.9999976 2.348595e-06
0.99999666 3.302783e-06
1.0 2.4028925e-14
0.9981263 0.0018736878
0.9895391 0.0104608685
1.0 2.7744633e-13
0.9999963 3.7157872e-06
1.0 1.3474768e-21
1.0 2.235441e-17
0.96758634 0.03241368
0.9999999 9.800114e-08
1.0 1.906317e-13
0.9999988 1.1546414e-06
1.0 4.2449733e-12
0.99998057 1.9391902e-05
1.0 2.3086984e-10
1.0 7.081266e-19
1.0 3.922566e-13
0.99961036 0.00038966312
1.0 1.1370721e-14
0.9999976 2.3562045e-06
0.9999881 1.1882621e-05
0.99871826 0.0012818152
1.0 5.1244627e-11
0.9999989 1.0956966e-06
1.0 3.243942e-13
0.75990033 0.24009973
0.99999654 3.4260052e-06
0.999987 1.3017503e-05
0.9998932 0.00010683804
0.99559927 0.0044007
0.99801874 0.001981292
0.9991365 0.00086350663
0.9535206 0.04647939
0.9999181 8.1868166e-05
1.0 3.5606372e-11
0.9997868 0.00021324022
1.0 2.0596602e-09
1.0 2.7799848e-08
1.0 7.621985e-14
0.9999999 9.012614e-08
1.0 1.910383e-24
0.9991684 0.0008315876
0.85921174 0.1407882
0.13558161 0.8644184
1.0 9.583536e-10
1.0 4.7769613e-15
0.99999964 3.126465e-07
1.0 1.2343972e-15
0.9999999 1.2144545e-07
0.9989034 0.0010965404
0.9999993 6.687834e-07
1.0 1.7961516e-10
1.0 1.0171567e-12
1.0 4.37904e-15
1.0 5.526646e-08
0.9999974 2.5701052e-06
0.9999963 3.6588422e-06
0.9999987 1.3092075e-06
1.0 5.0014594e-15
1.0 4.9090776e-10
0.9999988 1.1605554e-06
1.0 8.733538e-13
1.0 1.3524285e-13
0.9999994 6.007407e-07
0.99999964 3.1515302e-07
1.0 4.226819e-12
1.0 3.7809773e-08
1.0 1.40638186e-08
0.9990299 0.0009701785
1.0 7.755933e-15
1.0 2.9813288e-15
0.99991 8.99964e-05
1.0 6.6148917e-09
1.0 8.411538e-15
0.99999976 2.0948758e-07
1.0 9.834647e-15
0.9961708 0.0038291807
1.0 4.0072155e-21
0.9998313 0.0001687113
1.0 5.4705434e-17
0.99999714 2.8905947e-06
0.9999982 1.7712385e-06
0.9999994 5.695395e-07
0.9999999 1.6250284e-07
1.0 3.2342107e-10
0.9999931 6.917068e-06
1.0 1.8646057e-17
1.0 6.6527154e-19
1.0 8.1970953e-13
0.999992 7.964632e-06
0.99920434 0.0007957091
1.0 8.161285e-11
0.99994004 5.990506e-05
0.999577 0.00042307295
1.0 1.4065481e-12
1.0 3.4202936e-12
0.9502464 0.04975363
0.99975985 0.00024015787
0.9999896 1.0370521e-05
0.99999845 1.5626956e-06
1.0 1.6794951e-16
1.0 3.4969656e-08
1.0 1.3665453e-16
1.0 3.373805e-12
0.9502528 0.049747203
0.8619201 0.13807996
0.99999356 6.397147e-06
0.99999845 1.5028927e-06
1.0 1.6554617e-11
0.9999982 1.7777369e-06
0.979704 0.020295933
0.99967384 0.00032615988
1.0 2.225453e-16
1.0 4.1823673e-23
1.0 1.8579883e-17
1.0 2.33588e-15
1.0 1.4141885e-11
1.0 9.5220225e-14
0.9999995 4.8560196e-07
1.0 4.607469e-09
0.99989843 0.00010155592
1.0 2.4776067e-08
0.9929884 0.0070115626
1.0 9.6742594e-18
0.9999778 2.2207118e-05
0.854897 0.14510298
1.0 7.58161e-09
1.0 3.1287803e-09
0.99998724 1.2710646e-05
0.99393433 0.006065626
0.9997602 0.00023981351
0.18330479 0.8166952
1.0 7.458845e-09
0.9999994 6.096903e-07
1.0 3.180104e-11
1.0 3.5988815e-10
0.9999999 1.2298605e-07
0.9999981 1.9248625e-06
1.0 9.961649e-18
1.0 1.0474231e-12
1.0 2.9740294e-12
0.9999387 6.128706e-05
0.9993537 0.0006462864
0.99998903 1.0943089e-05
1.0 1.7158819e-10
1.0 3.6621334e-08
1.0 6.5283273e-10
0.99996793 3.200744e-05
0.032365683 0.9676344
0.99999654 3.4851746e-06
1.0 6.756635e-10
1.0 9.236463e-09
0.9999989 1.1322752e-06
1.0 2.0328347e-14
0.99975234 0.00024771164
0.9999988 1.1777167e-06
0.99999297 7.072354e-06
0.9999869 1.3078624e-05
0.99997914 2.0802183e-05
0.97227454 0.027725438
1.0 1.1384638e-13
0.99999976 2.0892675e-07
1.0 2.0292283e-10
0.9999987 1.3405153e-06
1.0 1.2823569e-14
1.0 6.822248e-11
0.9991136 0.0008864247
1.0 5.036663e-10
0.9999982 1.752793e-06
1.0 3.144725e-09
1.0 6.347473e-15
1.0 4.834327e-09
0.9999478 5.2220883e-05
1.0 8.512275e-09
0.9934197 0.006580314
0.9999907 9.356619e-06
0.9999918 8.278683e-06
0.9826418 0.017358152
1.0 1.2341294e-14
1.0 5.418986e-08
1.0 4.6377366e-13
0.9997414 0.0002585807
1.0 1.548299e-37
0.97606134 0.023938626
0.999998 1.9958334e-06
0.9999999 6.77662e-08
0.99511445 0.0048855846
0.98841745 0.011582548
1.0 9.769894e-09
1.0 5.990641e-13
1.0 7.3771745e-14
0.9997068 0.00029321652
1.0 1.0126951e-15
0.99999857 1.4069661e-06
0.99999845 1.5069169e-06
0.99996805 3.1939417e-05
0.9999895 1.0538222e-05
1.0 1.3142034e-09
1.0 2.2901934e-11
1.0 6.615245e-09
0.9999999 7.375564e-08
1.0 2.1653268e-08
0.9999466 5.3437387e-05
1.0 1.8074705e-19
1.0 5.1110203e-19
1.0 1.0341452e-11
0.9993993 0.0006007397
1.0 1.204161e-08
0.9997056 0.00029432282
0.99996936 3.059481e-05
1.0 7.073445e-09
0.9999659 3.4127082e-05
0.99999964 3.1819053e-07
1.0 5.8019465e-16
0.99999976 1.8873826e-07
0.8759066 0.12409345
1.0 8.4775794e-14
0.9989642 0.0010358593
0.9999999 1.5908824e-07
0.9999995 4.936133e-07
1.0 8.479133e-10
0.9999999 1.6432432e-07
0.9996393 0.0003607348
1.0 8.0315266e-10
0.99999523 4.7932795e-06
0.9999995 4.5677024e-07
1.0 1.0074651e-10
1.0 4.0997794e-10
0.99999034 9.703645e-06
0.99999464 5.4080124e-06
0.9990607 0.0009393056
1.0 4.4233566e-18
1.0 2.679415e-17
0.9981427 0.0018573225
1.0 9.836393e-11
0.99998033 1.963722e-05
0.9998578 0.00014220102
1.0 2.677515e-09
1.0 6.0210056e-14
0.99999917 8.178662e-07
0.9993709 0.0006291617
1.0 2.390209e-13
1.0 1.09402695e-10
1.0 5.7990657e-10
1.0 1.1362216e-15
0.9999987 1.2956292e-06
0.9999999 1.2189474e-07
0.9999987 1.3259115e-06
1.0 3.5372622e-08
1.0 1.637217e-08
1.0 6.288682e-10
1.0 2.0072086e-11
1.0 6.0775307e-10
0.99999833 1.637283e-06
0.9204282 0.07957176
0.99999976 2.1116062e-07
1.0 1.0094743e-08
1.0 7.835449e-12
0.9997576 0.0002423696
1.0 2.234775e-33
0.9999995 4.6547726e-07
1.0 2.6078832e-21
0.99996865 3.133066e-05
0.89306843 0.10693151
0.9999999 9.297038e-08
1.0 2.1500686e-10
1.0 6.7644788e-09
1.0 1.9673738e-17
1.0 2.2090361e-16
0.9963568 0.003643168
1.0 5.1816304e-13
1.0 1.05815605e-08
0.9998246 0.00017547398
0.99817336 0.0018266288
0.9999982 1.8222739e-06
0.99999976 2.0591081e-07
0.99998677 1.3198709e-05
1.0 2.1142437e-19
0.999818 0.00018203427
1.0 1.488262e-09
1.0 4.9057616e-11
1.0 7.390184e-11
0.9979273 0.0020726486
0.9999994 5.9490947e-07
0.86888295 0.131117
0.999899 0.0001009643
1.0 5.5489264e-14
0.99997103 2.9009318e-05
1.0 3.3910686e-16
1.0 2.9379619e-09
0.9999882 1.1765037e-05
1.0 5.6295764e-09
0.9999939 6.0455736e-06
0.8727848 0.12721516
0.9999999 8.5525734e-08
1.0 9.782288e-14
0.999997 2.989117e-06
1.0 1.10507705e-14
1.0 1.1719641e-09
1.0 3.1435938e-15
1.0 2.6516831e-12
1.0 1.0305882e-20
1.0 7.2046378e-09
0.9996264 0.00037353608
0.9992859 0.0007141216
1.0 1.0895174e-16
1.0 6.6859963e-18
0.99768686 0.0023131666
0.99999964 3.3879348e-07
0.99999726 2.7335311e-06
0.9999958 4.165699e-06
1.0 9.8029296e-21
0.99995744 4.2528143e-05
0.99999976 2.7268243e-07
1.0 5.3094e-16
1.0 2.4515641e-12
0.99975663 0.00024333513
1.0 4.0096875e-16
1.0 1.9045944e-13
1.0 4.002222e-20
1.0 2.5650835e-09
1.0 7.830354e-12
0.9998042 0.00019584381
0.98390895 0.01609104
1.0 6.3393247e-13
1.0 2.799057e-13
0.5531063 0.4468937
1.0 2.5525014e-13
1.0 1.0733564e-20
1.0 7.7125195e-11
1.0 3.0519523e-08
1.0 9.624508e-15
0.99998677 1.3271893e-05
1.0 3.8407084e-16
1.0 4.0258506e-08
0.98615175 0.013848259
1.0 1.0113445e-14
1.0 9.923736e-15
0.9999999 6.359371e-08
0.9999976 2.4420615e-06
1.0 5.698805e-09
0.99979025 0.00020973044
0.9160943 0.083905704
1.0 1.8438579e-08
1.0 7.3970456e-09
1.0 1.2969659e-10
1.0 1.4797505e-09
1.0 6.625886e-14
1.0 8.064519e-09
1.0 3.3923736e-17
0.9695272 0.03047286
1.0 7.455896e-14
0.99848664 0.0015133793
1.0 1.4374563e-11
0.9995704 0.00042957175
0.9999951 4.843416e-06
0.9999473 5.2675223e-05
0.99980646 0.0001935554
0.99887544 0.0011245785
1.0 1.0722736e-17
1.0 2.7277338e-08
1.0 1.7660675e-09
1.0 1.11399755e-17
0.9930138 0.006986271
1.0 3.3039432e-10
1.0 2.0527973e-16
1.0 1.3685318e-10
0.9999901 9.94062e-06
1.0 1.6291137e-17
0.9999999 1.7680341e-07
0.9215836 0.07841642
0.99996734 3.260632e-05
0.99997616 2.378565e-05
0.9914505 0.008549531
0.9999999 1.16212426e-07
1.0 8.223635e-14
0.9999964 3.5533133e-06
1.0 7.973119e-09
1.0 1.4416246e-18
1.0 1.6423902e-08
1.0 2.2438406e-16
0.9999988 1.2491761e-06
0.998178 0.0018220502
0.9997489 0.00025116786
1.0 1.448698e-10
0.99999905 9.898757e-07
0.99999905 9.871268e-07
1.0 4.623105e-08
1.0 1.7974931e-27
1.0 1.466663e-19
1.0 5.916652e-23
0.9999845 1.5449092e-05
0.999853 0.00014695105
1.0 1.7260187e-13
1.0 5.362211e-08
0.99999833 1.7012163e-06
0.9310039 0.06899611
1.0 4.6903302e-20
1.0 6.1100875e-21
1.0 1.263772e-14
0.9999795 2.0497073e-05
1.0 3.3266247e-14
0.9999865 1.3426387e-05
0.9999976 2.3666496e-06
0.9999999 7.7604284e-08
0.99999917 8.399349e-07
0.9999987 1.2900563e-06
0.99996746 3.2581866e-05
0.44406277 0.5559373
0.99999774 2.3042678e-06
0.8963387 0.10366131
0.99999976 1.8274116e-07
1.0 9.647764e-10
0.9999999 1.6934969e-07
1.0 3.388898e-15
1.0 6.353345e-27
1.0 6.50745e-15
1.0 3.5807215e-11
1.0 2.731504e-11
0.9999597 4.028129e-05
0.9995943 0.00040575865
1.0 5.859441e-09
0.9987367 0.0012633264
1.0 1.251683e-19
0.99999857 1.4153206e-06
1.0 1.238576e-08
0.88015187 0.11984805
1.0 1.9790446e-21
1.0 8.8634214e-18
0.99998593 1.4021082e-05
1.0 1.1402661e-19
1.0 7.03568e-19
1.0 3.5547305e-09
0.99994874 5.1239225e-05
1.0 5.4131695e-12
1.0 1.8132686e-11
1.0 7.2032243e-16
1.0 1.8729578e-09
0.99999833 1.6781767e-06
1.0 5.7462437e-08
0.99999595 4.0567634e-06
0.9321 0.06790003
1.0 1.867323e-19
0.99799985 0.0020000925
0.9999087 9.133021e-05
0.82220834 0.17779163
0.99379116 0.0062088077
0.9999989 1.1216481e-06
1.0 3.1720304e-10
1.0 3.845406e-09
1.0 6.903696e-14
1.0 9.96166e-16
1.0 2.5538324e-23
0.99849117 0.00150881
0.9999732 2.6872951e-05
1.0 4.7049795e-09
1.0 4.1652133e-11
1.0 3.505923e-11
1.0 1.1357646e-11
1.0 1.0589245e-17
0.9999943 5.695434e-06
1.0 1.8632712e-11
0.99999905 9.575091e-07
1.0 2.4460935e-09
1.0 2.7585014e-13
0.99845695 0.0015430623
0.999938 6.201347e-05
0.9999869 1.3089979e-05
0.9988226 0.0011773844
1.0 6.399182e-16
0.9891712 0.010828813
0.9917235 0.008276575
0.9999988 1.217916e-06
0.99999714 2.8712964e-06
1.0 8.197451e-14
1.0 2.1991322e-23
1.0 6.019205e-17
1.0 6.852726e-11
0.99999857 1.4431707e-06
0.9993048 0.0006952072
0.9493604 0.050639614
0.9205567 0.079443306
0.99999917 8.403916e-07
0.9999938 6.2544086e-06
0.9903048 0.009695144
1.0 4.953101e-11
1.0 3.449956e-11
1.0 8.082982e-13
0.9999962 3.8649496e-06
0.99999774 2.3085393e-06
0.9990414 0.00095861184
0.99999654 3.4136608e-06
0.99999964 3.584848e-07
0.9999993 7.238669e-07
1.0 4.5356344e-11
1.0 1.2208941e-18
0.99999726 2.7607934e-06
0.9999989 1.043079e-06
0.99999976 1.7894652e-07
0.99997663 2.3414263e-05
0.99980766 0.00019236575
0.9999989 1.0189063e-06
1.0 2.6017396e-08
1.0 6.408506e-11
1.0 4.956339e-20
0.9999989 1.0832753e-06
0.9994894 0.0005105179
0.99999833 1.6759423e-06
1.0 1.1586424e-08
1.0 1.3368407e-24
1.0 1.169072e-18
1.0 1.9004266e-15
0.9992211 0.0007789563
1.0 7.8196943e-13
1.0 4.992461e-08
1.0 6.602683e-26
1.0 8.733375e-16
1.0 1.5466808e-08
1.0 2.8053733e-14
0.9235469 0.07645303
0.37611088 0.62388915
1.0 1.5742863e-19
1.0 4.4555635e-12
0.9999993 7.054342e-07
0.9999995 5.239854e-07
1.0 4.8776894e-10
1.0 3.6927148e-08
0.99999905 9.824629e-07
0.9994821 0.00051795976
0.99999785 2.1307949e-06
1.0 1.885973e-10
0.99996257 3.7474816e-05
0.9999368 6.318429e-05
0.92366415 0.076335855
1.0 8.2836106e-11
0.9997011 0.0002989059
0.99876547 0.0012345079
0.99322164 0.0067783813
1.0 1.1224625e-10
0.9999894 1.0550842e-05
1.0 1.5092858e-11
1.0 4.7435745e-12
1.0 2.388569e-20
1.0 1.5290051e-16
1.0 3.040908e-22
1.0 5.3188142e-28
1.0 2.9656935e-18
0.99961275 0.00038732917
1.0 3.0795136e-14
0.9999989 1.0808575e-06
0.6079966 0.39200342
0.9993963 0.000603613
0.99029994 0.009700003
1.0 5.155742e-13
1.0 1.0296883e-20
1.0 4.6891692e-08
0.9996891 0.00031086497
0.99981564 0.00018432825
0.99999845 1.5327275e-06
0.99999976 2.5177235e-07
1.0 1.385423e-12
0.99976677 0.0002332566
1.0 3.9686853e-08
0.9983833 0.0016166822
1.0 1.8086084e-19
1.0 2.5413812e-17
1.0 1.1110228e-09
1.0 1.5573178e-14
1.0 1.6426572e-11
1.0 2.5260802e-10
0.6989908 0.30100918
1.0 1.5969323e-11
0.9999417 5.832524e-05
0.9999685 3.1463573e-05
0.9152445 0.08475547
1.0 3.388976e-11
0.999383 0.0006169942
1.0 1.1605818e-16
0.9999999 7.6165435e-08
0.99868554 0.001314429
0.9124405 0.08755956
0.9999999 1.4260333e-07
0.99996126 3.8764734e-05
0.9999999 1.6904521e-07
0.99196374 0.00803627
1.0 2.106781e-11
1.0 1.2655885e-10
1.0 2.425022e-09
0.99999976 2.252933e-07
1.0 3.8101096e-15
0.99999976 2.7257062e-07
1.0 4.3118937e-13
0.9996735 0.00032654128
0.99969244 0.00030757443
1.0 1.3457658e-29
1.0 3.0675048e-12
1.0 7.535145e-13
0.99999976 2.7258804e-07
1.0 1.7437851e-09
0.9994861 0.00051387126
0.9938689 0.0061310944
1.0 7.0084126e-11
1.0 1.7387048e-19
0.9995376 0.00046242875
1.0 2.6478979e-08
0.9999958 4.1585067e-06
1.0 8.592518e-12
1.0 5.787574e-10
0.99648076 0.0035192322
1.0 1.4015221e-11
1.0 1.0095739e-09
1.0 9.057866e-09
1.0 1.355388e-09
0.99999976 2.5722264e-07
0.60236496 0.39763498
1.0 9.708398e-11
0.99999356 6.4104183e-06
0.99174786 0.008252161
0.9998876 0.00011238221
1.0 6.608477e-19
0.9992706 0.00072941015
1.0 1.1670855e-13
1.0 2.645359e-19
1.0 4.488779e-12
1.0 1.5692096e-13
1.0 2.400321e-08
0.9999988 1.1505688e-06
0.07635948 0.92364055
0.9999957 4.261863e-06
0.99999976 2.4032903e-07
1.0 4.9308485e-10
0.99960893 0.00039113057
0.99915385 0.00084616774
1.0 2.0819414e-12
1.0 1.1025197e-09
1.0 8.6556984e-16
0.9991467 0.0008533164
1.0 2.2727337e-16
1.0 4.38039e-09
1.0 1.9130593e-13
1.0 5.9770173e-23
0.99998546 1.4556383e-05
0.99887997 0.0011199953
0.9999999 9.16749e-08
1.0 4.9985228e-11
1.0 2.961921e-08
1.0 3.4845792e-13
0.976177 0.02382301
1.0 1.7803042e-26
1.0 5.9913684e-18
0.99999523 4.714999e-06
1.0 7.466124e-15
0.9994105 0.00058945734
1.0 3.6978293e-13
1.0 1.5805041e-09
0.9999888 1.1190539e-05
1.0 1.3684298e-14
0.9999902 9.781719e-06
0.99999964 3.9510613e-07
1.0 2.8627115e-15
1.0 1.1925438e-18
0.9999994 5.5059286e-07
0.9998944 0.00010563163
1.0 7.669981e-10
1.0 1.1680884e-08
1.0 2.6468573e-12
1.0 4.3548508e-23
0.9993074 0.00069259247
1.0 3.514449e-13
0.9999968 3.2309913e-06
0.99611616 0.003883842
1.0 9.097372e-10
1.0 3.250461e-11
0.9452856 0.054714452
0.9998716 0.00012831627
0.9999957 4.289779e-06
0.99999917 8.791083e-07
0.98874474 0.011255302
1.0 5.7160296e-08
0.9999914 8.602113e-06
1.0 7.677969e-11
1.0 1.0954098e-09
1.0 3.9922186e-09
0.99999917 8.913e-07
1.0 3.512537e-18
1.0 1.1248275e-08
0.99884546 0.0011545374
0.9976655 0.0023344983
0.999998 2.0695002e-06
0.99999964 3.6115657e-07
0.99999726 2.7191631e-06
1.0 9.995428e-15
0.7832165 0.21678352
0.9999999 7.35511e-08
0.9998035 0.00019649978
0.9913236 0.008676438
1.0 3.858435e-15
0.9999999 7.578331e-08
0.9999974 2.6312619e-06
1.0 1.1241026e-08
1.0 3.2765957e-09
1.0 8.613247e-11
1.0 3.9272848e-08
0.9997671 0.00023292592
0.9995004 0.000499641
0.9999609 3.9063092e-05
1.0 2.9227018e-10
1.0 4.0062445e-10
1.0 1.2567374e-12
0.99999976 2.1749759e-07
0.9518712 0.04812875
1.0 2.1248999e-12
1.0 3.8989395e-11
0.9999993 7.4811527e-07
1.0 5.977834e-17
1.0 4.054414e-09
1.0 2.139508e-12
1.0 1.6374024e-14
1.0 2.5110107e-14
1.0 5.2253764e-14
1.0 7.5763113e-26
1.0 1.0007515e-08
0.99999964 3.228064e-07
1.0 3.9350224e-12
1.0 8.399411e-09
0.9993492 0.00065082085
1.0 1.9431798e-15
