0.40509385 0.59490615
0.36546597 0.63453406
1.0 1.3195548e-22
0.15526421 0.84473574
0.027121335 0.97287863
0.3462712 0.65372884
0.0028159742 0.997184
0.9652938 0.034706213
0.0031990649 0.9968009
0.021281548 0.9787185
0.52720654 0.4727934
0.7317725 0.26822755
0.020953704 0.97904634
0.99101114 0.008988912
0.12806122 0.87193877
0.011729314 0.98827076
0.52694786 0.47305217
0.18292691 0.81707305
0.98270214 0.017297825
1.0 7.216966e-19
0.98199385 0.018006174
0.0044852537 0.9955147
0.009752314 0.99024767
0.8098959 0.19010416
0.007251887 0.9927481
0.0056930124 0.994307
0.07650347 0.9234965
0.69659144 0.3034086
0.0060300776 0.9939699
0.7758375 0.22416244
0.027836073 0.9721639
0.0052193776 0.9947806
0.14834277 0.8516572
0.010477783 0.98952216
1.0 2.569681e-17
0.08436414 0.9156359
0.76085424 0.23914577
0.5927704 0.40722963
0.8288285 0.17117146
0.008446684 0.99155325
0.03349909 0.9665009
0.0222199 0.9777801
0.00782325 0.9921767
0.72223043 0.27776957
0.19267218 0.80732787
1.0 3.4183623e-20
0.027523186 0.9724768
0.018032156 0.98196787
0.038098633 0.96190137
0.007251887 0.9927481
0.18680535 0.8131947
0.028802736 0.9711973
0.0032571848 0.9967428
0.89665574 0.1033443
0.10158755 0.8984124
0.53380466 0.4661953
0.40764672 0.5923533
0.08013206 0.91986793
1.0 6.5691994e-13
0.012369621 0.9876303
1.0 7.970994e-23
0.70232594 0.297674
0.007251887 0.9927481
0.0061768764 0.9938232
0.023456639 0.97654337
0.99999964 3.5049726e-07
0.019933246 0.9800668
0.050241716 0.9497583
0.9136434 0.08635658
0.5533874 0.44661254
0.13224888 0.8677511
0.008086127 0.9919139
0.022349454 0.9776505
0.1609978 0.83900225
0.99990404 9.590997e-05
0.05999908 0.94000095
0.09350018 0.9064998
0.022989763 0.97701025
0.7372817 0.26271838
0.0044964333 0.9955036
0.04001825 0.9599818
0.00943104 0.9905689
0.06960826 0.9303917
0.012485496 0.9875145
0.23083833 0.7691617
1.0 2.9037955e-12
0.010503453 0.9894965
0.2844612 0.71553874
0.00081005885 0.9991899
0.6800424 0.31995758
0.012398139 0.9876018
0.33230624 0.6676938
0.020528097 0.9794719
0.0018777032 0.9981223
0.0072507267 0.9927492
0.6053393 0.39466074
0.98890764 0.011092315
0.49057665 0.50942326
0.60973644 0.39026347
0.11803812 0.88196194
0.005125236 0.9948748
0.9995956 0.00040438396
0.10774862 0.8922513
0.4837011 0.51629883
0.0019472002 0.99805284
0.42366722 0.5763328
0.012301609 0.9876984
0.15852413 0.84147584
0.9999132 8.683204e-05
0.024871456 0.9751286
0.008143437 0.9918566
0.5481866 0.45181337
0.3698387 0.6301612
0.021635229 0.97836477
0.021067321 0.9789327
0.6006634 0.39933664
0.6983549 0.30164513
0.12071722 0.8792828
0.12207555 0.8779245
0.47739863 0.52260137
0.0037226968 0.9962773
0.0056810193 0.994319
1.0 9.743078e-09
0.981057 0.018943027
0.0037781764 0.9962218
0.5531491 0.4468509
0.01694635 0.9830536
0.99981827 0.00018175087
0.011701963 0.9882981
0.63312054 0.36687943
0.050689854 0.9493102
0.007251887 0.9927481
0.0040544686 0.9959455
0.5922659 0.40773404
0.019241875 0.9807582
0.6392193 0.36078066
0.2658493 0.7341507
0.063893855 0.93610615
1.0 6.539196e-17
0.5250744 0.47492564
0.014126219 0.9858738
0.0039896057 0.9960104
0.93261373 0.06738622
0.08592375 0.9140763
1.0 7.319979e-24
0.007140443 0.9928596
0.10772468 0.89227533
0.0056509525 0.99434906
0.22176601 0.778234
0.99881697 0.0011831216
0.0053511886 0.99464875
0.99999666 3.3084414e-06
0.162206 0.83779395
0.012934614 0.98706543
0.18879884 0.8112012
0.0032510958 0.9967489
0.48567528 0.5143248
0.85372317 0.1462768
0.37683964 0.6231603
0.09157013 0.9084299
0.9999896 1.0396337e-05
0.9293627 0.070637286
0.4239133 0.57608676
1.0 1.1063112e-17
0.0104021365 0.9895978
0.016498718 0.98350126
0.5878147 0.41218525
0.18194512 0.81805485
0.056285337 0.9437147
0.9990433 0.0009566552
0.0038230289 0.99617696
0.07674478 0.9232552
0.79813075 0.2018693
0.3291975 0.6708025
0.05164082 0.9483592
0.9951385 0.0048614717
0.99494934 0.005050705
0.32261133 0.67738867
0.29473186 0.7052682
0.5267422 0.47325778
0.00807543 0.9919246
0.7291365 0.27086344
0.99998844 1.1549747e-05
0.0037089689 0.99629104
0.91519076 0.08480925
0.6840295 0.3159705
0.99414945 0.005850537
0.3837824 0.6162176
0.38474116 0.6152589
0.11562483 0.88437515
0.020473987 0.97952604
0.13819563 0.86180437
0.26993665 0.7300634
0.00452766 0.9954723
0.13102531 0.8689747
0.00090808474 0.999092
0.7749222 0.2250778
0.99397933 0.006020662
1.0 4.0589112e-27
0.32595012 0.6740499
0.48356035 0.5164397
1.0 1.5178298e-16
0.35874385 0.6412561
0.045707233 0.9542927
0.6275205 0.3724795
0.99925596 0.0007440257
0.09693029 0.9030697
0.010635478 0.9893645
0.011618688 0.9883813
0.0067166365 0.9932834
0.007251887 0.9927481
0.1237821 0.8762179
0.0056418334 0.9943581
0.95813054 0.04186954
0.011905556 0.9880945
0.42637742 0.5736226
0.8622786 0.13772142
0.9649092 0.035090834
0.042152483 0.9578475
0.28238085 0.7176192
0.54103696 0.45896307
0.0334727 0.9665273
0.011481654 0.9885183
0.3021947 0.69780535
0.16508023 0.83491975
0.0041251145 0.99587494
1.0 9.218546e-09
0.07745336 0.9225467
0.008051645 0.99194837
0.00833045 0.99166954
0.0061172154 0.9938828
0.00870015 0.9912998
0.002355029 0.99764496
0.0084857 0.9915143
0.2847038 0.7152962
0.9910353 0.008964766
0.22228618 0.77771384
0.37390307 0.6260969
0.16579224 0.8342078
0.31574056 0.6842595
0.0054883943 0.9945116
0.15231687 0.84768313
0.007251887 0.9927481
0.9616352 0.0383648
0.0833761 0.9166239
0.0047981646 0.9952018
0.16620295 0.83379704
0.38676903 0.613231
0.99997914 2.0859377e-05
0.9885046 0.011495381
1.0 1.0406931e-14
0.13175201 0.8682479
0.041122664 0.9588773
0.14172748 0.8582725
0.028110657 0.9718893
0.009215508 0.9907845
0.98076886 0.019231193
0.018113675 0.98188627
0.09557536 0.9044246
0.003381465 0.9966185
0.11879463 0.8812054
0.011794237 0.9882058
0.17768626 0.8223137
0.92822766 0.07177235
0.9768375 0.023162484
0.78060174 0.21939823
0.005855476 0.9941445
0.15863913 0.8413608
0.9999993 6.636289e-07
0.79459274 0.2054072
0.96296394 0.037036024
0.009249717 0.99075025
0.013116469 0.9868836
0.010363167 0.98963684
0.8723945 0.12760547
0.05363009 0.94636995
0.007077933 0.99292207
0.9990408 0.0009591691
1.0 4.267383e-29
0.980554 0.019446053
0.115698814 0.8843011
0.02590885 0.9740912
0.012685232 0.9873147
0.012220594 0.98777944
1.0 1.2377359e-22
0.004750759 0.9952493
0.008087695 0.99191225
0.007251887 0.9927481
0.62245566 0.3775444
0.07875222 0.9212478
0.008820542 0.9911794
0.04893832 0.9510616
0.049710497 0.9502895
0.014410191 0.9855898
0.5306106 0.46938935
1.0 4.875252e-14
0.007251887 0.9927481
0.11371073 0.88628924
0.6352169 0.3647831
0.3455021 0.6544979
0.62828034 0.37171972
0.57286155 0.42713848
0.65208477 0.34791526
0.16782682 0.8321731
0.6766317 0.32336828
0.061041374 0.9389587
0.7798882 0.22011179
0.01831586 0.98168415
1.0 5.654186e-13
0.008812859 0.99118716
0.06998989 0.93001014
0.0011511879 0.9988488
0.20897542 0.79102457
0.8223977 0.1776023
0.44956565 0.5504344
0.734078 0.265922
0.3925819 0.6074181
1.0 1.1954418e-16
0.006405754 0.9935942
0.8930349 0.106965125
0.0058888546 0.9941111
0.9563615 0.043638565
0.95822036 0.041779686
0.8817837 0.1182163
0.02608831 0.97391164
0.97145456 0.028545516
0.9993635 0.0006365345
0.056562636 0.94343734
0.9997563 0.0002437071
0.015831493 0.9841686
0.0038689352 0.99613106
0.015749693 0.9842503
0.8628455 0.13715452
0.3573439 0.6426561
0.9999999 9.9543485e-08
0.016745048 0.9832549
0.029566988 0.970433
0.005412929 0.99458706
0.004772277 0.9952277
0.059921473 0.9400785
0.13746032 0.86253965
0.6780028 0.3219972
0.87626296 0.123737045
0.0055524204 0.9944476
0.13294315 0.8670569
0.9285049 0.07149517
0.007251887 0.9927481
0.06835606 0.93164396
0.03502368 0.9649764
0.6622665 0.33773345
0.8778438 0.12215616
0.28271762 0.71728235
0.65390116 0.34609884
0.0032148291 0.99678516
0.88510126 0.1148988
0.4646155 0.53538454
0.009847805 0.9901522
0.9944254 0.0055746147
0.20255782 0.79744214
0.7730892 0.22691087
0.19544457 0.8045554
0.83536714 0.16463286
1.0 3.5390903e-16
0.007893908 0.9921061
0.1694458 0.8305542
0.010980675 0.98901933
0.047327608 0.95267236
0.019148206 0.98085177
0.025027586 0.9749724
0.113958076 0.88604194
0.25023177 0.74976826
0.91001594 0.08998405
0.06669137 0.93330866
0.0031603 0.99683964
0.009038229 0.99096173
0.0015952393 0.9984048
0.001877226 0.99812275
0.9627053 0.03729462
0.07278167 0.9272183
0.8867321 0.11326786
0.013936492 0.98606354
0.00498349 0.9950165
0.13717672 0.8628233
0.48907572 0.5109243
0.0023289556 0.99767107
0.2999328 0.70006716
0.6677921 0.33220792
0.0048531024 0.99514693
0.0014875208 0.99851245
0.6531191 0.34688088
0.99971527 0.0002846859
1.0 2.5271834e-14
0.5129145 0.48708543
0.045771923 0.9542281
0.48955378 0.51044625
0.6250167 0.37498334
0.074408695 0.9255913
0.9792346 0.020765407
1.0 6.5907136e-16
1.0 7.124093e-14
0.04577582 0.9542242
0.06575033 0.93424964
0.0031757911 0.99682426
0.1812942 0.8187058
0.008423327 0.9915767
0.007251887 0.9927481
0.007400919 0.9925991
0.004050835 0.99594915
0.08428179 0.9157182
0.6782467 0.3217533
0.5080426 0.4919575
0.005233844 0.9947661
0.007438459 0.9925615
0.8812427 0.11875732
0.4204825 0.5795175
0.100418895 0.8995811
0.0072803022 0.99271977
0.95732147 0.042678494
0.014901331 0.9850987
0.15231687 0.84768313
0.12144749 0.8785525
0.019433482 0.9805665
0.09260551 0.90739447
0.40875337 0.5912466
0.9999937 6.2949916e-06
0.28593642 0.71406364
0.25302175 0.7469782
0.5435487 0.45645133
0.0028552967 0.99714464
0.29544136 0.7045587
0.1707969 0.82920307
0.009625121 0.99037486
0.0062799226 0.99372005
0.99086505 0.009134973
0.003195296 0.9968047
0.9999926 7.353633e-06
1.0 3.472195e-08
0.24875355 0.75124645
0.660216 0.33978403
1.0 1.2144372e-11
0.9229649 0.07703516
0.015124136 0.98487586
0.024322096 0.97567785
0.9105172 0.08948272
0.011576697 0.9884233
0.005408341 0.99459165
0.43654627 0.5634537
0.0060653565 0.9939347
0.056054987 0.943945
0.7572179 0.24278218
0.9732476 0.026752379
0.0016077491 0.9983923
0.24200732 0.7579927
0.9000687 0.099931315
0.051977538 0.9480225
0.008946508 0.9910535
0.21146162 0.78853834
0.12613946 0.8738606
0.010401744 0.9895983
0.004337198 0.99566275
0.6059753 0.3940247
0.79832876 0.2016712
0.0110493675 0.98895067
0.031567458 0.96843255
0.8699677 0.13003223
0.045572933 0.954427
0.027825585 0.9721744
0.01930661 0.9806934
0.8654656 0.13453439
0.004136269 0.9958637
0.2880956 0.71190447
0.997558 0.0024419867
0.0062101674 0.99378985
0.6518044 0.34819558
0.15732472 0.84267527
0.0007395289 0.9992605
0.011266945 0.98873305
0.5632099 0.43679008
1.9852432e-07 0.99999976
0.34802392 0.6519761
0.97391164 0.026088303
0.11111036 0.8888897
0.99556077 0.0044391863
0.9339426 0.06605736
0.8659425 0.13405754
0.5011634 0.49883652
0.010566091 0.98943394
0.008390152 0.9916099
1.0 1.3995893e-13
0.0009581795 0.99904174
0.71066964 0.28933036
0.012524717 0.9874752
0.08200358 0.9179964
0.009031326 0.99096864
0.0026123605 0.9973877
0.062442426 0.9375576
0.44490245 0.5550976
0.99115163 0.008848388
0.20191747 0.79808253
0.020522118 0.9794779
0.29490924 0.70509076
0.9973809 0.0026190958
0.37849867 0.62150127
0.039882343 0.9601176
0.013021992 0.986978
0.17658432 0.82341564
0.048876897 0.9511231
0.119213335 0.88078666
0.38542703 0.614573
0.16683786 0.8331621
0.012592341 0.9874077
0.20800184 0.7919981
0.9999964 3.5642418e-06
0.037124325 0.9628757
0.007251887 0.9927481
0.03268273 0.9673172
0.9979971 0.0020028576
0.007251887 0.9927481
0.12864545 0.8713546
0.089707606 0.9102923
0.16555364 0.8344463
0.6487107 0.35128924
1.0 2.2676615e-10
0.037841924 0.9621581
0.9999968 3.1661393e-06
0.17681216 0.82318777
1.0 9.771563e-22
0.9553657 0.044634264
0.36944723 0.63055277
0.9862046 0.013795404
0.95420086 0.04579915
0.163078 0.836922
0.002659086 0.99734086
0.9592435 0.040756494
0.5493598 0.45064023
0.02055513 0.9794448
0.44915247 0.5508476
0.0006243394 0.99937564
0.8689945 0.13100548
0.048380706 0.9516193
0.005091024 0.994909
0.015854852 0.9841451
0.027066704 0.97293335
0.8376604 0.16233966
0.006622789 0.99337727
0.27185598 0.72814405
0.18494727 0.8150528
0.98013103 0.019869044
0.008454551 0.9915454
0.0029115235 0.9970885
0.010651446 0.98934853
0.61250556 0.3874944
0.0071381573 0.9928618
0.019572262 0.9804277
0.0049299346 0.9950701
0.048601195 0.9513988
0.06070305 0.9392969
0.4093249 0.59067506
0.0091712475 0.99082875
0.012225648 0.9877743
0.443757 0.556243
0.25389782 0.74610215
0.009294388 0.99070567
0.0126725305 0.9873275
0.7752465 0.22475353
0.9532299 0.046770155
0.05178141 0.9482186
0.0048141256 0.9951859
0.9878989 0.012101127
0.84348714 0.15651286
0.003612481 0.9963875
1.0 1.4960761e-18
0.14586374 0.8541362
0.36548945 0.63451046
0.9999745 2.5551695e-05
0.009214767 0.99078524
0.9914505 0.008549486
0.008984609 0.9910154
1.0 3.1425722e-09
0.99994266 5.7277477e-05
0.078547016 0.92145306
0.0020686404 0.99793136
0.006819506 0.9931805
0.5315187 0.46848127
0.7649478 0.23505217
0.052735332 0.9472646
0.094461225 0.9055388
0.18533587 0.8146641
0.37861702 0.62138295
0.056086775 0.9439132
0.0037668056 0.99623317
0.742694 0.25730598
0.0074901315 0.99250984
0.004127448 0.99587256
0.094348714 0.90565133
0.11924916 0.88075083
0.999998 1.9743352e-06
0.15849893 0.8415011
0.0069066538 0.9930934
0.007439346 0.99256057
0.40149182 0.5985082
0.0043997657 0.9956002
0.118044965 0.8819551
0.008595712 0.9914043
0.5719902 0.42800978
0.01775077 0.98224926
0.47274747 0.5272525
0.80100936 0.19899069
0.9542766 0.045723353
1.0 5.7019756e-18
0.39682513 0.6031748
1.8519895e-05 0.9999815
0.37280136 0.62719864
0.18040882 0.8195912
0.8629995 0.13700053
0.20549792 0.7945021
0.0051473677 0.9948526
0.34344977 0.6565502
0.9999994 5.927891e-07
0.9999999 1.511432e-07
0.1997244 0.80027556
1.0 1.9624033e-18
0.9655718 0.034428194
0.5664033 0.4335967
0.007251887 0.9927481
0.4961795 0.50382054
0.13346936 0.86653066
0.6984955 0.30150452
1.0 2.6796616e-31
0.3905716 0.6094284
0.11782833 0.88217175
0.02537979 0.9746202
0.0071187015 0.9928813
0.0853119 0.91468805
0.40731865 0.59268135
0.026609706 0.9733902
0.52484006 0.47516
0.009987709 0.9900123
0.02952225 0.97047776
0.84463096 0.15536897
0.00918285 0.9908172
0.010408908 0.98959106
1.0 5.133646e-12
0.07687307 0.923127
0.1384392 0.86156076
0.9450066 0.054993443
0.0053084577 0.99469155
0.024263179 0.97573674
0.00815314 0.9918468
0.9999994 6.2835915e-07
0.26765835 0.7323417
1.0 2.0912154e-26
0.9969838 0.003016145
0.042215835 0.9577842
0.016967835 0.9830322
0.773508 0.22649196
0.008912941 0.991087
0.48784322 0.5121568
0.06167889 0.9383212
0.9948999 0.005100038
0.01707721 0.9829228
0.39287856 0.60712147
0.86393744 0.13606252
0.9995189 0.00048115506
0.477601 0.52239895
0.12853235 0.87146765
0.00578395 0.994216
0.8044535 0.19554643
0.05747631 0.9425237
0.78606695 0.21393305
0.41962403 0.58037597
0.9992842 0.0007158295
0.4026557 0.5973443
0.037626017 0.962374
0.0021960419 0.997804
0.21812 0.78188
0.739348 0.2606521
0.010473631 0.9895264
0.05593506 0.9440649
0.99898 0.0010199457
0.98594254 0.01405744
0.0066263443 0.99337363
0.6763866 0.3236134
0.21904626 0.7809537
0.8894694 0.11053063
0.034279723 0.96572036
0.017510124 0.98248994
0.9220225 0.07797747
0.02798059 0.9720194
0.0018359335 0.9981641
0.030432472 0.96956754
0.005560686 0.99443936
0.99999917 8.2039014e-07
0.1296562 0.87034386
0.014066677 0.98593336
0.010650259 0.9893497
0.9987429 0.0012571639
0.0016023536 0.99839765
1.0 1.4731131e-09
0.15128505 0.84871495
0.88250715 0.117492884
0.14542013 0.85457987
0.14713508 0.8528649
0.99636614 0.0036338174
0.0031306914 0.99686927
0.047154497 0.9528455
0.997474 0.0025259578
0.0075709117 0.9924291
0.029042058 0.970958
0.6169209 0.38307914
1.0 4.8094675e-09
0.0072887396 0.9927113
0.85531205 0.144688
0.14821184 0.8517881
0.99715155 0.002848524
0.82215416 0.17784593
0.0709411 0.92905885
0.011322622 0.9886774
0.9991283 0.00087170943
0.0026799534 0.9973201
0.0084896 0.9915104
0.9999993 6.937243e-07
0.04813664 0.95186335
0.007251887 0.9927481
0.39283273 0.6071673
0.10064291 0.899357
0.96589434 0.03410569
0.0060286424 0.9939713
0.661216 0.33878398
0.15208767 0.8479124
0.17256062 0.8274393
0.46219063 0.53780943
0.061201286 0.9387987
0.3783264 0.6216735
0.008435103 0.99156487
0.0007882497 0.99921167
0.011165641 0.9888343
1.0 5.8169068e-08
0.39489952 0.60510045
0.003234887 0.99676514
0.9873469 0.012653084
0.39329514 0.60670483
0.09944152 0.90055853
0.15059905 0.84940094
0.021217586 0.9787825
0.33351433 0.66648567
0.15892047 0.8410796
0.0072793644 0.9927206
1.0 1.1057297e-08
0.9999994 6.3474585e-07
0.087496266 0.9125038
0.20103471 0.7989653
0.005587095 0.99441296
0.45197454 0.5480254
0.0071401014 0.9928599
0.501801 0.4981989
0.97343737 0.026562637
1.0 1.5496888e-13
0.43769756 0.5623025
0.9999999 7.743647e-08
0.0018386706 0.9981614
0.9999814 1.864771e-05
0.08416597 0.915834
0.04745947 0.9525405
0.9999014 9.858122e-05
0.93648726 0.06351276
0.04635455 0.95364547
0.013885354 0.9861146
0.0038118765 0.9961881
0.011315396 0.9886846
0.9999784 2.1613512e-05
0.004429278 0.9955707
0.05006514 0.9499349
0.055555128 0.94444484
0.4228251 0.5771749
0.23791036 0.76208967
0.0021620928 0.99783796
1.0 4.4084385e-15
0.008640876 0.9913591
0.05935478 0.9406452
0.96331084 0.036689177
0.99991906 8.0952734e-05
0.029776413 0.97022355
0.016820356 0.9831797
0.03027063 0.96972936
0.28020084 0.71979916
0.8583716 0.14162844
0.04545607 0.9545439
0.003517293 0.99648273
0.04845862 0.95154136
0.02608831 0.97391164
0.99994266 5.728502e-05
0.8477052 0.15229484
0.39043468 0.6095654
0.008103694 0.99189633
0.0045131254 0.9954869
0.06528117 0.93471885
0.055908173 0.9440918
0.03504625 0.9649537
0.03651431 0.96348566
0.10756039 0.89243966
0.3380988 0.66190124
0.18552986 0.8144702
0.032144777 0.96785516
0.0071359067 0.992864
0.9461721 0.053827878
0.004216243 0.9957838
0.0010713158 0.9989287
0.013812307 0.9861877
0.006329786 0.9936702
0.003826381 0.9961737
0.02686991 0.97313005
0.99999785 2.1700296e-06
0.0044777053 0.99552226
0.57515967 0.42484036
0.17214899 0.82785106
0.05347004 0.94653
0.09256224 0.9074378
0.0022121493 0.99778783
0.007251887 0.9927481
0.13491215 0.86508787
0.14305487 0.8569451
0.47725207 0.52274793
0.8008343 0.19916575
0.85312885 0.14687118
1.0 2.2803924e-13
0.47877708 0.5212229
0.89785373 0.10214627
0.073388904 0.92661107
0.99998426 1.572616e-05
0.015544452 0.9844556
0.9999881 1.18954795e-05
1.0 5.4456998e-11
0.99998665 1.3349248e-05
0.063456565 0.9365434
0.8600883 0.13991171
0.9999994 6.5189766e-07
0.5488486 0.4511514
0.009412506 0.99058753
0.038699377 0.9613006
0.015670428 0.9843295
0.109823726 0.89017624
0.1078261 0.8921739
0.012693822 0.9873061
0.9999982 1.7696447e-06
0.002532419 0.99746764
0.2742403 0.7257597
0.94105846 0.058941524
0.039191306 0.96080863
0.26534644 0.7346536
0.7698041 0.23019584
0.99995875 4.1271902e-05
0.9998369 0.0001630688
0.4168403 0.5831597
0.039814617 0.9601854
0.68944204 0.310558
0.017139317 0.9828607
0.99999607 3.988841e-06
0.6816979 0.3183021
0.9999999 6.745053e-08
1.0 6.6264503e-19
0.0034929563 0.996507
0.97189045 0.028109577
0.8856363 0.1143637
0.22878177 0.7712182
0.67057776 0.32942227
1.0 1.342905e-13
0.16176575 0.83823425
1.0 2.1415203e-31
0.07682165 0.9231784
0.12922367 0.8707763
0.41828427 0.58171576
0.005669494 0.9943305
1.0 2.953973e-11
0.021763187 0.97823685
0.71624225 0.28375772
0.79922 0.20077994
0.08308563 0.9169144
0.010342711 0.9896572
0.015422222 0.98457783
0.107935056 0.892065
0.018482989 0.981517
0.069680564 0.9303195
0.021708596 0.9782914
0.6392879 0.36071208
0.0175068 0.98249316
0.014438357 0.98556167
0.14696147 0.85303855
0.98768836 0.012311648
0.31792095 0.6820791
0.9391171 0.060882907
0.050082278 0.9499178
0.5564657 0.44353426
0.80523807 0.19476186
0.9504389 0.049561094
0.10484801 0.895152
0.014922855 0.9850772
0.07499378 0.9250063
0.47018716 0.5298129
0.023319636 0.97668034
0.8076771 0.19232291
0.119106986 0.88089305
0.40782627 0.59217376
0.045807984 0.954192
1.0 5.7708803e-19
0.9996113 0.0003886731
0.9292618 0.07073814
1.0 1.1473585e-08
0.07476335 0.92523664
0.97005033 0.029949691
0.49338865 0.5066114
0.06739632 0.9326037
0.061529133 0.93847084
0.9975712 0.002428792
0.024170328 0.9758297
0.14999554 0.85000443
0.9999999 6.956032e-08
0.99965036 0.00034962618
0.9999591 4.0856572e-05
0.06786604 0.932134
0.008591633 0.9914084
0.6921921 0.30780795
0.011987354 0.9880127
0.04614046 0.9538595
0.05942625 0.9405738
0.05543305 0.9445669
0.93569285 0.064307116
0.9922478 0.007752184
0.009983787 0.99001616
0.016948454 0.98305154
0.249252 0.750748
0.9902062 0.00979379
0.11626056 0.8837395
0.24049658 0.7595035
0.5766597 0.42334038
0.19963096 0.800369
0.026796848 0.9732031
0.005058992 0.994941
1.0 5.0427786e-09
0.2386974 0.76130265
0.011975284 0.98802465
0.9767327 0.023267314
0.020380447 0.9796196
0.4187528 0.5812472
0.011766599 0.9882334
0.10527223 0.89472777
0.021864818 0.9781352
0.005055732 0.9949443
0.19029744 0.8097026
0.56372225 0.43627772
0.0055643944 0.99443555
0.011218777 0.9887812
0.5036717 0.49632826
0.0975485 0.9024515
0.9807037 0.01929629
0.11332765 0.8866723
0.8383602 0.16163976
0.7168512 0.28314888
0.0300686 0.9699314
0.00386443 0.9961356
0.1297072 0.87029284
0.013910886 0.9860891
0.0023990842 0.997601
0.0016478483 0.99835217
0.0020600304 0.99794
0.8993023 0.100697726
0.33150506 0.668495
0.003951164 0.99604887
0.03302314 0.9669768
0.99698824 0.003011742
0.007251887 0.9927481
1.0 2.0147106e-19
0.9999436 5.632659e-05
0.8141141 0.1858859
0.09576675 0.9042332
0.19369836 0.8063016
0.23861848 0.76138157
0.0015065207 0.99849343
0.0066321027 0.99336785
0.0067602317 0.99323976
0.008716771 0.9912832
0.0028845062 0.9971155
0.010477705 0.9895223
0.13480946 0.86519057
1.0 8.121036e-11
0.9908269 0.009173128
0.023045175 0.9769548
0.89651316 0.103486836
0.9999795 2.0562584e-05
0.004893043 0.99510694
0.15652879 0.8434712
0.0028644744 0.9971355
0.010861028 0.989139
0.041987356 0.95801264
0.004986084 0.9950139
0.011910251 0.98808974
0.7128713 0.2871286
0.52109194 0.47890803
0.5750045 0.42499548
0.5577408 0.44225916
0.0032871733 0.9967128
0.11914531 0.88085467
0.030154103 0.96984583
0.16734768 0.8326523
0.004467748 0.9955323
0.010675673 0.9893244
0.03710062 0.9628994
0.0091812285 0.9908188
0.025875272 0.9741247
0.090903595 0.9090964
0.23407143 0.7659286
0.983677 0.016322946
0.5155913 0.48440868
0.04233256 0.95766747
0.43157262 0.5684274
0.013071327 0.9869287
0.62166405 0.3783359
0.5607459 0.43925416
0.0050008898 0.9949992
0.007980041 0.99201995
0.28401065 0.71598935
0.8400009 0.15999907
0.5924868 0.4075132
0.98906016 0.010939804
0.07638069 0.92361933
0.05176793 0.94823205
0.14482738 0.85517263
0.17788394 0.8221161
0.9017592 0.09824073
0.10808443 0.8919156
0.009003187 0.99099684
0.99999833 1.6702747e-06
0.53272337 0.4672767
0.33518526 0.6648148
0.69512326 0.30487671
0.4518795 0.5481205
0.2651302 0.73486984
0.7876518 0.21234818
0.10712755 0.89287245
0.9773933 0.022606663
0.02805799 0.971942
0.8665278 0.13347213
0.0036654864 0.99633455
0.92690223 0.07309782
0.057641964 0.942358
0.048217498 0.95178246
0.60577583 0.3942242
0.33833212 0.6616679
0.98333895 0.016661024
0.4837765 0.51622355
0.8136891 0.18631093
0.0047945734 0.9952054
0.93518704 0.064813025
1.0 2.1663976e-11
0.039570354 0.96042967
0.007251887 0.9927481
0.76048905 0.2395109
0.8320766 0.16792335
0.05627931 0.9437207
0.020777522 0.9792225
0.056342833 0.94365716
0.007251887 0.9927481
0.061538324 0.9384617
0.3057184 0.6942816
0.5425697 0.45743033
0.2945575 0.7054424
0.89967465 0.10032538
0.029313972 0.97068596
0.46297926 0.53702074
0.32763812 0.67236185
0.001190542 0.99880946
0.008743921 0.9912561
0.111569464 0.88843054
0.011734206 0.9882658
0.13364395 0.8663561
0.3434313 0.6565687
0.010084487 0.9899155
0.38145405 0.618546
0.37098572 0.6290143
0.14176412 0.8582359
0.9956209 0.0043790694
0.011397147 0.9886029
0.96934044 0.030659586
0.5559685 0.44403145
0.01604808 0.98395187
0.037387796 0.9626122
0.0110932635 0.98890674
0.016481843 0.9835181
0.058604103 0.94139594
0.0053716484 0.99462837
0.9360097 0.063990325
0.014982273 0.9850177
0.022152083 0.9778479
0.5160373 0.48396268
1.0 5.581904e-19
0.021946715 0.97805333
0.029614996 0.970385
0.016296225 0.9837038
0.019079903 0.9809201
0.0062288856 0.99377114
0.0024585896 0.9975414
0.011136612 0.98886335
0.4823138 0.5176862
0.3169848 0.68301517
0.9818501 0.018149959
0.0041828044 0.99581724
0.016334012 0.98366594
0.011914752 0.98808527
0.0051746117 0.99482536
0.83928835 0.16071172
0.013770449 0.98622954
0.7679166 0.23208341
0.7356499 0.26435012
0.9999968 3.1709349e-06
0.003884595 0.99611545
0.9999981 1.9396118e-06
0.9999988 1.2136954e-06
0.58006686 0.41993314
0.7842405 0.21575953
1.0 2.2496839e-10
0.9861481 0.013851879
0.77528316 0.22471681
1.0 6.3302563e-15
0.6254133 0.3745867
0.37037563 0.6296244
1.0 8.585413e-26
1.0 1.4151465e-22
1.0 3.0269127e-09
1.0 4.4870444e-22
1.0 1.1004245e-14
0.999828 0.00017196641
1.0 1.6229964e-11
1.0 2.5317874e-13
1.0 1.36755e-26
0.5481048 0.45189515
1.0 3.1765957e-10
1.0 6.3339036e-15
1.0 1.5370101e-32
1.0 2.4787785e-27
1.0 6.90155e-14
0.999212 0.0007879697
1.0 1.9506775e-11
1.0 3.072492e-17
1.0 1.9543282e-25
0.99992883 7.111231e-05
0.99954706 0.0004529346
0.9986072 0.0013928023
1.0 4.4078488e-38
0.99994195 5.8035403e-05
1.0 1.8729095e-11
1.0 1.2758367e-31
0.95923084 0.040769156
1.0 1.4759229e-20
0.9999994 5.722629e-07
1.0 3.3048984e-08
1.0 3.7036302e-10
0.99999976 2.0196607e-07
0.9404565 0.059543494
0.99999976 2.1017918e-07
1.0 3.4467381e-12
0.99999034 9.618403e-06
0.99999845 1.5556296e-06
1.0 3.778236e-09
0.9999465 5.3466334e-05
0.9432483 0.05675174
0.9999993 7.1636146e-07
1.0 3.8366464e-19
1.0 7.5527575e-09
0.98614514 0.013854889
1.0 4.5958046e-09
1.0 1.5221314e-17
0.99958533 0.00041462685
0.9998797 0.000120301556
1.0 1.3828541e-16
0.9999989 1.1133727e-06
0.9436216 0.056378387
1.0 1.3800049e-21
0.9999901 9.862734e-06
1.0 1.7201562e-16
1.0 9.6976975e-23
1.0 2.3215199e-19
0.8480492 0.1519507
1.0 1.687535e-09
1.0 8.4912314e-38
1.0 5.6481313e-12
1.0 8.245455e-13
1.0 5.862921e-19
1.0 1.2143445e-26
0.9999993 7.6973333e-07
0.9644921 0.035507947
1.0 6.692919e-31
1.0 1.1257429e-10
1.0 6.8295084e-31
1.0 1.4513151e-09
0.7680776 0.23192239
1.0 7.165614e-11
0.6135575 0.38644248
1.0 1.2912256e-16
0.96176314 0.038236886
1.0 1.5365044e-19
0.90880567 0.09119429
1.0 3.81206e-10
0.9039888 0.09601125
1.0 2.8915053e-11
0.9635484 0.03645157
0.9983584 0.0016415069
1.0 1.8476047e-18
0.5298686 0.4701314
0.9999999 7.6342005e-08
1.0 1.2526135e-13
0.97922724 0.020772759
0.9999734 2.6557624e-05
0.9884459 0.011554102
1.0 1.9966181e-17
1.0 6.6673173e-21
0.42321002 0.5767899
0.9995229 0.00047708926
1.0 3.5337284e-12
0.9999995 4.956634e-07
0.99996495 3.5020148e-05
0.9999995 5.2226727e-07
1.0 1.8869867e-11
0.9999999 1.2809973e-07
0.8627158 0.13728425
0.9921704 0.007829578
1.0 8.282216e-12
0.9914424 0.008557558
0.99999976 1.7942432e-07
0.791038 0.208962
1.0 0.0
0.84021795 0.15978208
0.99937695 0.0006230545
0.9881643 0.0118357185
0.99999905 9.2574163e-07
1.0 1.6124675e-12
0.99151015 0.008489914
0.82715654 0.17284349
1.0 6.7955375e-10
0.99999905 9.4880187e-07
0.99999547 4.4928156e-06
0.9939859 0.0060141054
0.9999932 6.799589e-06
1.0 9.3911254e-15
1.0 1.5259316e-12
1.0 3.356432e-11
0.76155216 0.23844784
1.0 7.948484e-18
0.17307869 0.8269213
1.0 0.0
0.99994946 5.0525276e-05
1.0 5.0767854e-25
1.0 2.4312663e-23
0.99041104 0.009588998
0.99999547 4.540425e-06
0.998137 0.0018630231
1.0 4.1168284e-11
1.0 5.115256e-14
0.99999917 8.1914243e-07
0.9791595 0.02084048
0.94699943 0.053000584
0.99998856 1.1406353e-05
0.99024546 0.009754548
1.0 2.8212509e-18
0.4274732 0.5725268
0.99999905 9.972495e-07
0.914865 0.085134946
1.0 2.2004664e-38
0.999997 2.9465155e-06
0.9985488 0.0014511489
1.0 5.7812493e-22
1.0 2.7216906e-11
0.506665 0.493335
0.52104825 0.4789518
1.0 6.8555375e-22
1.0 1.1146576e-15
0.9971693 0.0028307363
1.0 8.9003543e-10
1.0 1.8925962e-14
1.0 1.9056889e-16
0.9975356 0.0024644064
0.9999976 2.395118e-06
1.0 4.558577e-36
0.99989307 0.000106922525
1.0 1.8431356e-17
0.99736917 0.0026308205
1.0 1.8643791e-16
0.9934727 0.006527281
0.6560204 0.3439795
0.79538745 0.20461255
0.99999654 3.4116006e-06
1.0 7.897895e-09
0.9972012 0.0027987645
1.0 2.6779326e-10
1.0 7.025343e-11
1.0 1.943246e-08
1.0 0.0
0.92791927 0.07208079
1.0 3.2666545e-13
0.6623877 0.3376123
0.9999989 1.027266e-06
0.9941637 0.005836299
0.9954666 0.004533408
0.9999995 5.211587e-07
0.99999523 4.7607878e-06
0.9659412 0.03405886
1.0 2.1463293e-31
0.9999883 1.1646683e-05
1.0 4.081899e-16
1.0 4.5011384e-10
0.24513735 0.7548627
1.0 4.1317359e-22
0.99999905 8.973494e-07
1.0 5.112433e-08
1.0 4.7269605e-25
0.09187605 0.90812397
0.99492836 0.0050717
0.9994727 0.000527391
0.99999976 2.3204622e-07
0.9999981 1.95093e-06
0.99147195 0.0085280705
0.940684 0.059315946
1.0 4.2064724e-19
1.0 1.274074e-08
1.0 8.190778e-10
1.0 4.7284276e-15
0.5649363 0.43506372
0.99195194 0.008048093
1.0 1.1772339e-27
1.0 9.58167e-18
0.9999999 7.620438e-08
1.0 2.2934828e-13
1.0 4.506595e-13
0.9854315 0.0145684555
1.0 2.5211278e-21
0.9999989 1.0790757e-06
1.0 6.478123e-23
0.98551977 0.014480214
1.0 9.162172e-09
0.9999647 3.5313322e-05
0.99999833 1.6526806e-06
0.99999356 6.4586693e-06
1.0 1.8303946e-20
0.99997497 2.5026398e-05
0.8079225 0.19207752
0.9999738 2.6238542e-05
1.0 8.2388916e-26
0.9999901 9.876364e-06
1.0 2.624455e-32
0.9541872 0.04581278
1.0 3.0030264e-08
1.0 4.4776494e-18
0.97345555 0.026544482
1.0 7.8905535e-11
1.0 6.5458583e-10
0.9999995 5.127101e-07
1.0 2.5873647e-11
1.0 1.3222076e-26
1.0 3.221457e-12
0.99997914 2.0887743e-05
1.0 1.1668432e-20
0.32644674 0.6735532
0.9995598 0.0004401518
1.0 5.866046e-14
0.053149693 0.9468503
0.9999522 4.778461e-05
0.5105566 0.48944342
1.0 3.200292e-08
1.0 5.10495e-23
1.0 1.7187464e-08
1.0 2.9933483e-17
1.0 1.1391578e-11
1.0 1.4613378e-08
0.9999999 1.2260837e-07
1.0 1.791073e-08
0.9992156 0.0007844129
1.0 3.218932e-20
0.9999559 4.4153432e-05
1.0 1.2810474e-09
0.89544725 0.1045528
0.99999976 1.8832544e-07
0.99963343 0.00036654394
1.0 2.6502624e-12
0.2142925 0.78570753
0.9998901 0.00010989228
0.9992829 0.00071711343
1.0 1.2356821e-17
0.9994361 0.0005638647
1.0 3.3105793e-10
0.9999989 1.0764896e-06
0.9999026 9.737821e-05
1.0 2.857697e-27
1.0 2.1063122e-21
0.0929829 0.9070172
1.0 1.8657598e-08
0.83882195 0.16117804
1.0 1.2550206e-11
0.99996746 3.2540003e-05
0.99707556 0.002924427
1.0 7.222786e-09
0.9999995 5.2645834e-07
1.0 9.327707e-17
1.0 3.6939438e-10
0.9999988 1.222741e-06
1.0 1.1874892e-29
1.0 5.2322577e-14
1.0 3.233548e-08
1.0 1.0903861e-09
0.9999572 4.276892e-05
1.0 5.67212e-12
1.0 7.832659e-11
1.0 3.881211e-16
1.0 1.1085054e-14
0.99412775 0.005872243
1.0 1.9770795e-24
0.99925333 0.0007466338
0.99921334 0.0007866631
0.9999999 1.2565907e-07
0.9995943 0.0004057906
0.9999778 2.2156666e-05
1.0 5.6720173e-10
1.0 3.7071512e-13
0.9997211 0.00027890073
1.0 1.039271e-10
1.0 4.1857457e-18
1.0 6.875887e-11
0.8072205 0.19277947
0.9999993 7.5142583e-07
1.0 2.5012097e-08
1.0 4.1455795e-08
1.0 3.722155e-33
1.0 4.7642226e-30
1.0 1.5157724e-13
1.0 8.3617236e-23
0.17624743 0.8237526
0.9999989 1.11107e-06
1.0 9.646272e-14
1.0 1.7850826e-36
0.9969387 0.0030613628
0.99745744 0.002542603
1.0 0.0
1.0 5.023193e-10
0.99997675 2.3284778e-05
1.0 9.308908e-16
1.0 3.0182005e-21
0.9999913 8.727931e-06
0.99999964 3.9168197e-07
0.9984769 0.0015230668
1.0 4.646429e-14
1.0 8.904346e-21
1.0 4.054128e-09
0.99997747 2.2511842e-05
1.0 7.563278e-21
0.93480945 0.06519059
1.0 9.16141e-15
1.0 4.2929824e-15
1.0 2.7792764e-14
1.0 5.2884494e-12
0.8982518 0.10174818
1.0 5.803282e-21
0.98206145 0.017938474
0.9999976 2.3801192e-06
0.8588838 0.1411162
0.9998233 0.00017675593
0.7195547 0.28044525
1.0 2.0817467e-12
0.999998 2.013287e-06
1.0 1.4618192e-13
1.0 1.8644186e-12
0.9999989 1.0275913e-06
1.0 5.9512703e-13
0.99999607 3.9755873e-06
0.9999523 4.7627294e-05
1.0 1.5878676e-09
0.99205184 0.0079481695
1.0 1.2384449e-36
1.0 6.920251e-15
0.999995 5.0424633e-06
1.0 5.517511e-13
0.99849963 0.0015003884
1.0 1.4745924e-23
1.0 1.1374284e-13
0.9999964 3.564116e-06
0.57059675 0.42940328
1.0 2.5659692e-09
1.0 3.0123036e-11
1.0 1.1535342e-14
1.0 1.4543359e-16
0.9999906 9.417492e-06
1.0 2.0989923e-33
1.0 9.828049e-22
0.99999976 2.703061e-07
0.9999459 5.40966e-05
1.0 3.2762326e-13
1.0 2.7976195e-18
1.0 6.5181964e-11
1.0 0.0
0.6190521 0.38094786
0.50491774 0.49508235
0.2503943 0.7496057
0.9999889 1.1134036e-05
0.9999999 7.6049886e-08
1.0 1.9781609e-14
1.0 2.1832372e-20
0.39380068 0.6061993
1.0 3.8935957e-15
1.0 4.0940106e-26
1.0 3.7218204e-11
1.0 1.2958185e-10
0.99899834 0.0010016193
0.9999975 2.449705e-06
1.0 2.069766e-31
1.0 4.2900644e-13
0.99999475 5.281714e-06
0.9101701 0.08982997
1.0 2.0652542e-09
1.0 6.817493e-13
1.0 6.67254e-19
1.0 0.0
0.9955851 0.0044148997
1.0 4.264921e-16
0.99987495 0.00012507963
1.0 5.1623544e-13
0.9833059 0.0166941
0.9999999 1.7575876e-07
0.45193833 0.54806167
0.99998 2.0077106e-05
1.0 1.0718804e-18
0.05018727 0.9498127
0.08655941 0.9134406
0.9999033 9.669588e-05
1.0 1.5373529e-21
1.0 1.0682182e-08
0.99998915 1.0896633e-05
0.98177356 0.018226458
1.0 5.557178e-10
1.0 5.825573e-21
0.7787247 0.22127536
0.9927326 0.007267448
1.0 2.0664273e-10
0.9715512 0.028448788
1.0 5.406884e-20
0.9994936 0.00050639187
1.0 9.5697585e-26
0.8894874 0.11051264
0.9950923 0.0049076686
0.9999918 8.274531e-06
1.0 7.195426e-23
0.7456787 0.2543213
0.98201066 0.017989378
0.675112 0.32488796
1.0 4.5721646e-27
0.9999982 1.7940907e-06
0.9985104 0.0014895102
0.99989486 0.00010508188
0.9988072 0.001192793
0.97655517 0.023444822
1.0 3.2471985e-13
0.1363171 0.86368287
0.3780621 0.62193793
0.9999982 1.7781846e-06
1.0 4.883172e-10
1.0 8.677249e-32
1.0 1.0943776e-10
0.19213432 0.8078657
0.991146 0.00885398
1.0 4.4008106e-11
0.999995 5.0170693e-06
0.9999994 6.341759e-07
1.0 1.5055167e-18
1.0 2.8639756e-17
0.92995256 0.070047505
0.99996424 3.5801808e-05
1.0 2.433932e-36
1.0 5.086918e-35
1.0 5.6381504e-17
1.0 4.1325177e-10
0.9857998 0.014200207
0.9995478 0.00045219428
1.0 5.249121e-10
0.9994636 0.00053635816
1.0 9.503454e-23
0.9999989 1.1306006e-06
1.0 0.0
1.0 1.5802608e-19
1.0 4.9378253e-09
1.0 2.4629224e-14
0.99999297 7.0324504e-06
0.9999927 7.302171e-06
1.0 2.725191e-19
1.0 2.3172582e-09
1.0 1.932932e-31
0.383297 0.616703
0.9999956 4.450118e-06
0.9999993 6.6421524e-07
0.9999474 5.2577663e-05
1.0 1.6448444e-31
0.99281037 0.007189624
1.0 1.2790677e-16
0.9999976 2.3379064e-06
1.0 9.520951e-14
1.0 3.6470867e-14
1.0 1.6462388e-15
0.9999999 1.0387909e-07
0.00662267 0.9933774
1.0 0.0
1.0 5.6632177e-10
0.9999999 6.9895464e-08
0.9999995 4.1937903e-07
0.99267733 0.0073226187
0.9751726 0.024827385
0.9964629 0.0035371212
0.9997322 0.0002677852
1.0 3.5148751e-37
1.0 3.1836099e-16
0.9698933 0.030106742
0.99999416 5.863418e-06
0.9997774 0.00022267248
0.99999976 2.1343955e-07
1.0 2.689614e-10
0.9999994 5.3805695e-07
0.9999999 1.15561036e-07
0.99483633 0.00516374
0.99861157 0.0013883639
1.0 2.8237e-22
0.99999976 2.0866212e-07
1.0 7.460064e-14
1.0 2.497269e-18
1.0 4.410598e-27
0.087113395 0.9128866
0.12277567 0.8772244
1.0 6.0327182e-33
1.0 6.059254e-10
0.038565934 0.961434
0.94061863 0.059381444
0.9991572 0.0008428724
1.0 1.1470438e-15
0.9966324 0.0033676093
1.0 1.5664559e-35
0.99999905 9.819327e-07
0.8506258 0.1493742
1.0 3.209143e-08
1.0 3.6515665e-08
1.0 3.3960243e-25
1.0 3.2588037e-19
0.9999975 2.49634e-06
1.0 5.2872295e-08
1.0 4.4529533e-13
1.0 2.0369628e-08
0.67747325 0.32252678
0.016889267 0.9831108
0.9993793 0.00062074646
0.9999999 1.3104251e-07
1.0 2.12943e-10
1.0 1.2063036e-08
0.9951337 0.0048663043
0.594873 0.40512702
1.0 1.6417614e-22
1.0 4.569908e-15
0.5402481 0.45975193
0.99981135 0.00018861842
1.0 1.6382554e-14
1.0 1.5754461e-26
0.9912595 0.008740471
0.99999976 2.3329791e-07
1.0 2.1399389e-21
0.99681985 0.0031801292
1.0 3.0522376e-08
1.0 5.8556126e-19
0.9377064 0.06229365
1.0 1.4100394e-09
1.0 0.0
0.99999785 2.1575245e-06
1.0 2.0267533e-17
0.9989839 0.0010160077
0.9999894 1.0612126e-05
1.0 2.4299311e-23
0.9999963 3.7188997e-06
1.0 3.9357448e-11
1.0 0.0
0.9892278 0.010772265
0.99953175 0.00046831026
0.9982957 0.0017043452
1.0 5.4831117e-09
0.9968829 0.0031171073
1.0 1.7094857e-10
1.0 3.4793165e-11
0.6561325 0.34386757
1.0 2.0711397e-24
1.0 7.002667e-11
0.99305093 0.0069491114
0.9929609 0.007039132
1.0 1.2948803e-09
1.0 3.9150556e-16
1.0 8.444698e-12
1.0 2.0844992e-13
0.9997644 0.00023564979
1.0 4.3937963e-16
1.0 2.7659002e-08
0.99988055 0.00011938288
1.0 1.0508966e-09
0.9909951 0.0090048965
1.0 1.9419562e-16
0.82431483 0.1756851
0.85402507 0.14597496
0.09248455 0.9075154
0.8547546 0.14524534
1.0 2.9164636e-11
1.0 4.7111253e-15
0.8358643 0.1641357
0.9999993 6.880487e-07
0.9999914 8.572377e-06
1.0 2.2134774e-12
1.0 1.6242598e-26
1.0 2.828385e-10
0.9582379 0.041762125
1.0 6.9840933e-09
0.9987275 0.0012724354
0.99999905 9.4922905e-07
0.9986325 0.0013674813
1.0 1.4336901e-09
0.99951696 0.00048299725
1.0 9.7980855e-14
1.0 9.437249e-20
1.0 1.1446795e-14
0.9982198 0.0017801997
0.5334612 0.46653885
0.59747434 0.40252563
0.9998435 0.0001565417
0.99999034 9.648721e-06
1.0 5.564461e-30
1.0 4.016174e-33
1.0 5.1130896e-18
1.0 4.0499386e-13
1.0 1.0123707e-15
1.0 3.0066336e-14
1.0 2.3121292e-08
1.0 3.71249e-11
1.0 2.0363604e-12
1.0 3.081557e-11
0.9999515 4.851958e-05
1.0 8.379742e-21
1.0 2.4651107e-23
0.9935541 0.0064458577
1.0 2.1932609e-29
1.0 4.031444e-12
0.9999523 4.7720176e-05
0.9999999 5.9706814e-08
1.0 0.0
1.0 7.795171e-16
0.9997141 0.00028594644
1.0 3.5614843e-27
1.0 3.3867302e-13
1.0 2.5773082e-25
0.9999976 2.3525986e-06
1.0 2.847167e-25
1.0 2.090615e-13
1.0 2.4977239e-20
1.0 3.3139436e-38
1.0 1.727017e-20
1.0 1.8546562e-10
1.0 1.6989634e-14
1.0 3.135202e-13
1.0 1.438504e-26
1.0 9.713783e-27
1.0 1.7493159e-08
0.99993145 6.85161e-05
0.9999906 9.4715615e-06
0.4322365 0.5677635
0.9873323 0.012667777
0.47244772 0.5275523
0.9999856 1.4371877e-05
0.999655 0.00034500216
1.0 7.955334e-27
0.999956 4.4005632e-05
1.0 5.2121654e-11
1.0 8.273181e-13
1.0 1.2387921e-10
0.010544179 0.98945576
0.9984224 0.0015776182
0.9995975 0.00040250883
1.0 3.6819225e-10
0.9999552 4.4802633e-05
1.0 1.4363128e-12
0.9999894 1.0634536e-05
0.9992576 0.00074236316
1.0 5.7581544e-32
0.96916884 0.030831182
0.43645772 0.5635423
1.0 4.4944547e-14
1.0 2.7619569e-08
0.594218 0.40578195
1.0 5.6905116e-11
1.0 1.7830442e-25
0.9744622 0.025537862
0.99906117 0.0009388367
0.9999925 7.5556086e-06
0.40563998 0.59436005
1.0 1.2536607e-35
0.99999475 5.2831697e-06
1.0 9.888179e-11
1.0 1.3394063e-27
0.9999958 4.1249095e-06
1.0 7.5809523e-22
1.0 3.5187098e-12
1.0 1.661865e-11
1.0 4.921627e-08
0.9999951 4.837313e-06
0.9934436 0.006556431
1.0 7.73445e-12
1.0 2.0699549e-09
0.7710235 0.22897644
1.0 5.6765215e-13
1.0 5.475675e-11
0.9962561 0.003743932
0.6504226 0.34957737
1.0 1.9642158e-18
1.0 2.6499472e-32
1.0 1.4248372e-22
1.0 1.1391824e-21
1.0 2.7144242e-32
1.0 8.3125214e-16
1.0 6.5108136e-19
1.0 1.09275734e-13
0.9917121 0.008287858
0.9879802 0.012019767
0.960104 0.039896015
1.0 7.063443e-16
0.92751205 0.072488025
1.0 4.9347207e-08
0.9997018 0.0002981272
1.0 0.0
0.99999607 3.8906173e-06
1.0 2.1322617e-22
0.9999647 3.5316993e-05
0.99999905 9.81502e-07
1.0 8.0089435e-11
0.67497396 0.32502607
0.87828684 0.12171313
0.3767698 0.62323016
0.9999989 1.1057994e-06
0.80990607 0.19009387
0.9999939 6.109887e-06
0.3634174 0.6365826
1.0 0.0
1.0 6.73958e-14
0.99983776 0.00016217734
0.98936254 0.010637415
1.0 3.6027696e-17
0.98783433 0.012165683
0.9980849 0.0019151535
0.9912526 0.008747405
1.0 3.8375323e-15
1.0 3.5593268e-11
0.74121857 0.25878143
0.9993943 0.0006057223
0.99999964 3.1942005e-07
1.0 1.2590745e-08
1.0 7.357795e-33
0.99999976 2.3280562e-07
0.9951256 0.0048744464
1.0 5.769721e-09
0.6559431 0.344057
1.0 4.464522e-23
0.91195816 0.088041805
1.0 1.9068146e-10
1.0 4.893907e-35
1.0 7.5043155e-26
1.0 2.6550996e-08
0.96865696 0.031343073
1.0 5.934811e-13
1.0 7.433759e-10
1.0 2.1011804e-17
0.01723092 0.9827691
1.0 9.38002e-24
1.0 1.2516812e-37
1.0 1.41103556e-08
0.9958462 0.0041538114
0.9999974 2.6076227e-06
0.87001437 0.12998562
1.0 1.2099348e-16
0.5250254 0.47497457
1.0 2.50112e-26
0.99999976 2.1024795e-07
0.99999964 3.3158727e-07
0.9999999 8.151091e-08
1.0 2.8538797e-15
0.9974706 0.0025294048
0.9999286 7.144831e-05
1.0 7.6934897e-23
0.99964786 0.00035208042
1.0 2.4233189e-14
1.0 7.092859e-09
1.0 6.484227e-24
0.95938945 0.040610574
0.99997044 2.9593533e-05
0.94482934 0.055170592
1.0 7.3248374e-32
0.9999999 1.5260635e-07
1.0 2.5952093e-14
0.99999976 2.1351977e-07
1.0 3.7242563e-11
1.0 5.1742126e-17
1.0 4.095574e-14
1.0 6.7787633e-09
0.9991943 0.0008056421
0.9999633 3.67673e-05
0.999984 1.598263e-05
1.0 3.3733884e-11
0.9997801 0.0002198867
0.99999964 3.4436835e-07
1.0 1.2575037e-25
1.0 1.9682661e-18
0.999742 0.00025804923
1.0 7.917264e-23
1.0 5.1474438e-15
0.99999607 3.987841e-06
0.9999844 1.5569145e-05
1.0 4.419529e-10
0.9983804 0.0016195648
0.99999404 6.0174234e-06
0.9938065 0.006193501
0.924597 0.075402945
0.99986243 0.00013756829
0.0070002247 0.9929998
1.0 5.9394195e-17
1.0 9.317293e-16
0.9999951 4.845666e-06
1.0 7.610848e-24
0.9999647 3.524166e-05
0.060061052 0.9399389
0.9999726 2.7403608e-05
1.0 4.554555e-09
0.8465536 0.15344644
0.9999999 7.843793e-08
0.99911064 0.00088939373
0.9933843 0.006615684
0.9999995 5.124872e-07
0.9909843 0.009015622
1.0 6.3930462e-12
0.77057827 0.22942176
0.99999976 2.819913e-07
1.0 2.976216e-37
1.0 1.8543785e-08
0.9999999 6.8248866e-08
0.6338548 0.36614516
1.0 1.4713916e-28
1.0 3.638338e-11
0.9998087 0.00019135047
0.6191007 0.38089934
0.99975985 0.00024016268
0.9998223 0.0001777104
0.95810986 0.041890223
1.0 1.1189825e-10
1.0 2.5632494e-09
1.0 1.7130643e-16
1.0 1.1297229e-35
0.99833775 0.001662196
0.99988556 0.00011438505
1.0 4.1793232e-22
1.0 2.4323046e-16
1.0 0.0
0.8552503 0.1447497
0.2986546 0.7013454
1.0 5.6455336e-24
1.0 1.7464078e-13
1.0 5.4057577e-17
1.0 1.2661107e-09
0.40642086 0.59357905
0.9999858 1.4153006e-05
1.0 4.3414395e-12
1.0 3.2678246e-29
1.0 1.3502389e-15
1.0 0.0
1.0 2.7399806e-13
0.0077288756 0.99227107
0.99999285 7.1415125e-06
0.9999931 6.96482e-06
1.0 5.1482863e-12
0.21933955 0.78066045
0.9254971 0.0745028
0.8464195 0.1535805
0.8046502 0.19534978
0.9998379 0.00016211366
0.9988996 0.0011003697
1.0 2.154503e-28
1.0 8.013731e-10
0.030134711 0.96986526
1.0 6.676529e-14
1.0 5.6485683e-10
0.9999924 7.681358e-06
1.0 5.394277e-27
0.4898132 0.5101868
1.0 1.0052881e-18
1.0 4.9372832e-26
1.0 2.3822476e-14
1.0 2.4764006e-09
0.79649544 0.20350458
0.9984491 0.0015509408
1.0 2.3216769e-21
1.0 1.5362166e-20
0.99999976 2.523743e-07
0.9963003 0.0036997895
0.9570308 0.042969216
1.0 3.1715135e-08
0.9996867 0.00031333492
0.08123439 0.91876554
1.0 4.49402e-13
0.99567974 0.004320249
0.9997974 0.00020259425
0.7571585 0.24284144
0.99998665 1.3382581e-05
0.9999988 1.1544267e-06
0.99981946 0.00018053199
0.9999949 5.165272e-06
1.0 2.6320326e-11
1.0 2.0075773e-25
0.9999926 7.3947595e-06
1.0 2.717174e-29
0.9936028 0.006397177
0.9782195 0.02178049
1.0 2.6151907e-17
0.9999994 6.2294146e-07
1.0 1.1944706e-09
1.0 3.55361e-14
0.9999999 6.688185e-08
0.85177237 0.1482276
0.9886207 0.011379252
1.0 9.11564e-22
0.9993622 0.0006378085
1.0 1.9112334e-34
0.99998724 1.2746941e-05
1.0 1.9703845e-18
0.9999989 1.1197734e-06
1.0 7.699536e-16
1.0 2.7236564e-09
0.9999999 1.3710942e-07
0.99999964 4.0589046e-07
1.0 2.441976e-14
1.0 3.7051845e-10
0.99999595 3.995831e-06
1.0 8.921666e-18
0.9531976 0.04680237
1.0 6.532444e-23
0.54930884 0.45069125
1.0 1.4848429e-16
1.0 1.4573355e-15
0.19606426 0.80393577
0.9990452 0.00095475715
0.9268265 0.07317359
0.37588504 0.62411493
0.999566 0.00043396684
0.9999037 9.628275e-05
0.99998 2.0006197e-05
0.9999994 6.4503934e-07
0.9807139 0.019286076
0.9970271 0.002972933
1.0 9.208002e-09
0.894991 0.105009064
1.0 6.082346e-28
1.0 4.384003e-08
1.0 1.3006513e-11
0.9997348 0.0002651959
1.0 2.4430728e-16
0.9971244 0.0028756724
1.0 1.3203195e-23
0.23699814 0.76300186
1.0 5.1711798e-11
0.9954085 0.0045914827
0.11000588 0.88999414
1.0 5.2276134e-35
0.99999833 1.6515808e-06
1.0 1.079758e-14
0.9999999 1.7738981e-07
1.0 2.2428152e-37
1.0 5.7080863e-12
1.0 1.0932613e-14
1.0 0.0
0.9999137 8.6335494e-05
0.9474589 0.052541066
0.99873215 0.0012679079
0.8093721 0.19062789
1.0 1.4866965e-08
0.9901904 0.009809552
0.22325905 0.77674097
1.0 5.066539e-11
1.0 1.6898382e-20
1.0 0.0
0.9999995 5.2735476e-07
0.92870677 0.07129326
0.99999845 1.5794612e-06
1.0 1.916981e-18
1.0 8.168924e-09
1.0 2.935092e-14
0.94325477 0.05674523
1.0 0.0
1.0 5.0841882e-14
0.9999951 4.941615e-06
0.4669234 0.53307664
0.99809116 0.0019088109
0.9999943 5.700999e-06
0.9999994 5.919389e-07
1.0 3.0607765e-13
0.006607062 0.9933929
1.0 1.02864536e-10
0.99998 2.0024752e-05
0.99998784 1.2198375e-05
0.017566988 0.98243296
1.0 1.1716734e-28
1.0 5.866802e-23
1.0 1.4722316e-12
0.7891779 0.21082214
0.9992674 0.00073255843
0.98305076 0.01694929
0.99999905 9.021985e-07
1.0 1.5198395e-17
1.0 2.41441e-14
1.0 4.8558846e-25
0.98584926 0.014150784
1.0 3.2063685e-21
1.0 3.4865689e-12
0.9999999 9.158402e-08
0.9999995 4.9081325e-07
1.0 7.338882e-12
1.0 2.00676e-08
1.0 2.1495922e-22
0.99999905 9.700819e-07
1.0 6.9916416e-34
0.99987376 0.00012626743
1.0 3.5524348e-08
1.0 8.13311e-15
0.22044696 0.77955306
0.9999964 3.5931898e-06
1.0 1.1053949e-11
1.0 6.231582e-18
0.999967 3.3044285e-05
1.0 0.0
0.018806007 0.98119396
0.8930574 0.10694253
1.0 1.9056098e-15
0.9999989 1.1179254e-06
0.9999989 1.0894511e-06
1.0 3.0456733e-26
0.98617953 0.013820434
1.0 5.289632e-15
0.9643908 0.035609134
1.0 1.031658e-09
0.9999441 5.586382e-05
0.61957896 0.38042113
1.0 5.013021e-28
0.4734886 0.5265114
0.9999982 1.7544805e-06
0.9999989 1.0930811e-06
0.9999707 2.936117e-05
1.0 9.616931e-11
1.0 4.2668397e-13
1.0 3.7379567e-14
1.0 8.110238e-17
0.99999297 7.0227393e-06
1.0 1.202067e-10
1.0 3.9786815e-12
0.99891543 0.0010845332
1.0 2.6890196e-17
0.24299997 0.757
0.99993205 6.798191e-05
1.0 2.2382152e-16
1.0 3.682561e-29
1.0 4.8176058e-15
0.8904124 0.10958758
0.9999999 1.0393478e-07
1.0 2.5654093e-18
0.98169315 0.018306829
1.0 1.5462198e-09
0.9999994 5.6600646e-07
1.0 2.3380688e-11
0.99969566 0.00030437234
1.0 2.7335117e-14
0.99999213 7.91158e-06
0.5544904 0.44550958
1.0 4.5873102e-35
1.0 3.7372317e-28
1.0 2.608088e-09
1.0 1.2252957e-15
0.40450048 0.5954996
1.0 0.0
0.8906297 0.10937025
1.0 6.749132e-27
0.9978157 0.0021842017
1.0 6.75818e-18
0.08370434 0.91629565
1.0 5.311753e-15
1.0 6.187242e-10
0.99963236 0.0003675769
0.99941874 0.00058128004
1.0 1.7042814e-27
1.0 2.2559486e-14
1.0 5.911074e-10
0.9916385 0.008361486
1.0 3.664615e-11
0.014602409 0.9853976
1.0 1.1713442e-18
1.0 1.1421831e-09
0.9348186 0.06518143
0.9990533 0.000946718
0.9998161 0.00018394411
0.9999993 6.591028e-07
0.99768317 0.002316771
1.0 4.690818e-18
1.0 2.83268e-08
1.0 1.0306962e-09
0.072844505 0.9271555
0.9997286 0.00027139077
0.9999989 1.057817e-06
0.9999912 8.777932e-06
0.9967956 0.003204399
0.70985574 0.29014426
1.0 8.551126e-26
1.0 3.8920047e-16
1.0 6.310019e-18
1.0 2.817564e-09
0.89272314 0.10727686
0.9973592 0.0026407533
0.9892216 0.010778383
0.99999905 9.681189e-07
0.8852599 0.11474007
0.9994999 0.00050008576
1.0 1.8852145e-21
1.0 0.0
1.0 5.4570315e-19
1.0 8.30155e-14
1.0 2.6401225e-11
0.9999999 1.01133246e-07
0.9891577 0.0108423615
0.9994885 0.0005115031
0.99838066 0.001619359
1.0 4.137222e-08
1.0 5.504284e-18
1.0 1.9626175e-21
0.9572606 0.0427394
