0.59490615
0.63453406
1.3195548e-22
0.84473574
0.97287863
0.65372884
0.997184
0.034706213
0.9968009
0.9787185
0.4727934
0.26822755
0.97904634
0.008988912
0.87193877
0.98827076
0.47305217
0.81707305
0.017297825
7.216966e-19
0.018006174
0.9955147
0.99024767
0.19010416
0.9927481
0.994307
0.9234965
0.3034086
0.9939699
0.22416244
0.9721639
0.9947806
0.8516572
0.98952216
2.569681e-17
0.9156359
0.23914577
0.40722963
0.17117146
0.99155325
0.9665009
0.9777801
0.9921767
0.27776957
0.80732787
3.4183623e-20
0.9724768
0.98196787
0.96190137
0.9927481
0.8131947
0.9711973
0.9967428
0.1033443
0.8984124
0.4661953
0.5923533
0.91986793
6.5691994e-13
0.9876303
7.970994e-23
0.297674
0.9927481
0.9938232
0.97654337
3.5049726e-07
0.9800668
0.9497583
0.08635658
0.44661254
0.8677511
0.9919139
0.9776505
0.83900225
9.590997e-05
0.94000095
0.9064998
0.97701025
0.26271838
0.9955036
0.9599818
0.9905689
0.9303917
0.9875145
0.7691617
2.9037955e-12
0.9894965
0.71553874
0.9991899
0.31995758
0.9876018
0.6676938
0.9794719
0.9981223
0.9927492
0.39466074
0.011092315
0.50942326
0.39026347
0.88196194
0.9948748
0.00040438396
0.8922513
0.51629883
0.99805284
0.5763328
0.9876984
0.84147584
8.683204e-05
0.9751286
0.9918566
0.45181337
0.6301612
0.97836477
0.9789327
0.39933664
0.30164513
0.8792828
0.8779245
0.52260137
0.9962773
0.994319
9.743078e-09
0.018943027
0.9962218
0.4468509
0.9830536
0.00018175087
0.9882981
0.36687943
0.9493102
0.9927481
0.9959455
0.40773404
0.9807582
0.36078066
0.7341507
0.93610615
6.539196e-17
0.47492564
0.9858738
0.9960104
0.06738622
0.9140763
7.319979e-24
0.9928596
0.89227533
0.99434906
0.778234
0.0011831216
0.99464875
3.3084414e-06
0.83779395
0.98706543
0.8112012
0.9967489
0.5143248
0.1462768
0.6231603
0.9084299
1.0396337e-05
0.070637286
0.57608676
1.1063112e-17
0.9895978
0.98350126
0.41218525
0.81805485
0.9437147
0.0009566552
0.99617696
0.9232552
0.2018693
0.6708025
0.9483592
0.0048614717
0.005050705
0.67738867
0.7052682
0.47325778
0.9919246
0.27086344
1.1549747e-05
0.99629104
0.08480925
0.3159705
0.005850537
0.6162176
0.6152589
0.88437515
0.97952604
0.86180437
0.7300634
0.9954723
0.8689747
0.999092
0.2250778
0.006020662
4.0589112e-27
0.6740499
0.5164397
1.5178298e-16
0.6412561
0.9542927
0.3724795
0.0007440257
0.9030697
0.9893645
0.9883813
0.9932834
0.9927481
0.8762179
0.9943581
0.04186954
0.9880945
0.5736226
0.13772142
0.035090834
0.9578475
0.7176192
0.45896307
0.9665273
0.9885183
0.69780535
0.83491975
0.99587494
9.218546e-09
0.9225467
0.99194837
0.99166954
0.9938828
0.9912998
0.99764496
0.9915143
0.7152962
0.008964766
0.77771384
0.6260969
0.8342078
0.6842595
0.9945116
0.84768313
0.9927481
0.0383648
0.9166239
0.9952018
0.83379704
0.613231
2.0859377e-05
0.011495381
1.0406931e-14
0.8682479
0.9588773
0.8582725
0.9718893
0.9907845
0.019231193
0.98188627
0.9044246
0.9966185
0.8812054
0.9882058
0.8223137
0.07177235
0.023162484
0.21939823
0.9941445
0.8413608
6.636289e-07
0.2054072
0.037036024
0.99075025
0.9868836
0.98963684
0.12760547
0.94636995
0.99292207
0.0009591691
4.267383e-29
0.019446053
0.8843011
0.9740912
0.9873147
0.98777944
1.2377359e-22
0.9952493
0.99191225
0.9927481
0.3775444
0.9212478
0.9911794
0.9510616
0.9502895
0.9855898
0.46938935
4.875252e-14
0.9927481
0.88628924
0.3647831
0.6544979
0.37171972
0.42713848
0.34791526
0.8321731
0.32336828
0.9389587
0.22011179
0.98168415
5.654186e-13
0.99118716
0.93001014
0.9988488
0.79102457
0.1776023
0.5504344
0.265922
0.6074181
1.1954418e-16
0.9935942
0.106965125
0.9941111
0.043638565
0.041779686
0.1182163
0.97391164
0.028545516
0.0006365345
0.94343734
0.0002437071
0.9841686
0.99613106
0.9842503
0.13715452
0.6426561
9.9543485e-08
0.9832549
0.970433
0.99458706
0.9952277
0.9400785
0.86253965
0.3219972
0.123737045
0.9944476
0.8670569
0.07149517
0.9927481
0.93164396
0.9649764
0.33773345
0.12215616
0.71728235
0.34609884
0.99678516
0.1148988
0.53538454
0.9901522
0.0055746147
0.79744214
0.22691087
0.8045554
0.16463286
3.5390903e-16
0.9921061
0.8305542
0.98901933
0.95267236
0.98085177
0.9749724
0.88604194
0.74976826
0.08998405
0.93330866
0.99683964
0.99096173
0.9984048
0.99812275
0.03729462
0.9272183
0.11326786
0.98606354
0.9950165
0.8628233
0.5109243
0.99767107
0.70006716
0.33220792
0.99514693
0.99851245
0.34688088
0.0002846859
2.5271834e-14
0.48708543
0.9542281
0.51044625
0.37498334
0.9255913
0.020765407
6.5907136e-16
7.124093e-14
0.9542242
0.93424964
0.99682426
0.8187058
0.9915767
0.9927481
0.9925991
0.99594915
0.9157182
0.3217533
0.4919575
0.9947661
0.9925615
0.11875732
0.5795175
0.8995811
0.99271977
0.042678494
0.9850987
0.84768313
0.8785525
0.9805665
0.90739447
0.5912466
6.2949916e-06
0.71406364
0.7469782
0.45645133
0.99714464
0.7045587
0.82920307
0.99037486
0.99372005
0.009134973
0.9968047
7.353633e-06
3.472195e-08
0.75124645
0.33978403
1.2144372e-11
0.07703516
0.98487586
0.97567785
0.08948272
0.9884233
0.99459165
0.5634537
0.9939347
0.943945
0.24278218
0.026752379
0.9983923
0.7579927
0.099931315
0.9480225
0.9910535
0.78853834
0.8738606
0.9895983
0.99566275
0.3940247
0.2016712
0.98895067
0.96843255
0.13003223
0.954427
0.9721744
0.9806934
0.13453439
0.9958637
0.71190447
0.0024419867
0.99378985
0.34819558
0.84267527
0.9992605
0.98873305
0.43679008
0.99999976
0.6519761
0.026088303
0.8888897
0.0044391863
0.06605736
0.13405754
0.49883652
0.98943394
0.9916099
1.3995893e-13
0.99904174
0.28933036
0.9874752
0.9179964
0.99096864
0.9973877
0.9375576
0.5550976
0.008848388
0.79808253
0.9794779
0.70509076
0.0026190958
0.62150127
0.9601176
0.986978
0.82341564
0.9511231
0.88078666
0.614573
0.8331621
0.9874077
0.7919981
3.5642418e-06
0.9628757
0.9927481
0.9673172
0.0020028576
0.9927481
0.8713546
0.9102923
0.8344463
0.35128924
2.2676615e-10
0.9621581
3.1661393e-06
0.82318777
9.771563e-22
0.044634264
0.63055277
0.013795404
0.04579915
0.836922
0.99734086
0.040756494
0.45064023
0.9794448
0.5508476
0.99937564
0.13100548
0.9516193
0.994909
0.9841451
0.97293335
0.16233966
0.99337727
0.72814405
0.8150528
0.019869044
0.9915454
0.9970885
0.98934853
0.3874944
0.9928618
0.9804277
0.9950701
0.9513988
0.9392969
0.59067506
0.99082875
0.9877743
0.556243
0.74610215
0.99070567
0.9873275
0.22475353
0.046770155
0.9482186
0.9951859
0.012101127
0.15651286
0.9963875
1.4960761e-18
0.8541362
0.63451046
2.5551695e-05
0.99078524
0.008549486
0.9910154
3.1425722e-09
5.7277477e-05
0.92145306
0.99793136
0.9931805
0.46848127
0.23505217
0.9472646
0.9055388
0.8146641
0.62138295
0.9439132
0.99623317
0.25730598
0.99250984
0.99587256
0.90565133
0.88075083
1.9743352e-06
0.8415011
0.9930934
0.99256057
0.5985082
0.9956002
0.8819551
0.9914043
0.42800978
0.98224926
0.5272525
0.19899069
0.045723353
5.7019756e-18
0.6031748
0.9999815
0.62719864
0.8195912
0.13700053
0.7945021
0.9948526
0.6565502
5.927891e-07
1.511432e-07
0.80027556
1.9624033e-18
0.034428194
0.4335967
0.9927481
0.50382054
0.86653066
0.30150452
2.6796616e-31
0.6094284
0.88217175
0.9746202
0.9928813
0.91468805
0.59268135
0.9733902
0.47516
0.9900123
0.97047776
0.15536897
0.9908172
0.98959106
5.133646e-12
0.923127
0.86156076
0.054993443
0.99469155
0.97573674
0.9918468
6.2835915e-07
0.7323417
2.0912154e-26
0.003016145
0.9577842
0.9830322
0.22649196
0.991087
0.5121568
0.9383212
0.005100038
0.9829228
0.60712147
0.13606252
0.00048115506
0.52239895
0.87146765
0.994216
0.19554643
0.9425237
0.21393305
0.58037597
0.0007158295
0.5973443
0.962374
0.997804
0.78188
0.2606521
0.9895264
0.9440649
0.0010199457
0.01405744
0.99337363
0.3236134
0.7809537
0.11053063
0.96572036
0.98248994
0.07797747
0.9720194
0.9981641
0.96956754
0.99443936
8.2039014e-07
0.87034386
0.98593336
0.9893497
0.0012571639
0.99839765
1.4731131e-09
0.84871495
0.117492884
0.85457987
0.8528649
0.0036338174
0.99686927
0.9528455
0.0025259578
0.9924291
0.970958
0.38307914
4.8094675e-09
0.9927113
0.144688
0.8517881
0.002848524
0.17784593
0.92905885
0.9886774
0.00087170943
0.9973201
0.9915104
6.937243e-07
0.95186335
0.9927481
0.6071673
0.899357
0.03410569
0.9939713
0.33878398
0.8479124
0.8274393
0.53780943
0.9387987
0.6216735
0.99156487
0.99921167
0.9888343
5.8169068e-08
0.60510045
0.99676514
0.012653084
0.60670483
0.90055853
0.84940094
0.9787825
0.66648567
0.8410796
0.9927206
1.1057297e-08
6.3474585e-07
0.9125038
0.7989653
0.99441296
0.5480254
0.9928599
0.4981989
0.026562637
1.5496888e-13
0.5623025
7.743647e-08
0.9981614
1.864771e-05
0.915834
0.9525405
9.858122e-05
0.06351276
0.95364547
0.9861146
0.9961881
0.9886846
2.1613512e-05
0.9955707
0.9499349
0.94444484
0.5771749
0.76208967
0.99783796
4.4084385e-15
0.9913591
0.9406452
0.036689177
8.0952734e-05
0.97022355
0.9831797
0.96972936
0.71979916
0.14162844
0.9545439
0.99648273
0.95154136
0.97391164
5.728502e-05
0.15229484
0.6095654
0.99189633
0.9954869
0.93471885
0.9440918
0.9649537
0.96348566
0.89243966
0.66190124
0.8144702
0.96785516
0.992864
0.053827878
0.9957838
0.9989287
0.9861877
0.9936702
0.9961737
0.97313005
2.1700296e-06
0.99552226
0.42484036
0.82785106
0.94653
0.9074378
0.99778783
0.9927481
0.86508787
0.8569451
0.52274793
0.19916575
0.14687118
2.2803924e-13
0.5212229
0.10214627
0.92661107
1.572616e-05
0.9844556
1.18954795e-05
5.4456998e-11
1.3349248e-05
0.9365434
0.13991171
6.5189766e-07
0.4511514
0.99058753
0.9613006
0.9843295
0.89017624
0.8921739
0.9873061
1.7696447e-06
0.99746764
0.7257597
0.058941524
0.96080863
0.7346536
0.23019584
4.1271902e-05
0.0001630688
0.5831597
0.9601854
0.310558
0.9828607
3.988841e-06
0.3183021
6.745053e-08
6.6264503e-19
0.996507
0.028109577
0.1143637
0.7712182
0.32942227
1.342905e-13
0.83823425
2.1415203e-31
0.9231784
0.8707763
0.58171576
0.9943305
2.953973e-11
0.97823685
0.28375772
0.20077994
0.9169144
0.9896572
0.98457783
0.892065
0.981517
0.9303195
0.9782914
0.36071208
0.98249316
0.98556167
0.85303855
0.012311648
0.6820791
0.060882907
0.9499178
0.44353426
0.19476186
0.049561094
0.895152
0.9850772
0.9250063
0.5298129
0.97668034
0.19232291
0.88089305
0.59217376
0.954192
5.7708803e-19
0.0003886731
0.07073814
1.1473585e-08
0.92523664
0.029949691
0.5066114
0.9326037
0.93847084
0.002428792
0.9758297
0.85000443
6.956032e-08
0.00034962618
4.0856572e-05
0.932134
0.9914084
0.30780795
0.9880127
0.9538595
0.9405738
0.9445669
0.064307116
0.007752184
0.99001616
0.98305154
0.750748
0.00979379
0.8837395
0.7595035
0.42334038
0.800369
0.9732031
0.994941
5.0427786e-09
0.76130265
0.98802465
0.023267314
0.9796196
0.5812472
0.9882334
0.89472777
0.9781352
0.9949443
0.8097026
0.43627772
0.99443555
0.9887812
0.49632826
0.9024515
0.01929629
0.8866723
0.16163976
0.28314888
0.9699314
0.9961356
0.87029284
0.9860891
0.997601
0.99835217
0.99794
0.100697726
0.668495
0.99604887
0.9669768
0.003011742
0.9927481
2.0147106e-19
5.632659e-05
0.1858859
0.9042332
0.8063016
0.76138157
0.99849343
0.99336785
0.99323976
0.9912832
0.9971155
0.9895223
0.86519057
8.121036e-11
0.009173128
0.9769548
0.103486836
2.0562584e-05
0.99510694
0.8434712
0.9971355
0.989139
0.95801264
0.9950139
0.98808974
0.2871286
0.47890803
0.42499548
0.44225916
0.9967128
0.88085467
0.96984583
0.8326523
0.9955323
0.9893244
0.9628994
0.9908188
0.9741247
0.9090964
0.7659286
0.016322946
0.48440868
0.95766747
0.5684274
0.9869287
0.3783359
0.43925416
0.9949992
0.99201995
0.71598935
0.15999907
0.4075132
0.010939804
0.92361933
0.94823205
0.85517263
0.8221161
0.09824073
0.8919156
0.99099684
1.6702747e-06
0.4672767
0.6648148
0.30487671
0.5481205
0.73486984
0.21234818
0.89287245
0.022606663
0.971942
0.13347213
0.99633455
0.07309782
0.942358
0.95178246
0.3942242
0.6616679
0.016661024
0.51622355
0.18631093
0.9952054
0.064813025
2.1663976e-11
0.96042967
0.9927481
0.2395109
0.16792335
0.9437207
0.9792225
0.94365716
0.9927481
0.9384617
0.6942816
0.45743033
0.7054424
0.10032538
0.97068596
0.53702074
0.67236185
0.99880946
0.9912561
0.88843054
0.9882658
0.8663561
0.6565687
0.9899155
0.618546
0.6290143
0.8582359
0.0043790694
0.9886029
0.030659586
0.44403145
0.98395187
0.9626122
0.98890674
0.9835181
0.94139594
0.99462837
0.063990325
0.9850177
0.9778479
0.48396268
5.581904e-19
0.97805333
0.970385
0.9837038
0.9809201
0.99377114
0.9975414
0.98886335
0.5176862
0.68301517
0.018149959
0.99581724
0.98366594
0.98808527
0.99482536
0.16071172
0.98622954
0.23208341
0.26435012
3.1709349e-06
0.99611545
1.9396118e-06
1.2136954e-06
0.41993314
0.21575953
2.2496839e-10
0.013851879
0.22471681
6.3302563e-15
0.3745867
0.6296244
8.585413e-26
1.4151465e-22
3.0269127e-09
4.4870444e-22
1.1004245e-14
0.00017196641
1.6229964e-11
2.5317874e-13
1.36755e-26
0.45189515
3.1765957e-10
6.3339036e-15
1.5370101e-32
2.4787785e-27
6.90155e-14
0.0007879697
1.9506775e-11
3.072492e-17
1.9543282e-25
7.111231e-05
0.0004529346
0.0013928023
4.4078488e-38
5.8035403e-05
1.8729095e-11
1.2758367e-31
0.040769156
1.4759229e-20
5.722629e-07
3.3048984e-08
3.7036302e-10
2.0196607e-07
0.059543494
2.1017918e-07
3.4467381e-12
9.618403e-06
1.5556296e-06
3.778236e-09
5.3466334e-05
0.05675174
7.1636146e-07
3.8366464e-19
7.5527575e-09
0.013854889
4.5958046e-09
1.5221314e-17
0.00041462685
0.000120301556
1.3828541e-16
1.1133727e-06
0.056378387
1.3800049e-21
9.862734e-06
1.7201562e-16
9.6976975e-23
2.3215199e-19
0.1519507
1.687535e-09
8.4912314e-38
5.6481313e-12
8.245455e-13
5.862921e-19
1.2143445e-26
7.6973333e-07
0.035507947
6.692919e-31
1.1257429e-10
6.8295084e-31
1.4513151e-09
0.23192239
7.165614e-11
0.38644248
1.2912256e-16
0.038236886
1.5365044e-19
0.09119429
3.81206e-10
0.09601125
2.8915053e-11
0.03645157
0.0016415069
1.8476047e-18
0.4701314
7.6342005e-08
1.2526135e-13
0.020772759
2.6557624e-05
0.011554102
1.9966181e-17
6.6673173e-21
0.5767899
0.00047708926
3.5337284e-12
4.956634e-07
3.5020148e-05
5.2226727e-07
1.8869867e-11
1.2809973e-07
0.13728425
0.007829578
8.282216e-12
0.008557558
1.7942432e-07
0.208962
0.0
0.15978208
0.0006230545
0.0118357185
9.2574163e-07
1.6124675e-12
0.008489914
0.17284349
6.7955375e-10
9.4880187e-07
4.4928156e-06
0.0060141054
6.799589e-06
9.3911254e-15
1.5259316e-12
3.356432e-11
0.23844784
7.948484e-18
0.8269213
0.0
5.0525276e-05
5.0767854e-25
2.4312663e-23
0.009588998
4.540425e-06
0.0018630231
4.1168284e-11
5.115256e-14
8.1914243e-07
0.02084048
0.053000584
1.1406353e-05
0.009754548
2.8212509e-18
0.5725268
9.972495e-07
0.085134946
2.2004664e-38
2.9465155e-06
0.0014511489
5.7812493e-22
2.7216906e-11
0.493335
0.4789518
6.8555375e-22
1.1146576e-15
0.0028307363
8.9003543e-10
1.8925962e-14
1.9056889e-16
0.0024644064
2.395118e-06
4.558577e-36
0.000106922525
1.8431356e-17
0.0026308205
1.8643791e-16
0.006527281
0.3439795
0.20461255
3.4116006e-06
7.897895e-09
0.0027987645
2.6779326e-10
7.025343e-11
1.943246e-08
0.0
0.07208079
3.2666545e-13
0.3376123
1.027266e-06
0.005836299
0.004533408
5.211587e-07
4.7607878e-06
0.03405886
2.1463293e-31
1.1646683e-05
4.081899e-16
4.5011384e-10
0.7548627
4.1317359e-22
8.973494e-07
5.112433e-08
4.7269605e-25
0.90812397
0.0050717
0.000527391
2.3204622e-07
1.95093e-06
0.0085280705
0.059315946
4.2064724e-19
1.274074e-08
8.190778e-10
4.7284276e-15
0.43506372
0.008048093
1.1772339e-27
9.58167e-18
7.620438e-08
2.2934828e-13
4.506595e-13
0.0145684555
2.5211278e-21
1.0790757e-06
6.478123e-23
0.014480214
9.162172e-09
3.5313322e-05
1.6526806e-06
6.4586693e-06
1.8303946e-20
2.5026398e-05
0.19207752
2.6238542e-05
8.2388916e-26
9.876364e-06
2.624455e-32
0.04581278
3.0030264e-08
4.4776494e-18
0.026544482
7.8905535e-11
6.5458583e-10
5.127101e-07
2.5873647e-11
1.3222076e-26
3.221457e-12
2.0887743e-05
1.1668432e-20
0.6735532
0.0004401518
5.866046e-14
0.9468503
4.778461e-05
0.48944342
3.200292e-08
5.10495e-23
1.7187464e-08
2.9933483e-17
1.1391578e-11
1.4613378e-08
1.2260837e-07
1.791073e-08
0.0007844129
3.218932e-20
4.4153432e-05
1.2810474e-09
0.1045528
1.8832544e-07
0.00036654394
2.6502624e-12
0.78570753
0.00010989228
0.00071711343
1.2356821e-17
0.0005638647
3.3105793e-10
1.0764896e-06
9.737821e-05
2.857697e-27
2.1063122e-21
0.9070172
1.8657598e-08
0.16117804
1.2550206e-11
3.2540003e-05
0.002924427
7.222786e-09
5.2645834e-07
9.327707e-17
3.6939438e-10
1.222741e-06
1.1874892e-29
5.2322577e-14
3.233548e-08
1.0903861e-09
4.276892e-05
5.67212e-12
7.832659e-11
3.881211e-16
1.1085054e-14
0.005872243
1.9770795e-24
0.0007466338
0.0007866631
1.2565907e-07
0.0004057906
2.2156666e-05
5.6720173e-10
3.7071512e-13
0.00027890073
1.039271e-10
4.1857457e-18
6.875887e-11
0.19277947
7.5142583e-07
2.5012097e-08
4.1455795e-08
3.722155e-33
4.7642226e-30
1.5157724e-13
8.3617236e-23
0.8237526
1.11107e-06
9.646272e-14
1.7850826e-36
0.0030613628
0.002542603
0.0
5.023193e-10
2.3284778e-05
9.308908e-16
3.0182005e-21
8.727931e-06
3.9168197e-07
0.0015230668
4.646429e-14
8.904346e-21
4.054128e-09
2.2511842e-05
7.563278e-21
0.06519059
9.16141e-15
4.2929824e-15
2.7792764e-14
5.2884494e-12
0.10174818
5.803282e-21
0.017938474
2.3801192e-06
0.1411162
0.00017675593
0.28044525
2.0817467e-12
2.013287e-06
1.4618192e-13
1.8644186e-12
1.0275913e-06
5.9512703e-13
3.9755873e-06
4.7627294e-05
1.5878676e-09
0.0079481695
1.2384449e-36
6.920251e-15
5.0424633e-06
5.517511e-13
0.0015003884
1.4745924e-23
1.1374284e-13
3.564116e-06
0.42940328
2.5659692e-09
3.0123036e-11
1.1535342e-14
1.4543359e-16
9.417492e-06
2.0989923e-33
9.828049e-22
2.703061e-07
5.40966e-05
3.2762326e-13
2.7976195e-18
6.5181964e-11
0.0
0.38094786
0.49508235
0.7496057
1.1134036e-05
7.6049886e-08
1.9781609e-14
2.1832372e-20
0.6061993
3.8935957e-15
4.0940106e-26
3.7218204e-11
1.2958185e-10
0.0010016193
2.449705e-06
2.069766e-31
4.2900644e-13
5.281714e-06
0.08982997
2.0652542e-09
6.817493e-13
6.67254e-19
0.0
0.0044148997
4.264921e-16
0.00012507963
5.1623544e-13
0.0166941
1.7575876e-07
0.54806167
2.0077106e-05
1.0718804e-18
0.9498127
0.9134406
9.669588e-05
1.5373529e-21
1.0682182e-08
1.0896633e-05
0.018226458
5.557178e-10
5.825573e-21
0.22127536
0.007267448
2.0664273e-10
0.028448788
5.406884e-20
0.00050639187
9.5697585e-26
0.11051264
0.0049076686
8.274531e-06
7.195426e-23
0.2543213
0.017989378
0.32488796
4.5721646e-27
1.7940907e-06
0.0014895102
0.00010508188
0.001192793
0.023444822
3.2471985e-13
0.86368287
0.62193793
1.7781846e-06
4.883172e-10
8.677249e-32
1.0943776e-10
0.8078657
0.00885398
4.4008106e-11
5.0170693e-06
6.341759e-07
1.5055167e-18
2.8639756e-17
0.070047505
3.5801808e-05
2.433932e-36
5.086918e-35
5.6381504e-17
4.1325177e-10
0.014200207
0.00045219428
5.249121e-10
0.00053635816
9.503454e-23
1.1306006e-06
0.0
1.5802608e-19
4.9378253e-09
2.4629224e-14
7.0324504e-06
7.302171e-06
2.725191e-19
2.3172582e-09
1.932932e-31
0.616703
4.450118e-06
6.6421524e-07
5.2577663e-05
1.6448444e-31
0.007189624
1.2790677e-16
2.3379064e-06
9.520951e-14
3.6470867e-14
1.6462388e-15
1.0387909e-07
0.9933774
0.0
5.6632177e-10
6.9895464e-08
4.1937903e-07
0.0073226187
0.024827385
0.0035371212
0.0002677852
3.5148751e-37
3.1836099e-16
0.030106742
5.863418e-06
0.00022267248
2.1343955e-07
2.689614e-10
5.3805695e-07
1.15561036e-07
0.00516374
0.0013883639
2.8237e-22
2.0866212e-07
7.460064e-14
2.497269e-18
4.410598e-27
0.9128866
0.8772244
6.0327182e-33
6.059254e-10
0.961434
0.059381444
0.0008428724
1.1470438e-15
0.0033676093
1.5664559e-35
9.819327e-07
0.1493742
3.209143e-08
3.6515665e-08
3.3960243e-25
3.2588037e-19
2.49634e-06
5.2872295e-08
4.4529533e-13
2.0369628e-08
0.32252678
0.9831108
0.00062074646
1.3104251e-07
2.12943e-10
1.2063036e-08
0.0048663043
0.40512702
1.6417614e-22
4.569908e-15
0.45975193
0.00018861842
1.6382554e-14
1.5754461e-26
0.008740471
2.3329791e-07
2.1399389e-21
0.0031801292
3.0522376e-08
5.8556126e-19
0.06229365
1.4100394e-09
0.0
2.1575245e-06
2.0267533e-17
0.0010160077
1.0612126e-05
2.4299311e-23
3.7188997e-06
3.9357448e-11
0.0
0.010772265
0.00046831026
0.0017043452
5.4831117e-09
0.0031171073
1.7094857e-10
3.4793165e-11
0.34386757
2.0711397e-24
7.002667e-11
0.0069491114
0.007039132
1.2948803e-09
3.9150556e-16
8.444698e-12
2.0844992e-13
0.00023564979
4.3937963e-16
2.7659002e-08
0.00011938288
1.0508966e-09
0.0090048965
1.9419562e-16
0.1756851
0.14597496
0.9075154
0.14524534
2.9164636e-11
4.7111253e-15
0.1641357
6.880487e-07
8.572377e-06
2.2134774e-12
1.6242598e-26
2.828385e-10
0.041762125
6.9840933e-09
0.0012724354
9.4922905e-07
0.0013674813
1.4336901e-09
0.00048299725
9.7980855e-14
9.437249e-20
1.1446795e-14
0.0017801997
0.46653885
0.40252563
0.0001565417
9.648721e-06
5.564461e-30
4.016174e-33
5.1130896e-18
4.0499386e-13
1.0123707e-15
3.0066336e-14
2.3121292e-08
3.71249e-11
2.0363604e-12
3.081557e-11
4.851958e-05
8.379742e-21
2.4651107e-23
0.0064458577
2.1932609e-29
4.031444e-12
4.7720176e-05
5.9706814e-08
0.0
7.795171e-16
0.00028594644
3.5614843e-27
3.3867302e-13
2.5773082e-25
2.3525986e-06
2.847167e-25
2.090615e-13
2.4977239e-20
3.3139436e-38
1.727017e-20
1.8546562e-10
1.6989634e-14
3.135202e-13
1.438504e-26
9.713783e-27
1.7493159e-08
6.85161e-05
9.4715615e-06
0.5677635
0.012667777
0.5275523
1.4371877e-05
0.00034500216
7.955334e-27
4.4005632e-05
5.2121654e-11
8.273181e-13
1.2387921e-10
0.98945576
0.0015776182
0.00040250883
3.6819225e-10
4.4802633e-05
1.4363128e-12
1.0634536e-05
0.00074236316
5.7581544e-32
0.030831182
0.5635423
4.4944547e-14
2.7619569e-08
0.40578195
5.6905116e-11
1.7830442e-25
0.025537862
0.0009388367
7.5556086e-06
0.59436005
1.2536607e-35
5.2831697e-06
9.888179e-11
1.3394063e-27
4.1249095e-06
7.5809523e-22
3.5187098e-12
1.661865e-11
4.921627e-08
4.837313e-06
0.006556431
7.73445e-12
2.0699549e-09
0.22897644
5.6765215e-13
5.475675e-11
0.003743932
0.34957737
1.9642158e-18
2.6499472e-32
1.4248372e-22
1.1391824e-21
2.7144242e-32
8.3125214e-16
6.5108136e-19
1.09275734e-13
0.008287858
0.012019767
0.039896015
7.063443e-16
0.072488025
4.9347207e-08
0.0002981272
0.0
3.8906173e-06
2.1322617e-22
3.5316993e-05
9.81502e-07
8.0089435e-11
0.32502607
0.12171313
0.62323016
1.1057994e-06
0.19009387
6.109887e-06
0.6365826
0.0
6.73958e-14
0.00016217734
0.010637415
3.6027696e-17
0.012165683
0.0019151535
0.008747405
3.8375323e-15
3.5593268e-11
0.25878143
0.0006057223
3.1942005e-07
1.2590745e-08
7.357795e-33
2.3280562e-07
0.0048744464
5.769721e-09
0.344057
4.464522e-23
0.088041805
1.9068146e-10
4.893907e-35
7.5043155e-26
2.6550996e-08
0.031343073
5.934811e-13
7.433759e-10
2.1011804e-17
0.9827691
9.38002e-24
1.2516812e-37
1.41103556e-08
0.0041538114
2.6076227e-06
0.12998562
1.2099348e-16
0.47497457
2.50112e-26
2.1024795e-07
3.3158727e-07
8.151091e-08
2.8538797e-15
0.0025294048
7.144831e-05
7.6934897e-23
0.00035208042
2.4233189e-14
7.092859e-09
6.484227e-24
0.040610574
2.9593533e-05
0.055170592
7.3248374e-32
1.5260635e-07
2.5952093e-14
2.1351977e-07
3.7242563e-11
5.1742126e-17
4.095574e-14
6.7787633e-09
0.0008056421
3.67673e-05
1.598263e-05
3.3733884e-11
0.0002198867
3.4436835e-07
1.2575037e-25
1.9682661e-18
0.00025804923
7.917264e-23
5.1474438e-15
3.987841e-06
1.5569145e-05
4.419529e-10
0.0016195648
6.0174234e-06
0.006193501
0.075402945
0.00013756829
0.9929998
5.9394195e-17
9.317293e-16
4.845666e-06
7.610848e-24
3.524166e-05
0.9399389
2.7403608e-05
4.554555e-09
0.15344644
7.843793e-08
0.00088939373
0.006615684
5.124872e-07
0.009015622
6.3930462e-12
0.22942176
2.819913e-07
2.976216e-37
1.8543785e-08
6.8248866e-08
0.36614516
1.4713916e-28
3.638338e-11
0.00019135047
0.38089934
0.00024016268
0.0001777104
0.041890223
1.1189825e-10
2.5632494e-09
1.7130643e-16
1.1297229e-35
0.001662196
0.00011438505
4.1793232e-22
2.4323046e-16
0.0
0.1447497
0.7013454
5.6455336e-24
1.7464078e-13
5.4057577e-17
1.2661107e-09
0.59357905
1.4153006e-05
4.3414395e-12
3.2678246e-29
1.3502389e-15
0.0
2.7399806e-13
0.99227107
7.1415125e-06
6.96482e-06
5.1482863e-12
0.78066045
0.0745028
0.1535805
0.19534978
0.00016211366
0.0011003697
2.154503e-28
8.013731e-10
0.96986526
6.676529e-14
5.6485683e-10
7.681358e-06
5.394277e-27
0.5101868
1.0052881e-18
4.9372832e-26
2.3822476e-14
2.4764006e-09
0.20350458
0.0015509408
2.3216769e-21
1.5362166e-20
2.523743e-07
0.0036997895
0.042969216
3.1715135e-08
0.00031333492
0.91876554
4.49402e-13
0.004320249
0.00020259425
0.24284144
1.3382581e-05
1.1544267e-06
0.00018053199
5.165272e-06
2.6320326e-11
2.0075773e-25
7.3947595e-06
2.717174e-29
0.006397177
0.02178049
2.6151907e-17
6.2294146e-07
1.1944706e-09
3.55361e-14
6.688185e-08
0.1482276
0.011379252
9.11564e-22
0.0006378085
1.9112334e-34
1.2746941e-05
1.9703845e-18
1.1197734e-06
7.699536e-16
2.7236564e-09
1.3710942e-07
4.0589046e-07
2.441976e-14
3.7051845e-10
3.995831e-06
8.921666e-18
0.04680237
6.532444e-23
0.45069125
1.4848429e-16
1.4573355e-15
0.80393577
0.00095475715
0.07317359
0.62411493
0.00043396684
9.628275e-05
2.0006197e-05
6.4503934e-07
0.019286076
0.002972933
9.208002e-09
0.105009064
6.082346e-28
4.384003e-08
1.3006513e-11
0.0002651959
2.4430728e-16
0.0028756724
1.3203195e-23
0.76300186
5.1711798e-11
0.0045914827
0.88999414
5.2276134e-35
1.6515808e-06
1.079758e-14
1.7738981e-07
2.2428152e-37
5.7080863e-12
1.0932613e-14
0.0
8.6335494e-05
0.052541066
0.0012679079
0.19062789
1.4866965e-08
0.009809552
0.77674097
5.066539e-11
1.6898382e-20
0.0
5.2735476e-07
0.07129326
1.5794612e-06
1.916981e-18
8.168924e-09
2.935092e-14
0.05674523
0.0
5.0841882e-14
4.941615e-06
0.53307664
0.0019088109
5.700999e-06
5.919389e-07
3.0607765e-13
0.9933929
1.02864536e-10
2.0024752e-05
1.2198375e-05
0.98243296
1.1716734e-28
5.866802e-23
1.4722316e-12
0.21082214
0.00073255843
0.01694929
9.021985e-07
1.5198395e-17
2.41441e-14
4.8558846e-25
0.014150784
3.2063685e-21
3.4865689e-12
9.158402e-08
4.9081325e-07
7.338882e-12
2.00676e-08
2.1495922e-22
9.700819e-07
6.9916416e-34
0.00012626743
3.5524348e-08
8.13311e-15
0.77955306
3.5931898e-06
1.1053949e-11
6.231582e-18
3.3044285e-05
0.0
0.98119396
0.10694253
1.9056098e-15
1.1179254e-06
1.0894511e-06
3.0456733e-26
0.013820434
5.289632e-15
0.035609134
1.031658e-09
5.586382e-05
0.38042113
5.013021e-28
0.5265114
1.7544805e-06
1.0930811e-06
2.936117e-05
9.616931e-11
4.2668397e-13
3.7379567e-14
8.110238e-17
7.0227393e-06
1.202067e-10
3.9786815e-12
0.0010845332
2.6890196e-17
0.757
6.798191e-05
2.2382152e-16
3.682561e-29
4.8176058e-15
0.10958758
1.0393478e-07
2.5654093e-18
0.018306829
1.5462198e-09
5.6600646e-07
2.3380688e-11
0.00030437234
2.7335117e-14
7.91158e-06
0.44550958
4.5873102e-35
3.7372317e-28
2.608088e-09
1.2252957e-15
0.5954996
0.0
0.10937025
6.749132e-27
0.0021842017
6.75818e-18
0.91629565
5.311753e-15
6.187242e-10
0.0003675769
0.00058128004
1.7042814e-27
2.2559486e-14
5.911074e-10
0.008361486
3.664615e-11
0.9853976
1.1713442e-18
1.1421831e-09
0.06518143
0.000946718
0.00018394411
6.591028e-07
0.002316771
4.690818e-18
2.83268e-08
1.0306962e-09
0.9271555
0.00027139077
1.057817e-06
8.777932e-06
0.003204399
0.29014426
8.551126e-26
3.8920047e-16
6.310019e-18
2.817564e-09
0.10727686
0.0026407533
0.010778383
9.681189e-07
0.11474007
0.00050008576
1.8852145e-21
0.0
5.4570315e-19
8.30155e-14
2.6401225e-11
1.01133246e-07
0.0108423615
0.0005115031
0.001619359
4.137222e-08
5.504284e-18
1.9626175e-21
0.0427394
