0.9113166
0.53755903
0.7569269
0.9473097
0.9844876
0.22750345
0.79709554
5.834071e-20
0.99322706
0.8713818
1.353881e-10
8.641e-07
0.40228388
0.050500702
0.04554586
0.9963664
0.0009647419
0.33149138
0.9573986
4.4064571e-10
0.003471065
0.99206537
2.5045329e-15
0.9961299
0.98665607
0.70805144
0.7445936
0.22388768
0.94067156
0.011715624
0.93217623
0.9849509
0.9783337
1.5036048e-34
0.107748665
0.7355537
0.96842617
0.8470376
0.9961389
0.9929374
0.9313101
0.98897344
0.966816
0.9847451
0.9495781
0.004751739
0.9960685
0.7127161
9.069509e-05
0.9542228
0.9399054
0.9757317
0.9960685
0.6471215
0.0068319645
0.9903709
0.0012176097
0.11560201
8.5142495e-18
0.95068663
0.21183595
0.98301184
1.5566759e-26
0.9960685
0.9520047
0.66933423
0.57805616
0.4727636
0.7230429
0.09820695
0.0033190772
0.7687997
0.012945882
1.640973e-14
0.45224643
0.99467105
0.9844103
0.92644167
0.76468915
0.94130594
0.99652916
0.99273175
0.72416604
0.4703936
0.9039435
0.9929293
0.9169455
0.13499267
0.90900904
0.52871376
0.80784214
0.050214864
0.8237605
0.99349797
3.0126023e-11
0.0030130139
0.55019134
0.056558486
0.4503971
0.38808212
1.4821366e-10
0.9903015
0.9920798
0.00030417106
0.98559976
0.9879781
0.7540107
0.9486793
0.85177964
0.9876766
0.91054755
0.05029093
0.0019984152
0.0036605005
3.293722e-08
0.046226185
0.0002882998
0.9062165
0.98445904
0.6433154
0.41641882
0.40746287
0.9927125
0.7951987
0.9910772
0.5052486
0.9595329
0.2561071
0.10006641
0.3318069
0.73952174
0.9941513
0.9340393
0.22257078
0.06655778
5.110742e-36
0.38709852
2.8139469e-22
0.001139331
0.97675145
0.9942168
0.9974292
0.9151359
0.9892195
0.0037750495
0.8482952
0.4907341
0.7075715
7.708966e-17
0.99250907
0.8703779
0.06958896
0.48651832
0.7384811
0.99375015
0.11341357
0.99676836
0.9957294
0.30895105
0.83407176
0.9233972
0.13135843
0.99540967
0.98669434
0.9833242
0.9855811
0.99116397
0.9929455
0.7047248
0.9963787
0.99725765
0.08765795
0.9844312
0.67220587
0.8177878
0.63218015
0.97385436
0.96120894
4.2505997e-14
0.99600357
0.9730899
0.9960685
0.9726563
0.03108777
0.3380678
0.0001836227
0.18367463
0.00010889254
0.9960685
0.9494167
0.11760924
0.9973889
0.00963085
0.06374389
0.85426986
0.15082185
0.1308898
0.094979234
0.2257132
0.9701148
0.10663421
0.91311157
0.99705756
0.97881407
0.9948679
0.63914794
0.9968592
0.11091582
0.99233425
0.0073856968
0.12910481
0.29215604
0.0009961815
0.9175115
0.29317433
1.6941117e-08
0.7162589
0.00089822384
0.57632047
0.0007679277
0.8521241
0.921143
1.9917121e-09
4.860249e-10
0.9960685
0.00021449981
5.412402e-17
0.98010606
0.98135585
0.2934492
0.9932152
0.9956514
0.99599624
0.7310124
0.5169798
0.062146325
0.9631021
0.23401587
0.4902712
0.98100716
0.99293774
0.8100027
0.9816601
0.27960405
0.99654883
0.99357694
0.16208063
0.54340005
0.8183696
0.023395667
0.99621767
0.9889894
0.8966792
0.9960748
0.82704955
0.9717594
0.69684005
0.33442253
0.95599407
0.7628929
2.73913e-31
0.99551445
0.9973416
0.99535805
0.9881692
0.0019944145
0.6418921
0.95850277
0.99500847
0.97065926
0.00014978282
0.9594831
0.5191115
0.8786908
0.25581938
0.49435923
0.967454
0.9960685
0.99029326
0.99235123
0.9938008
0.20188819
0.988741
0.78388506
1.6949241e-05
0.88628215
2.042071e-07
0.40626767
0.9470602
0.9599649
0.89715755
0.3551292
0.9891261
0.31887048
0.18528256
0.9945227
0.84036154
0.71402836
0.45568976
0.8239469
1.0374178e-09
0.92621756
0.34186208
1.8270938e-10
0.98349416
0.25812468
0.9956613
0.00016184458
0.9933769
0.98466206
0.99587494
0.8086803
0.724824
0.9673843
0.96776205
0.9843471
0.84598416
0.8434586
0.02969927
0.2933865
0.91212326
3.7189884e-06
0.9954733
0.974101
0.99215066
0.96523917
0.050326105
0.9967443
0.6084525
0.63360393
0.9960685
0.9497024
0.8041427
0.9942741
0.95847315
0.9887742
0.7126376
0.00542132
0.97196925
1.1438732e-12
0.35732275
0.008930541
0.17082107
0.6229798
0.83934015
0.0011642271
0.22976065
0.9818719
0.26287124
0.0001546309
0.21327607
0.10726964
0.99135697
0.0007649175
0.72890633
4.3326315e-15
0.0015033194
0.049380124
0.9710014
0.9960685
7.7986944e-20
0.0005876052
0.992007
0.9406414
0.0020411138
0.748722
0.9754034
0.9960685
0.993204
0.72738725
0.498282
0.9522598
0.9935355
9.927899e-23
0.9956455
0.0005191354
0.71464396
0.996779
0.9872736
0.996761
0.63375247
0.99494547
0.33148646
0.9284061
0.9963438
0.5599639
0.016478404
0.9960685
0.9446584
0.88685155
0.9907256
0.750844
0.9901518
0.88237566
0.9964289
0.9965738
0.15899608
0.9855004
1.8242093e-15
0.82556266
0.0011236875
0.00016076518
0.88777876
0.00083458354
0.11041826
0.072417796
0.970803
0.97211623
0.10271388
4.9514887e-07
1.5002706e-11
0.41558865
0.83175594
9.025874e-09
0.9950229
1.1390329e-09
0.9688042
0.99183404
0.26258475
0.9860523
0.9849696
0.9957463
0.9637215
0.33453214
0.98735076
0.097006425
0.000104239356
5.2052584e-08
0.5444275
0.7539946
0.9886651
0.8888155
0.9889816
0.18794651
0.99562657
0.14211473
0.64007205
0.28227726
0.9948815
0.94013286
0.9425203
0.14002185
0.7843222
0.005984053
0.716492
0.8434539
0.013610031
0.86836183
0.024248935
0.005288367
0.948979
1.9562216e-11
0.8866501
0.95993984
0.6931563
0.9917983
0.729802
0.87854266
0.6994336
0.92821723
0.6759992
0.88348436
0.9960685
0.8391284
0.9965783
0.99519944
0.98192006
0.0002536807
2.496468e-07
0.9685298
0.23458365
0.9534619
0.9107023
0.012780336
0.60757434
0.99465805
0.95563686
0.003394068
0.83107233
0.07137924
0.9575277
0.93216616
0.9936208
0.001959096
0.17173278
0.99157107
0.83295274
0.50837207
0.97239447
0.67985725
0.7565564
1.4726393e-05
0.95767397
0.0492323
0.98227376
0.9922673
0.28620273
0.89917195
1.926455e-15
0.0
0.76025015
0.7812346
0.8474978
0.30942464
0.9052985
0.9913043
4.589641e-06
0.4566638
0.98389906
0.00027305234
0.81813693
0.982967
4.4922464e-05
0.9947495
0.66646445
0.56007916
0.8900714
1.9148447e-05
0.030276865
0.0035946479
0.56955075
0.98565567
3.5182227e-05
0.1111042
7.105027e-14
0.8326745
0.72807735
0.99354315
1.6295085e-06
0.021060094
0.27353728
0.9272528
0.81286174
0.97923785
0.9932811
0.023711283
0.99309945
0.708614
0.95626295
0.97910506
0.040044624
0.99342865
0.92250293
0.77719057
0.059211764
8.148363e-10
0.9235014
0.7430372
0.55797535
0.99502003
0.113111116
0.95481867
0.48044798
0.9862796
0.9528353
1.8557777e-14
0.0028057937
0.91141725
0.7674319
0.3222612
0.5306225
0.9860982
0.30721268
0.39687514
0.7199968
0.010661832
0.34659085
0.9973031
0.31850368
0.97486943
0.976046
0.6999687
0.17761807
0.8585741
0.009474466
0.98744196
0.95673877
0.9384844
0.99704295
0.9667019
0.7188221
0.07044953
0.9960685
0.9936727
0.13644946
0.9956708
0.74219966
0.98977005
0.9735184
0.0008500325
0.9930252
0.9960685
0.8638991
0.9393559
0.7510185
2.0625546e-08
0.9943733
0.8428724
0.9967205
0.9716799
0.94393235
0.9960685
0.9895152
0.0017885488
0.8484292
0.9540153
0.77461416
0.98430866
0.45520994
0.3555923
0.9529176
0.33795184
0.8160368
2.444378e-16
4.9535906e-08
0.9928181
0.9963057
3.467659e-05
0.9969427
0.9960685
0.78373
5.603623e-19
0.9641084
0.9379251
0.7674852
0.9932561
0.63670236
0.14139464
0.8456088
0.98006713
0.40861264
0.78144187
0.99424946
0.14493409
1.2499577e-16
0.9942644
0.9969022
0.19243988
0.82562244
0.9955304
0.59870183
0.81795716
0.019110383
0.9201692
0.9196793
0.9969009
0.99549615
0.979687
0.9954423
0.99395245
0.67420745
0.599877
0.57409453
0.42360088
0.9588091
0.0052440944
0.010273605
0.732667
0.9964675
0.55743307
0.99687046
0.8533615
0.99502593
0.9950159
0.87636733
0.94757783
0.9061166
0.18731956
0.06621374
0.98902696
0.9960685
0.9907663
0.9601191
0.37319008
0.9531904
0.6416615
0.5168939
0.11453201
2.5335258e-21
0.9959032
0.6879452
0.0627404
0.9738791
0.78765917
0.9946189
3.0568267e-13
0.30151254
0.71803135
0.68000615
0.95951754
0.14228271
0.9960685
1.1246977e-10
0.0038316243
0.88807064
0.7730822
0.8839167
0.9229799
0.81781507
0.9340572
0.0043921303
0.119517565
0.97099555
5.9753273e-09
0.11682347
0.97173214
0.0677111
0.02151179
0.859457
2.2647587e-12
0.6406076
3.300696e-12
0.9893273
0.6757905
0.9730353
0.9223136
0.61164105
0.98604673
0.1435019
0.9813302
1.15764216e-07
1.502874e-06
0.00033498617
0.9960685
0.6912051
0.6649802
0.5676523
0.635512
2.2687814e-06
0.99693716
0.013924497
4.0694304e-06
7.947644e-12
0.9574092
0.744015
0.9312982
0.9960685
2.9047431e-08
0.9959086
0.11729142
0.34030002
0.005299426
2.3807047e-24
6.207743e-06
0.07743245
0.8054943
0.9960685
0.008951922
0.96305436
0.26411727
0.058146585
0.0010624263
0.70912087
0.9671805
0.8292193
0.98155403
0.9960685
0.6899188
0.5794377
0.93344545
0.17160693
0.9668179
0.9924418
0.7180372
0.7830423
0.99607337
0.73709846
0.97246087
0.81653225
0.9933734
0.8796264
0.94553673
0.4541748
0.9458989
0.89511466
0.9243211
0.98165774
0.049853027
0.9065862
0.9535463
0.9838845
0.9735975
5.6680473e-29
0.5850681
0.99687344
0.9807724
0.42040095
0.98429793
0.88133967
0.48440668
0.61682636
9.593106e-09
0.866998
0.3954603
0.99042284
0.9896853
0.08466213
0.15346582
0.98927045
0.9791879
0.061510887
0.9205527
0.9923487
0.9964629
1.5159378e-16
0.99311477
0.008252312
0.8879496
0.12632301
3.4518115e-07
0.9938835
0.99711347
0.9259175
0.9951566
0.4742345
0.9960685
0.00013106353
0.9960685
0.85386693
0.98268294
0.9750074
1.3544447e-05
0.97620606
1.2241979e-11
1.2815183e-25
0.1308069
0.01820375
0.9099929
0.9890765
0.0036445255
0.91106486
0.7011336
0.564707
1.8365537e-08
0.80021757
0.995497
0.005029266
0.99225813
0.8532068
0.0016356646
0.947158
0.9644127
0.00229797
0.99309915
0.9944424
0.0007701614
0.98533684
0.99753237
0.74975955
9.603186e-33
0.9215995
0.99473405
0.011409477
0.98370415
0.979908
0.8649715
0.98945075
0.007072693
0.18495181
0.99637586
0.9938327
0.9715346
4.6154342e-33
0.9518813
0.7139533
0.35207257
0.98208135
0.98993367
0.1547533
0.94567347
0.996994
0.9960685
0.69357455
0.99558496
0.5088666
0.93975246
3.4784678e-18
0.9593251
0.99556375
0.92379844
0.8852405
0.996628
0.995481
0.5659852
0.9853557
0.044117212
0.9971757
0.059353955
0.002453432
0.933667
0.20606916
0.7908242
0.9852129
4.15406e-25
0.36594838
0.99561405
0.9889231
0.0062308153
0.9508153
0.99792385
0.90100026
0.9960794
0.9933827
0.9906232
0.8606211
0.9662732
0.35732275
0.9940896
0.9575339
0.6812998
0.00035645204
0.79251707
0.050637815
0.7598925
0.9851242
0.5957694
2.8404416e-17
0.93142486
0.8973972
0.45691904
0.99475276
0.10687129
0.9730656
2.1006455e-15
0.9952863
2.3639254e-10
0.99449784
0.04399093
0.90750766
0.79546493
0.06926011
0.5643513
0.028976262
0.9850336
0.9960685
0.773736
0.9957897
0.9971324
0.99140716
0.9580846
0.99432665
0.0048117684
0.85352355
1.4528878e-17
0.38217178
0.98342544
0.6929153
0.9915268
0.03110521
8.0692167e-19
0.9959268
0.00022197486
0.024725536
0.95920444
0.78485125
0.9052708
0.99596596
9.2234435e-11
0.57788223
0.98052144
0.88508356
0.03437998
0.028312527
0.4105056
0.9652204
0.9798401
0.7810348
1.4501673e-27
0.99751365
0.06381725
0.8911092
1.6850892e-18
0.9960685
0.9952676
0.97860706
0.98031116
0.73645383
0.9031263
0.9960687
0.55833226
0.99489045
0.9942556
0.48805285
0.9889352
0.27042878
0.12718873
0.9682851
0.95079505
0.9965145
0.9961971
0.50448483
0.94748676
0.9922733
3.6284282e-22
0.96346265
0.9621468
0.9957533
0.67915505
0.6652938
0.9894639
0.36094603
0.61611766
0.9862948
0.7729239
0.99635077
0.3915908
0.9954951
0.7080964
0.80615616
0.017631484
0.9911645
0.9960685
0.9622264
0.9960685
0.9963056
0.9932307
0.77723354
0.5689859
0.1618366
0.90670365
0.99680114
1.0319181e-12
0.1527247
0.26548997
0.9362474
0.98294383
0.96541625
0.983303
0.9974408
0.9960685
1.0359282e-05
0.0014887886
1.6456817e-06
0.7266417
0.995723
0.008848484
0.00024131722
0.9344023
0.95209587
0.9876258
0.97631675
0.2703278
0.90562636
0.53872484
0.97181153
0.9944936
0.99670726
0.99090123
4.8816503e-08
0.99005336
0.9960685
0.99725586
0.8952103
0.99535024
0.7655622
0.9319871
1.0824935e-12
0.79455304
0.0003322398
0.0015147908
0.2347423
0.13402443
0.98017657
0.0004993808
0.9792259
8.674157e-05
0.0018545294
0.8286862
0.9197083
3.1731652e-08
0.99378854
6.747259e-07
0.9922463
0.7647634
0.9958223
0.9960685
0.14959331
0.21893382
0.90514416
0.9172263
0.5653825
0.8508059
2.129926e-05
0.9941719
0.9948218
0.81863725
0.3237039
8.598897e-23
0.004746549
0.99235404
0.9748225
0.97061074
0.98640823
0.6941873
0.015570099
0.72218144
0.9167052
0.976641
0.6363671
0.99533963
0.07043767
0.7577544
0.8740475
0.9895761
9.674771e-05
0.17566802
0.995906
0.37933296
0.095150985
1.4501098e-15
0.13653344
0.99550205
1.9454235e-07
0.00043021573
0.044779405
0.6858355
0.5624399
0.99325436
0.5159083
2.3730479e-35
3.544924e-18
6.355574e-20
0.09084923
3.562076e-38
3.7240023e-25
1.3536572e-09
1.0683061e-15
5.405601e-29
7.9856626e-08
2.9099936e-20
4.0016275e-27
5.096565e-15
4.6556455e-05
3.6703092e-11
2.2178072e-25
0.006023496
0.20046835
2.176143e-06
0.017193621
1.4080318e-09
5.8369584e-05
2.521999e-09
1.1618433e-06
1.9456083e-27
4.729053e-05
5.6246806e-17
4.54463e-08
0.10949133
8.026625e-14
0.017874477
4.1530442e-11
0.0
0.0039496985
2.3003744e-24
6.798576e-31
7.543583e-10
3.9202531e-25
3.0964575e-11
7.850101e-14
9.155317e-05
4.6292732e-07
2.6217258e-15
7.662763e-16
5.7709787e-38
1.8401475e-27
1.640875e-19
3.8012943e-24
1.3545622e-15
6.1531348e-18
0.005132346
4.4710275e-14
1.0099871e-22
2.3246575e-11
7.634432e-16
1.9852273e-06
0.0033491468
3.7087517e-08
0.00014181902
2.20945e-15
0.0109213125
0.026338877
8.4356017e-16
4.943011e-19
2.385571e-05
5.9973272e-21
0.5685431
3.2132077e-13
1.8939243e-11
1.1432456e-07
0.003945484
0.9706702
6.7473795e-20
6.00791e-20
1.6258013e-21
4.189989e-21
2.3546014e-05
4.0626817e-09
0.000196402
4.4607208e-05
4.3363237e-09
3.11626e-10
0.6627152
2.2246423e-20
0.6644725
1.518116e-07
0.30150673
3.5476104e-21
5.5811415e-07
1.4809503e-17
8.114852e-06
3.089386e-21
9.340552e-34
1.458891e-10
2.853778e-10
0.0022894854
0.5438979
4.0958035e-20
2.6749274e-09
3.1330015e-07
0.00054696604
1.5105191e-10
1.03499175e-07
1.2119819e-15
1.9583282e-10
3.1920606e-09
0.05148283
3.2713938e-09
5.6205074e-10
3.728163e-27
0.0019595462
0.00063271646
0.0014137432
0.852993
1.4818378e-09
3.291541e-24
0.17025892
0.0033279748
0.5745581
3.1231944e-35
3.3296717e-05
2.60633e-07
1.7459476e-21
0.020941762
2.7687241e-08
0.012302669
1.0319596e-08
0.37925798
0.03091117
2.2230618e-11
2.1521383e-12
8.6604807e-10
6.3549668e-09
0.37580216
2.1672395e-27
2.3367495e-06
2.9662344e-06
0.20440206
1.22890444e-08
0.010152762
8.396135e-11
0.004249035
5.017695e-18
9.22161e-08
0.0029967541
0.0
1.005857e-12
1.1518881e-05
0.08289216
1.2865593e-09
1.29620545e-08
1.3959916e-11
0.0003847006
0.0
0.0093332855
1.2179167e-07
0.0
0.00023847804
3.9506304e-14
6.1881138e-18
2.4854723e-35
1.0619e-05
0.00033641997
9.8808974e-05
1.5806252e-16
8.9387986e-26
1.1023978e-09
2.2267423e-25
1.1405307e-28
1.0182803e-09
0.0009476348
2.6530375e-07
4.6470194e-07
2.2829174e-16
2.5396064e-18
1.13592593e-13
5.861138e-05
1.7445878e-23
1.3927874e-10
9.593895e-16
1.4047745e-10
7.9465644e-13
0.10427148
5.8188256e-27
0.18361115
2.2586716e-16
2.8700178e-36
4.17409e-06
0.00049275736
0.0
5.358825e-16
2.8236876e-38
9.665949e-07
0.000645981
0.8386607
0.0006109206
3.255002e-07
1.0972458e-24
5.1129206e-05
0.5527863
0.005273624
1.4981547e-06
0.0006845898
1.4047038e-19
1.988199e-15
0.03451955
3.2952198e-18
1.2924166e-07
2.8213319e-14
5.293677e-27
1.537199e-23
0.0070625376
0.017740414
6.8527154e-14
0.92204946
0.00019117193
4.6567607e-27
5.7600903e-16
0.69798297
6.2210475e-22
1.0729601e-11
2.1685319e-10
3.1459634e-11
1.5498812e-06
0.0026247103
8.2032115e-24
1.5073293e-30
0.5289009
1.895189e-11
4.1278864e-07
1.7960168e-07
1.133474e-09
0.79296947
3.561216e-14
5.9786878e-21
1.5296938e-38
5.882332e-38
6.172002e-10
2.8956642e-09
1.68064e-07
3.820888e-11
2.3540772e-28
0.0
0.017015375
0.20168199
3.2275453e-05
7.024699e-15
1.556885e-32
6.7689665e-10
0.0032737528
1.3312276e-09
1.3274125e-34
1.9981376e-06
1.1356754e-23
1.9454825e-19
9.985776e-32
0.9969503
1.797079e-15
0.00027353046
1.2916279e-11
2.0827055e-18
3.5436636e-12
0.00026674557
9.477242e-08
9.795021e-14
7.295597e-10
3.3966192e-33
0.47073328
0.28791484
0.009310606
6.209531e-05
2.5508751e-36
1.9710635e-12
2.3674187e-07
0.00058380386
5.4356555e-05
0.0061710593
2.7122302e-32
0.019210499
3.9022494e-15
2.7400904e-07
1.2858915e-05
7.396273e-08
2.0992409e-06
6.1439967e-15
2.0582935e-09
1.6048408e-26
2.3203175e-25
5.991873e-07
1.1083427e-25
9.9501165e-23
0.0
0.9035021
0.06547115
1.2785794e-24
0.0001363709
4.9896468e-14
0.51330817
3.0792755e-16
1.0746981e-24
0.0003426846
3.7388682e-11
4.5087358e-13
0.0010391293
0.004155729
5.88479e-08
0.88166225
2.721264e-08
0.0
0.9803104
1.3580618e-12
0.00128762
0.9446949
3.865756e-23
2.247294e-11
0.20879227
3.0848195e-08
1.2995577e-15
1.5858261e-06
2.202244e-06
0.00013852499
7.923147e-06
1.3546088e-11
0.720056
1.435673e-14
1.2045378e-23
1.1594814e-21
0.0
3.2084273e-19
0.00083369255
1.1876944e-08
3.1224088e-12
5.696827e-24
2.308675e-15
1.2427676e-05
1.987785e-12
2.0932193e-06
0.00036284456
1.2322198e-21
0.9813409
2.9347634e-13
0.0011216555
4.0936192e-07
6.02633e-16
1.317432e-15
1.14129865e-17
0.3925875
3.6288665e-17
0.016927136
0.0034811574
8.491614e-06
2.8571614e-28
0.55130976
4.7017425e-12
2.2993305e-09
0.002552252
2.1088833e-15
0.000191944
1.6344329e-13
1.7236428e-10
2.1891306e-15
0.00018528191
2.561252e-08
5.9544264e-13
9.1859165e-06
0.67666864
1.6587623e-10
0.7021164
2.1374082e-15
0.001572856
5.6735825e-15
7.5492484e-19
1.8555452e-09
2.9062253e-10
2.8946491e-12
9.484221e-31
4.7260347e-09
0.03687672
0.8919641
2.3913186e-38
7.679737e-08
1.6002526e-30
3.6024224e-07
2.6604266e-05
6.586479e-12
2.444862e-13
0.0055038426
1.6826526e-13
0.0040510115
0.00016420548
0.0063113174
1.0100302e-13
6.7388006e-09
0.29580212
1.0689271e-20
5.809101e-23
1.43298005e-08
8.904385e-20
0.0024940157
0.69608593
1.7459379e-17
6.80326e-08
0.00012503692
3.9565898e-13
6.583845e-26
7.048073e-24
0.005772885
5.981253e-10
2.9753193e-22
0.022475539
1.9681495e-37
0.18114172
0.0
1.2078169e-18
9.170198e-07
0.013036813
2.3310334e-26
8.560449e-21
1.17512845e-14
1.5259822e-05
2.696329e-20
1.9695226e-12
1.8157956e-29
2.9741385e-15
2.9868975e-21
4.8011416e-18
2.663128e-27
0.04501497
2.8106049e-11
2.1719599e-17
1.3042211e-11
9.9881725e-14
1.5662674e-09
0.06562714
8.5278e-34
0.28350073
1.6290175e-28
1.5164066e-08
1.1241386e-20
1.0244196e-11
5.9367706e-09
2.0949154e-08
5.476806e-10
2.8997678e-11
7.850384e-07
5.1593556e-08
1.1114852e-16
1.4945927e-07
7.2821e-17
4.6019416e-29
0.20491391
0.5285121
0.0
5.239656e-11
5.2123996e-06
0.001645644
0.063513346
5.359062e-07
1.1704126e-15
2.1611534e-36
0.002599961
0.00062624493
5.3786486e-09
0.0129619045
0.0
1.646482e-32
7.227185e-08
2.6305411e-08
1.6733519e-06
4.2580684e-35
0.0445951
1.1070565e-13
0.00016776386
4.867795e-16
9.052066e-08
1.6054003e-08
2.4791676e-26
0.0037028946
1.0680668e-28
9.744397e-13
1.09693496e-11
1.7652009e-29
1.5430439e-09
1.1214754e-07
1.0043372e-11
2.4787103e-10
3.4350404e-07
1.3621365e-13
9.472752e-25
6.451495e-10
0.0880515
2.1997015e-09
0.8872775
2.6568125e-06
6.197458e-10
7.0591334e-16
1.2067739e-14
1.9196568e-13
0.43827486
9.042423e-30
3.2822632e-06
2.70572e-13
0.9387312
2.5479854e-22
0.0
4.5160688e-13
7.096898e-11
4.965609e-36
5.091409e-10
8.146556e-30
3.2931278e-29
2.4040211e-32
1.6464863e-12
5.037512e-16
3.188683e-13
1.0613556e-16
1.6137961e-09
1.90331e-08
2.3153107e-12
0.053193945
2.5700896e-27
5.9841505e-18
1.3607846e-19
2.9750553e-09
0.015066767
4.354605e-14
1.4259082e-07
1.2952716e-30
0.00015922678
4.4695966e-32
0.10333307
1.4810454e-06
1.8633241e-19
5.9320014e-06
2.4626845e-06
2.9714554e-06
1.5107191e-05
6.9504606e-31
3.6742687e-10
1.1111828e-26
1.221768e-10
3.981738e-36
2.7556667e-17
5.7048914e-05
0.09608983
0.9419718
3.9330867e-08
0.05499942
2.1362285e-28
1.5681985e-24
2.3606242e-06
9.084869e-25
5.272903e-25
6.129445e-12
0.00036365073
7.98887e-10
1.0546637e-09
1.1078732e-33
0.03261134
0.0013711563
2.4186941e-31
0.09110497
8.566272e-06
4.1113548e-13
8.6014694e-07
1.2412881e-05
0.009221891
2.9757572e-14
1.520858e-35
0.081451766
4.5317125e-13
0.11213192
3.8929105e-31
2.6088795e-20
1.791922e-05
0.395308
3.1725226e-20
8.0729095e-08
3.909141e-11
0.00034490746
2.897506e-05
2.3516228e-24
1.4950629e-15
1.684928e-06
3.3435948e-15
2.7455798e-12
4.2277065e-08
3.7406721e-06
2.668099e-13
1.9348383e-13
0.0
4.211203e-06
1.0402348e-06
2.806999e-05
3.1258538e-19
0.000974827
1.1258816e-34
4.1107787e-11
0.00017931448
2.9334705e-13
1.4385911e-12
1.1684625e-06
9.883554e-12
4.2311285e-26
0.00020374203
2.910846e-14
4.216616e-06
6.432256e-13
8.471371e-22
4.9981074e-05
0.7129128
8.521105e-18
1.6311101e-09
0.726937
0.8987705
8.795586e-07
0.14469184
6.639531e-05
0.0003391763
0.0
0.01437045
2.3432393e-33
2.707928e-18
4.683493e-08
6.71928e-20
3.1694646e-05
1.6256545e-11
4.619925e-11
2.4225163e-24
8.487639e-15
0.0008995205
4.3861876e-11
0.002386544
1.6225325e-33
0.00030633708
1.140381e-16
1.5923857e-14
4.89326e-10
4.9875855e-09
1.3551182e-06
6.935504e-05
0.09665566
1.5949802e-12
3.7597235e-06
1.4637474e-06
6.190907e-08
1.485242e-35
2.7798504e-07
6.9566414e-16
9.906221e-12
0.026569158
4.3588175e-33
8.715201e-24
2.2372615e-06
0.0012917694
4.055294e-10
5.3287782e-12
1.6305929e-10
4.8330297e-05
1.4170577e-31
3.854286e-06
0.00027609288
0.000757118
0.0073385835
6.939081e-20
2.7885502e-12
2.0981508e-07
2.955785e-09
4.6249152e-26
2.721545e-06
1.6921147e-13
3.6836362e-10
4.8739973e-10
2.2192298e-05
8.923533e-19
2.863192e-15
5.98159e-12
5.1161844e-21
1.7986972e-08
6.973775e-17
7.601247e-12
0.00018381822
3.0682707e-20
3.7057896e-34
0.08511516
1.00787665e-17
8.938249e-05
0.03826248
1.3831718e-06
4.1573673e-28
0.11290364
5.691411e-19
3.9211746e-13
0.009212569
3.7800932e-14
8.356558e-23
2.6518888e-17
0.5363114
1.473656e-12
0.0035116603
9.92061e-08
1.2624662e-29
8.15643e-06
3.5671248e-05
2.1731071e-10
1.2877361e-05
0.123789355
3.172491e-17
2.0719011e-05
3.1295316e-17
3.1996905e-10
6.123746e-11
0.007134222
2.3846858e-09
0.007965016
8.085667e-06
1.7116038e-13
1.2141883e-09
8.339651e-11
1.2564692e-38
7.912174e-07
6.9561474e-13
0.00013026537
0.012994613
1.0785123e-26
0.0
5.685644e-06
1.0729639e-06
0.021336334
6.8893644e-07
1.2848141e-05
7.178441e-07
3.3591905e-12
8.96897e-06
1.07711855e-07
8.790631e-16
2.0577629e-05
1.5833275e-05
2.7697806e-23
7.890106e-06
0.009248803
3.2246428e-30
0.71055144
4.8983116e-14
4.7474105e-09
0.17285755
3.541843e-10
0.0052756052
2.5203376e-11
0.013864143
2.825496e-07
2.629178e-22
2.2412496e-07
8.604084e-15
1.6699628e-09
8.8257455e-23
1.6274019e-14
1.6815171e-09
0.0006341348
3.522282e-12
5.166611e-20
0.000372917
1.7368845e-16
2.30457e-19
3.99428e-14
0.0004133072
7.21516e-16
7.2707426e-33
1.660445e-19
1.9416306e-23
2.466231e-06
0.00047161337
0.003297554
2.228227e-12
0.0015704931
0.005189048
2.080317e-24
6.9963945e-18
5.6899425e-24
1.4787046e-23
0.5835869
8.533136e-05
1.795582e-26
9.6655145e-26
2.1020164e-30
3.26931e-05
6.1000703e-22
0.0034783464
1.3061903e-11
9.7951545e-21
1.9859814e-19
5.4780403e-17
3.8438677e-27
0.00024603997
5.448958e-20
0.13455682
1.9117945e-12
8.547536e-06
1.2625428e-22
8.358224e-21
0.0027360923
1.778851e-19
3.999482e-09
0.0
5.8942815e-06
1.5777142e-25
1.9447606e-10
3.511934e-14
1.1372836e-12
0.0
0.808928
0.028414672
0.0
1.0615264e-22
1.5516766e-09
7.7285e-06
0.042148385
2.31683e-06
2.070029e-06
1.6552249e-06
0.00050081493
0.009253016
9.9916554e-11
8.379603e-05
0.073585354
0.0039742305
0.3166891
4.0956496e-19
0.80952126
0.0018928915
3.094398e-14
5.3057214e-10
6.5403374e-06
0.013354715
3.6105716e-09
3.0443704e-05
2.9001135e-09
6.1557107e-06
2.9469325e-07
3.9214767e-19
1.7598473e-16
0.029593058
0.00015663309
4.3670292e-30
1.58812e-05
2.7442733e-05
3.4278942e-06
0.039777514
6.778198e-06
5.7991336e-17
4.673079e-27
0.08757752
2.639352e-07
2.1341777e-05
3.9092396e-10
7.235775e-09
1.001446e-09
7.2960117e-22
3.70602e-13
4.9576613e-13
1.0785041e-05
1.0291412e-30
0.00091443677
2.8627845e-10
1.0804204e-12
1.459446e-20
6.406514e-37
0.0007034238
4.7229724e-12
5.9102094e-20
1.02777405e-11
6.5468904e-15
7.6270266e-19
2.0327235e-09
3.4522003e-05
2.86693e-07
7.717908e-14
0.17968763
4.776308e-10
1.3671469e-05
0.9869354
2.2053477e-09
3.1915515e-15
5.2600365e-07
1.3990648e-15
0.75941044
0.05838088
0.0028378356
3.2574926e-15
8.0592635e-08
3.831218e-05
1.251024e-06
7.078567e-11
1.396511e-37
1.3585125e-12
4.5980028e-10
1.8619674e-11
0.03127071
0.17258316
1.559655e-17
0.18310456
2.3040377e-23
0.87634295
9.972837e-07
0.07531775
0.5158199
3.9392845e-21
0.8174341
2.6484315e-07
1.4738393e-30
1.5472197e-05
7.0111966e-14
0.00048280304
1.9536934e-07
1.5572394e-12
2.3620221e-07
6.1574815e-17
2.541848e-16
1.146671e-09
1.11641386e-32
5.903987e-21
0.00017207187
0.2949544
1.4234291e-16
0.1450111
7.3435358e-37
2.2850581e-05
3.035425e-07
2.2556476e-10
2.7689142e-08
0.0010129721
4.046362e-06
0.0015951399
1.15782365e-14
4.6848334e-38
5.9814756e-05
0.00017128565
0.016423741
1.1163146e-06
5.2291704e-12
7.712711e-11
3.2805217e-32
6.581671e-06
5.557349e-17
0.0013438809
1.098188e-24
2.1650024e-25
1.9062449e-05
3.2206555e-25
1.6464332e-23
1.1689242e-08
6.166817e-16
7.830176e-12
8.0706926e-12
0.12799568
2.0845162e-12
1.8217829e-22
1.2967648e-07
4.8096314e-17
1.9435564e-24
1.0656906e-12
1.427085e-09
7.6090946e-05
0.1060709
0.7293342
0.001159983
1.0867579e-22
0.54400843
0.00026430233
0.0
0.0879401
1.4092226e-12
8.288019e-06
8.895533e-14
2.616118e-25
0.014016946
4.3594006e-10
2.5817428e-20
8.6298435e-10
1.9958424e-16
0.02403395
6.487272e-16
8.150081e-08
0.006572906
0.9373031
1.6122034e-19
9.429262e-08
3.0343817e-16
5.700286e-23
9.964755e-06
0.0030718222
1.6731047e-07
1.8262307e-09
9.383601e-31
5.719336e-11
7.694419e-18
6.402467e-08
1.2972959e-06
1.6516857e-23
2.226935e-06
0.96012586
1.913494e-20
2.4655937e-09
0.00012302074
1.8456725e-09
0.008992349
4.6229937e-18
9.445136e-05
3.1282533e-14
2.3986146e-07
0.0
0.00025138157
2.4667022e-14
6.415635e-06
0.00019071405
0.038720287
6.4714536e-12
3.5531317e-16
0.0
1.3492856e-16
1.3304756e-10
0.008819822
9.108485e-21
0.003168725
1.0984368e-06
3.0529947e-08
0.11066665
1.802352e-22
1.35718405e-08
0.016568413
4.4504564e-17
0.0
0.00049259304
0.026514065
7.3986854e-08
6.1895632e-15
3.7948493e-07
8.6956375e-10
9.7741846e-27
0.0
8.8624464e-13
0.112052165
7.353005e-12
0.0029692363
4.4763526e-10
0.33316702
1.9790404e-10
0.0009110295
0.00034985642
0.5530403
4.3453005e-05
0.18423119
3.1092414e-18
7.679541e-21
1.3544409e-26
2.4716869e-20
1.7549528e-09
2.708386e-23
5.4589292e-18
4.578271e-09
0.0546057
5.2983222e-20
1.7959597e-25
4.3488745e-07
1.7917682e-05
1.0212523e-24
0.0
2.5773416e-22
2.3200737e-06
1.0088679e-08
2.9801764e-10
6.67784e-18
0.42440557
1.8491151e-09
3.2444884e-12
1.3332286e-11
0.022471722
5.850306e-09
3.9972346e-34
0.01021748
5.6362965e-26
0.013746483
7.7366785e-12
4.1106477e-10
4.7155626e-09
1.5376365e-11
2.28684e-12
0.020605197
3.758445e-11
1.1104209e-17
0.74020225
0.00011514816
1.8644902e-19
6.727622e-18
2.6510386e-10
4.7495082e-14
0.0
0.8773277
1.2420131e-06
4.665317e-05
2.60634e-11
5.8514326e-13
0.93585664
5.277007e-18
2.3063117e-11
6.8473916e-08
1.0561396e-12
6.0978255e-06
1.8122628e-18
0.0026923825
1.8233e-05
3.595546e-18
2.5437216e-06
0.0011325588
1.8866471e-20
0.3578311
3.686955e-06
1.3921484e-16
0.03306836
