0.008578841 0.99142116
0.0155970985 0.9844029
0.025731722 0.9742683
0.0061094915 0.9938905
0.96900225 0.03099775
0.807848 0.19215198
0.60103464 0.3989654
0.03660802 0.963392
0.99985576 0.0001441856
0.7899605 0.21003954
0.0232513 0.9767487
0.0022127852 0.99778724
0.020416375 0.9795837
1.0 1.260792e-13
0.009832135 0.99016786
0.5125495 0.4874505
0.9999999 1.4797294e-07
0.06635461 0.9336454
0.15562727 0.8443727
0.044750247 0.9552498
0.004171506 0.99582845
0.022837194 0.97716284
0.009007715 0.9909923
1.0 6.9626127e-09
0.03173862 0.96826136
0.99997675 2.329404e-05
0.027941355 0.9720587
0.005544283 0.99445575
0.090938725 0.90906125
0.005296139 0.9947038
0.010076522 0.98992354
0.9999641 3.5823017e-05
0.011916857 0.98808306
1.0 2.4680589e-13
0.006713959 0.9932861
1.0 2.6972031e-09
0.9999875 1.254609e-05
0.9972582 0.002741755
0.013316724 0.9866833
0.45046556 0.54953444
0.9228669 0.077133164
0.98269695 0.01730308
0.98089576 0.019104207
0.0046980176 0.99530196
0.01054596 0.98945403
0.16638486 0.8336151
0.008572074 0.99142796
0.004608435 0.9953916
0.0063508865 0.99364907
0.0064945463 0.9935055
0.49505487 0.5049452
0.0062247575 0.99377525
0.01041163 0.9895884
0.013508261 0.98649174
0.13832155 0.8616785
0.015270219 0.9847298
0.14422373 0.85577625
0.0009075458 0.99909246
0.95396847 0.046031512
0.9999926 7.4008412e-06
0.99999976 2.4468562e-07
0.014744981 0.985255
0.0047651236 0.9952349
0.89168274 0.10831729
0.0046261027 0.9953739
1.0 1.3106722e-19
0.0016728927 0.9983271
1.0 1.4274957e-17
0.78279126 0.21720876
0.0030573995 0.9969426
0.9998741 0.00012587986
0.008180258 0.99181974
0.0073653795 0.9926346
0.01054596 0.98945403
0.04950006 0.95049995
0.027865743 0.9721343
0.09191674 0.90808326
0.0037351828 0.9962649
0.002270057 0.99772996
0.008145124 0.9918549
0.7626535 0.23734643
0.009253567 0.9907464
0.01703538 0.9829646
0.008903214 0.99109685
0.007382024 0.992618
0.007008396 0.99299157
0.41497672 0.5850233
0.07495289 0.92504704
0.00833014 0.9916699
0.019478165 0.9805218
0.26298717 0.73701286
0.06586629 0.93413377
0.019889142 0.9801108
0.013900542 0.9860994
0.01054596 0.98945403
0.92991215 0.07008788
1.0 2.7038143e-22
0.9640981 0.03590195
1.0 1.4099282e-14
0.8429292 0.15707083
0.962769 0.037231002
0.99974674 0.0002531974
0.36053145 0.6394685
0.9999999 1.4576833e-07
0.0048484504 0.9951515
0.08623979 0.9137602
0.9879281 0.012071895
0.802005 0.19799502
0.03240906 0.9675909
0.0364765 0.9635235
0.07053258 0.92946744
0.009302833 0.99069715
0.0050198874 0.99498016
0.009485946 0.99051404
0.085103974 0.91489595
1.0 3.45317e-29
0.4865992 0.51340073
0.49103674 0.5089632
0.024997124 0.9750029
0.797102 0.202898
0.056679063 0.94332093
1.0 2.92362e-30
1.0 4.814802e-12
0.018180754 0.9818193
0.9840089 0.015991053
0.0037222495 0.99627775
0.0034715235 0.99652845
0.75464755 0.24535248
0.9563605 0.04363949
0.015135093 0.98486495
0.28936216 0.71063787
0.01469095 0.98530906
0.018239351 0.9817607
0.09479131 0.9052087
0.02863603 0.97136396
0.94066924 0.05933077
0.0010999364 0.99890006
0.022099951 0.9779001
0.9999752 2.4777712e-05
0.059837736 0.94016224
0.004408031 0.99559194
0.8493746 0.15062536
0.014188898 0.9858111
0.022785366 0.97721463
1.0 1.6031975e-30
0.015097376 0.9849027
0.018110301 0.9818897
0.0112310285 0.98876894
0.01051327 0.9894867
0.009168241 0.9908318
0.0036642062 0.99633574
0.008110718 0.9918893
0.6402552 0.35974476
0.0030039316 0.99699605
0.011184046 0.9888159
0.99676406 0.003235886
0.0063993777 0.99360055
0.21914415 0.78085583
0.8964137 0.10358627
0.0016679348 0.9983321
0.07807062 0.9219294
0.020879254 0.97912073
0.95271957 0.047280505
0.13905676 0.8609432
0.99992156 7.848114e-05
0.99363047 0.0063695097
0.033923432 0.96607655
0.076864794 0.9231352
0.010338233 0.9896618
0.86942935 0.13057067
0.006155751 0.9938443
0.26765072 0.7323492
0.0036017902 0.9963982
0.9963552 0.0036448962
0.936426 0.063573994
0.0010920641 0.9989079
0.52080584 0.4791942
0.959395 0.040605098
0.0014281118 0.9985719
0.09672422 0.9032757
0.6287827 0.3712173
0.009279574 0.9907204
0.013416546 0.9865834
0.09818825 0.9018118
0.5579974 0.44200265
0.9999703 2.9700233e-05
0.9324154 0.067584544
1.0 1.1747341e-14
0.87359947 0.12640053
0.13523546 0.8647646
0.98402876 0.015971212
0.99460346 0.0053965347
0.1843237 0.81567633
0.013386146 0.9866138
1.0 1.7146069e-09
0.029732693 0.9702673
0.0074389665 0.99256104
0.08036875 0.9196313
0.011039217 0.9889608
1.0 2.1819755e-09
0.04122684 0.95877314
0.11458658 0.88541347
0.029893178 0.97010684
0.012710842 0.9872892
0.0018457121 0.9981542
0.03074612 0.96925384
0.13744357 0.86255646
0.0053375415 0.99466246
0.6956421 0.30435783
0.50782275 0.4921773
0.012315805 0.98768413
0.99969554 0.00030443154
0.0058318074 0.99416816
1.0 1.500157e-25
0.006290057 0.9937099
0.027515467 0.9724845
0.015165238 0.9848348
0.005071385 0.9949286
0.002497331 0.9975026
0.9066325 0.09336746
0.20180996 0.79819006
0.35187092 0.64812905
0.038856238 0.96114373
0.004788518 0.99521154
0.049946338 0.95005363
0.024247933 0.97575206
0.010395365 0.9896046
0.72216713 0.2778329
0.05919089 0.94080913
0.0027552631 0.9972447
0.1860067 0.8139933
0.70955926 0.2904408
0.04171248 0.9582875
0.12906311 0.8709369
0.04569632 0.9543037
0.012835828 0.98716414
0.7091005 0.29089943
0.6805003 0.31949967
0.015851637 0.9841484
0.03796044 0.9620396
0.007183187 0.9928168
0.018118916 0.9818811
0.004990626 0.9950094
0.013248699 0.9867513
0.367287 0.63271296
0.21183887 0.78816116
0.9994311 0.00056886725
0.8561077 0.14389232
0.15067156 0.84932846
0.0015831845 0.9984168
0.0024000076 0.9976
0.095353946 0.90464604
0.0054367483 0.9945633
0.0037810728 0.996219
0.07974259 0.9202574
0.004566281 0.99543375
0.018589292 0.9814107
0.0112146735 0.9887854
0.0039985646 0.9960014
0.8948625 0.10513752
0.009862611 0.99013734
0.006111032 0.993889
0.48940772 0.5105923
0.82791144 0.17208855
0.025806595 0.9741934
0.99938107 0.0006188924
0.12700374 0.8729963
0.969956 0.030044036
0.0073594064 0.99264055
0.9448228 0.055177182
0.29017758 0.7098225
0.008473529 0.9915264
0.10211703 0.89788294
0.005294321 0.99470574
0.0046499646 0.99535
0.97806466 0.021935401
0.0082252845 0.9917747
0.008800359 0.9911997
0.96541494 0.034585055
0.012757974 0.987242
0.013152723 0.9868472
0.042273037 0.95772696
0.003213824 0.99678624
0.09867789 0.9013221
0.0010617275 0.99893826
0.041457232 0.9585427
0.012298291 0.9877017
0.0037359737 0.99626404
0.9999987 1.305522e-06
0.012494541 0.98750544
0.2935246 0.70647544
0.0013440542 0.9986559
0.010380127 0.9896199
0.04889566 0.95110434
0.22471239 0.7752876
0.023384776 0.9766152
0.017036548 0.98296344
0.026193196 0.97380674
0.6781196 0.32188037
0.6918109 0.30818906
0.9894078 0.010592184
0.027829431 0.9721706
0.3671978 0.6328022
0.9948489 0.005151044
0.9991254 0.00087460014
0.012452287 0.98754776
0.0038557588 0.9961442
0.99898106 0.0010188711
0.6173121 0.382688
0.14215082 0.8578492
0.022970594 0.9770294
0.097377196 0.9026228
0.9394344 0.060565602
0.9927134 0.007286531
0.41351342 0.5864865
0.003763749 0.99623626
0.15020506 0.8497949
0.9911924 0.0088075865
0.008923841 0.9910761
0.0016562184 0.9983438
0.010131521 0.9898685
0.4232464 0.57675356
0.025394421 0.9746056
0.9840954 0.015904676
1.0 7.96964e-27
0.9996377 0.0003622855
0.0040017054 0.99599826
0.028561274 0.97143877
0.030634006 0.96936595
0.017252414 0.9827476
0.019743431 0.98025656
0.0018293128 0.9981706
0.250088 0.749912
0.005333933 0.9946661
0.012720386 0.98727965
0.010775059 0.989225
0.047213856 0.9527861
0.010190593 0.9898094
0.012533325 0.98746663
0.027445365 0.9725547
1.0 2.8710195e-10
1.0 5.152069e-19
0.012440863 0.98755914
0.16904184 0.8309581
0.0091896895 0.9908103
0.9505998 0.049400132
0.0051792213 0.9948207
0.010675813 0.98932415
0.3027854 0.6972146
0.0053370204 0.994663
0.9990773 0.0009226178
0.41855308 0.58144695
0.9837599 0.016240083
0.1456793 0.85432076
0.0053110663 0.994689
0.864788 0.13521196
0.8162362 0.18376376
0.99999964 3.7923604e-07
0.99924904 0.0007508768
0.9657908 0.034209166
0.0065818164 0.9934182
0.06236538 0.9376346
0.011650545 0.98834944
0.009791326 0.9902086
0.009619832 0.99038017
0.004310935 0.9956891
0.0056403195 0.9943597
0.006169922 0.99383014
0.019400688 0.9805993
0.99999964 3.7499765e-07
0.9021443 0.09785566
0.037060473 0.9629395
0.02501303 0.97498703
0.002866856 0.99713314
0.032930203 0.9670698
0.005109994 0.99489
1.0 9.416739e-15
0.16442522 0.8355748
0.017464073 0.98253596
0.0017239788 0.998276
0.5235443 0.47645566
0.99990976 9.020931e-05
0.048542757 0.9514572
0.013641211 0.9863588
0.6629833 0.33701673
0.2984612 0.7015388
0.2284076 0.77159244
0.06254432 0.93745565
0.3348656 0.66513443
0.014870165 0.98512983
0.0117844995 0.98821557
0.003993947 0.9960061
0.89195657 0.10804348
0.0074512213 0.9925487
0.56122625 0.43877375
0.030128699 0.9698713
0.9450202 0.054979738
0.8401211 0.15987894
0.005966762 0.9940333
0.021068422 0.9789316
0.25121695 0.7487831
0.01563506 0.98436487
0.26207024 0.7379297
0.0186611 0.981339
0.075631835 0.9243682
0.07380949 0.92619044
0.8601486 0.13985142
0.9889037 0.011096345
0.009229658 0.99077034
0.023653194 0.97634685
0.02594884 0.9740511
0.006958116 0.9930419
0.03308084 0.9669192
0.08278472 0.9172153
0.07206216 0.9279378
0.022188202 0.97781175
0.60407054 0.39592946
1.0 2.3904236e-09
0.03187887 0.9681211
0.9182814 0.08171863
0.012050134 0.98794985
0.8024802 0.19751978
0.1415181 0.85848194
0.01262518 0.9873748
0.011168179 0.98883176
0.025058351 0.9749417
0.2374319 0.7625681
0.043720517 0.9562795
0.02465196 0.97534806
0.9999167 8.330763e-05
0.00403709 0.9959629
0.007166387 0.9928336
0.98073995 0.019260101
0.9961987 0.0038012823
0.012401754 0.98759824
0.011920649 0.98807937
0.010685649 0.9893143
0.9343197 0.06568032
0.09928657 0.90071344
0.008103111 0.9918969
0.9999043 9.577161e-05
0.5969267 0.40307328
0.99993944 6.0510498e-05
0.012542765 0.9874572
0.99604994 0.0039500245
0.012059977 0.9879401
0.00872613 0.99127394
0.7146786 0.28532138
0.001989245 0.9980108
1.0 1.6509755e-10
0.99999595 4.008766e-06
0.005179351 0.9948206
0.48568538 0.51431465
0.6294131 0.37058684
0.99999845 1.5318916e-06
0.009767715 0.9902322
0.1637154 0.8362845
0.01235417 0.9876458
0.0028249195 0.9971751
0.61436814 0.38563192
0.9251141 0.07488594
0.01429163 0.98570836
0.0035480016 0.996452
0.012097451 0.9879026
0.7082212 0.2917788
0.16336562 0.83663434
1.0 8.801293e-14
0.012299965 0.9877001
0.0050100465 0.99498993
0.99997234 2.7693435e-05
0.99926883 0.0007311758
0.9554579 0.04454204
0.01264065 0.98735934
0.38637856 0.6136214
0.08252939 0.9174706
0.98371464 0.016285319
1.0 6.4058254e-16
0.7094997 0.29050028
0.020003783 0.9799962
0.7073313 0.29266876
0.00085187884 0.99914813
1.0 5.1362634e-15
0.045422256 0.95457774
0.114805035 0.8851949
0.408475 0.59152496
0.02605611 0.9739439
0.014797222 0.98520285
0.0030408495 0.9969592
0.018239714 0.9817603
0.97468287 0.025317153
0.00957298 0.990427
0.001317634 0.9986823
0.02711587 0.9728842
0.00071317016 0.99928683
0.9999355 6.446963e-05
0.2417187 0.7582813
0.015144164 0.98485583
0.98502237 0.014977679
0.008710421 0.9912896
0.69202256 0.3079775
0.98934644 0.010653602
0.004624548 0.9953754
0.0034362893 0.99656373
0.20427772 0.7957223
0.73742634 0.26257366
0.276467 0.723533
0.72201216 0.27798784
0.003060107 0.9969399
0.36293352 0.6370664
0.06321005 0.93678993
0.99842846 0.0015715986
0.013224694 0.9867753
0.24101819 0.7589818
0.0054253507 0.9945747
0.31950483 0.68049514
0.98897517 0.011024815
0.025152354 0.9748477
0.00217413 0.9978258
0.06102361 0.93897647
0.008969545 0.99103045
0.81228745 0.18771248
0.008965969 0.9910341
0.08455847 0.9154415
0.0007809817 0.99921906
0.07787282 0.92212725
0.0007023588 0.9992976
0.012586928 0.98741305
0.99999917 8.8403834e-07
0.012037073 0.9879629
0.059881154 0.94011885
0.87292784 0.12707214
0.78256476 0.2174353
0.0026766849 0.99732333
1.0 7.6981086e-13
0.0022262956 0.9977737
0.99198335 0.008016687
0.021104703 0.9788953
0.08890202 0.91109794
0.048165206 0.95183486
1.0 6.053635e-23
0.010685517 0.98931444
0.0020047142 0.99799526
0.35962906 0.6403709
0.0050851945 0.99491477
0.9999924 7.6011684e-06
0.25178233 0.74821764
0.54147667 0.45852333
0.058788598 0.9412114
0.9999976 2.3787918e-06
0.9888637 0.011136303
0.010720406 0.98927957
0.0051949318 0.99480504
0.99999976 2.9163076e-07
0.99999845 1.5468511e-06
0.027189277 0.9728107
1.0 1.5140937e-09
0.9423867 0.05761326
0.01054596 0.98945403
0.01144906 0.98855096
0.62726545 0.3727345
0.2112494 0.7887506
0.0069295955 0.9930704
0.124663495 0.8753365
0.0070990156 0.99290097
0.3974814 0.6025186
0.8028611 0.19713895
0.82426745 0.17573252
0.9999999 8.61349e-08
0.005210967 0.994789
0.004943525 0.9950565
0.0011650027 0.998835
0.031207846 0.9687921
0.00232973 0.99767023
0.06530676 0.9346932
0.01054596 0.98945403
0.010074311 0.98992574
0.034773145 0.9652268
0.98461044 0.015389571
0.96447235 0.03552766
0.21911322 0.7808868
0.0033916817 0.9966084
0.88474256 0.1152574
0.0084921615 0.99150777
0.01054596 0.98945403
0.04070674 0.95929325
0.9641935 0.035806473
0.008989208 0.9910108
0.04897329 0.9510267
0.9224518 0.07754814
0.7686338 0.23136617
0.9323344 0.06766563
0.051986378 0.94801354
0.9225461 0.07745399
0.029710382 0.97028965
0.004728645 0.9952714
0.07251087 0.92748916
0.463296 0.536704
0.041037984 0.95896196
0.30944735 0.69055265
0.94134355 0.058656458
1.0 4.1693655e-17
0.7247786 0.27522138
0.9491141 0.050885934
0.059748575 0.9402514
0.011507244 0.9884928
0.0067539085 0.9932461
0.009858533 0.99014145
0.0062178615 0.9937821
0.02779248 0.97220755
0.8940513 0.10594865
0.8282774 0.17172262
0.033679817 0.96632016
0.43480143 0.56519866
0.0057791723 0.99422085
1.0 8.0670115e-24
0.6215381 0.37846193
0.9060712 0.09392887
0.005441287 0.99455863
0.5610066 0.43899336
0.0067117075 0.99328834
0.18283665 0.8171633
0.012459255 0.9875408
0.0031510228 0.996849
0.0014521561 0.99854785
0.002394224 0.9976058
0.8370111 0.1629889
0.013742385 0.9862576
0.3568896 0.64311033
0.7911971 0.2088029
0.006055708 0.99394435
0.34571457 0.65428543
0.004239807 0.99576014
0.10003328 0.8999667
0.37273362 0.6272664
0.008314269 0.9916857
0.034983445 0.96501654
0.31961045 0.6803896
0.00981387 0.9901861
0.7229796 0.2770204
0.0068208147 0.9931792
0.006232712 0.99376726
0.6227629 0.37723702
0.025220728 0.97477925
0.4937391 0.5062609
0.0058570085 0.99414295
0.0024877682 0.9975122
1.0 9.043754e-18
0.89750755 0.10249252
0.009564277 0.9904357
0.4424117 0.5575883
0.04236253 0.9576374
0.72606623 0.27393374
0.0019601602 0.9980399
0.24058041 0.75941956
0.11398218 0.88601786
0.05558516 0.94441485
0.23754086 0.7624591
0.0018743532 0.9981256
0.6372176 0.36278245
0.33270657 0.66729337
0.009430609 0.99056935
0.025256097 0.9747439
0.99836403 0.0016359322
0.9987424 0.0012575872
0.014430081 0.9855699
0.0113325715 0.9886674
0.999826 0.00017406551
0.10854271 0.8914573
0.012113943 0.9878861
0.76058894 0.239411
0.992761 0.0072390395
0.7580793 0.2419207
0.2976295 0.7023705
0.00990806 0.9900919
0.007083146 0.9929168
0.009382582 0.99061745
0.024521366 0.97547865
0.0034651684 0.9965348
0.010964106 0.9890359
0.8390382 0.16096179
0.37511155 0.6248884
0.0014751407 0.99852484
0.06130478 0.93869513
1.0 8.499296e-09
0.6409812 0.35901886
0.6265502 0.3734498
0.6634939 0.33650613
0.9963642 0.0036358053
1.0 7.0441594e-21
0.0107690375 0.98923093
0.018223267 0.9817768
0.06894092 0.9310591
0.055591494 0.9444085
0.52697456 0.4730254
0.0011799594 0.99882
0.93692005 0.06307989
0.83929163 0.16070843
0.020074386 0.9799256
0.019262796 0.9807372
0.13958694 0.86041313
0.46012947 0.53987056
0.033422258 0.9665777
1.0 1.6085747e-13
1.0 1.2968465e-11
1.0 1.4080568e-19
0.039229643 0.96077037
0.010412269 0.9895878
0.9993451 0.0006548514
0.005155459 0.99484456
0.0032889987 0.996711
0.005007922 0.9949921
0.0035918101 0.99640816
0.9984615 0.0015384752
0.12709345 0.8729066
1.0 4.0340838e-15
0.9369182 0.06308181
0.009029106 0.99097085
0.2689268 0.73107326
0.012780185 0.9872198
0.0040043537 0.99599564
0.9999659 3.4103203e-05
0.9983525 0.0016475024
0.022799011 0.977201
0.679827 0.32017303
0.2855292 0.7144708
0.0064377184 0.99356234
0.011376867 0.9886232
0.49711606 0.5028839
0.004738248 0.99526167
0.0074340985 0.9925659
0.38993904 0.610061
0.13916725 0.8608327
0.037233315 0.96276665
0.99993706 6.2888896e-05
0.58634377 0.41365623
0.01054596 0.98945403
0.70392156 0.29607847
0.9956938 0.004306148
0.005055773 0.9949443
0.012983836 0.9870162
0.016918084 0.9830819
0.0066823093 0.9933177
0.7835484 0.21645157
0.00922553 0.99077445
0.0048695845 0.9951304
0.24920289 0.7507971
0.23596144 0.76403856
0.917856 0.08214399
0.0061715627 0.9938285
0.0601594 0.93984056
0.0054907403 0.9945093
0.0035129518 0.996487
0.6814516 0.31854835
0.013617376 0.9863826
0.025177829 0.97482216
0.007028928 0.9929711
0.056995723 0.9430043
0.0027199904 0.99728
0.18123007 0.81876993
0.050303333 0.94969666
0.85440975 0.1455902
0.206711 0.79328907
0.7893561 0.2106439
0.007099359 0.9929006
0.0070278826 0.99297214
0.86302614 0.13697387
0.0049484014 0.99505156
0.005252778 0.9947472
0.0074090366 0.992591
0.11084705 0.889153
0.91804624 0.08195378
0.9793626 0.020637361
0.014913759 0.9850862
0.96556693 0.03443306
0.25546762 0.7445324
0.072246164 0.9277538
0.15498127 0.8450188
0.62701756 0.3729824
0.9226325 0.07736752
0.024100523 0.9758994
0.4508447 0.54915524
0.0054951916 0.99450475
0.24982603 0.75017405
0.008580961 0.9914191
0.76595885 0.23404117
0.007372575 0.99262744
0.01054596 0.98945403
0.014376152 0.98562384
0.03485454 0.96514547
0.015991228 0.9840088
0.06625321 0.9337469
0.005292566 0.99470747
0.0057319696 0.99426806
0.15758991 0.84241
0.0182502 0.9817498
0.4880173 0.5119827
0.017165724 0.9828342
0.12745777 0.87254226
0.0035813574 0.9964186
0.0034032026 0.99659675
0.0031373147 0.99686265
0.82099247 0.17900755
0.6478949 0.35210505
0.7471614 0.25283858
0.5469778 0.45302224
0.9704094 0.02959065
0.0053485953 0.9946514
0.016840413 0.9831596
1.0 1.5722762e-11
0.08909486 0.9109051
0.17218608 0.827814
1.0 4.7780485e-10
0.01859552 0.9814045
0.9430009 0.056999076
0.0035506848 0.99644935
0.2185563 0.7814438
0.0056719463 0.9943281
0.006507611 0.9934924
0.75137275 0.24862726
1.0 1.8198236e-15
0.03033669 0.9696633
0.8017565 0.19824359
0.99882823 0.0011717158
0.9999602 3.9801995e-05
0.0022678345 0.99773216
1.0 8.8045925e-12
0.82806784 0.17193215
0.99982613 0.0001738555
0.9999999 1.529928e-07
0.0059627444 0.9940373
0.6642651 0.3357349
0.06748539 0.93251467
0.007005616 0.99299437
0.0068927775 0.99310726
0.12592286 0.8740772
0.0065169614 0.993483
0.5790996 0.4209004
0.19093405 0.809066
0.9999902 9.722347e-06
0.9962435 0.0037565953
0.012190561 0.9878094
0.16074806 0.8392519
0.036100633 0.9638994
0.04099032 0.95900965
0.8380644 0.16193557
1.0 5.9077506e-28
0.018706668 0.9812934
1.0 5.0973907e-34
0.05481373 0.9451862
0.179206 0.820794
0.1424547 0.8575453
0.01882355 0.98117644
0.15590052 0.84409946
0.016221223 0.9837788
0.012449138 0.9875509
0.94799066 0.05200936
0.21158762 0.78841233
0.0011565165 0.99884343
0.0052542933 0.99474573
0.9870877 0.01291229
0.21691298 0.783087
0.009532024 0.99046797
0.9999951 4.941662e-06
0.00837475 0.99162525
0.10668719 0.8933129
0.23764034 0.7623597
1.0 1.768947e-31
0.20743077 0.7925692
0.2797478 0.7202523
0.84554815 0.15445182
0.0946263 0.9053737
0.017195266 0.9828047
0.0028630772 0.99713695
0.009910596 0.9900894
0.017919518 0.98208046
0.0036482601 0.9963517
0.9922758 0.0077241817
0.03739492 0.9626051
0.9831003 0.016899655
0.64391994 0.35608
0.5118154 0.48818454
0.27038273 0.72961724
0.0048375046 0.99516255
0.12514733 0.87485266
0.011616322 0.9883837
0.20042582 0.7995742
0.05658894 0.94341105
0.94947726 0.0505227
1.0 9.724612e-19
0.012096637 0.9879034
0.056218635 0.9437814
0.0058818934 0.9941181
0.6824051 0.31759495
0.03263018 0.9673698
0.03010074 0.96989924
0.08511475 0.9148852
0.00093353353 0.99906653
0.66792756 0.3320724
0.03054973 0.9694503
0.008598214 0.99140173
0.06476938 0.9352306
0.004974461 0.9950256
0.99999976 1.8634346e-07
0.52030545 0.4796945
0.032136638 0.9678633
0.97727317 0.022726875
0.006949183 0.9930508
0.0013150802 0.99868494
1.0 3.2384961e-09
0.99998903 1.094359e-05
0.60786915 0.39213088
0.01770247 0.98229754
0.0588277 0.94117224
0.03296665 0.9670333
0.00813184 0.9918682
0.9992747 0.00072529283
0.017004028 0.9829959
0.011416472 0.98858356
0.0022875844 0.9977124
0.04179677 0.9582032
0.020067032 0.9799329
0.73006326 0.26993668
0.2058902 0.7941098
0.117787085 0.88221294
0.020771654 0.9792284
0.006135638 0.99386436
0.86325055 0.13674945
0.9815005 0.01849951
0.44578022 0.55421984
0.01618685 0.98381317
0.5453697 0.45463032
0.13749714 0.8625029
7.672864e-05 0.9999232
0.9100749 0.08992509
0.7950513 0.2049488
0.91167134 0.08832862
0.16359131 0.8364087
0.014554887 0.9854451
0.017465113 0.98253495
0.0074120215 0.992588
0.020207226 0.97979283
0.03332556 0.9666744
0.025281832 0.9747182
0.69780153 0.30219844
0.007112991 0.99288696
0.010184716 0.98981524
0.9894298 0.01057028
0.006440491 0.9935595
0.006474434 0.9935256
0.9961559 0.0038440956
0.5248095 0.47519055
0.008764721 0.99123526
0.83854675 0.16145325
0.7367301 0.26326984
0.97786075 0.022139205
0.009670453 0.9903295
0.020765593 0.97923446
0.98643374 0.013566206
0.99999905 9.1225377e-07
1.0 8.4827273e-13
0.9985209 0.0014791355
0.755325 0.24467495
0.686734 0.31326595
0.63140535 0.36859462
0.006144978 0.99385494
0.98134 0.018660016
0.7366225 0.26337746
0.30568162 0.69431835
0.90995634 0.090043634
0.013312628 0.98668736
0.19814748 0.8018525
0.13543576 0.8645642
1.0 1.0256195e-12
0.22792482 0.7720751
0.023353532 0.9766465
0.004185001 0.995815
0.007288073 0.9927119
0.55083704 0.44916296
0.006397498 0.99360245
0.12571202 0.874288
0.9999987 1.3072188e-06
0.9655666 0.034433357
0.5902178 0.40978214
0.0064670215 0.993533
0.30772835 0.69227165
0.0022913138 0.9977087
0.034322068 0.965678
0.053601842 0.94639814
0.22333813 0.77666193
0.9275253 0.072474785
0.0032358419 0.9967642
0.9665746 0.033425372
0.37901357 0.6209864
0.16611814 0.83388186
0.97812 0.02188
0.0199519 0.9800481
0.035080962 0.9649191
0.0035152799 0.99648476
0.8490949 0.15090509
0.06572222 0.9342778
0.009847433 0.99015254
0.0006934147 0.99930656
0.009366437 0.9906336
0.074904345 0.9250956
0.7605974 0.23940262
0.0020303503 0.9979697
0.00916427 0.9908358
0.7193989 0.28060108
0.9999999 1.03071486e-07
0.014270782 0.9857292
0.0033573282 0.9966427
0.059521936 0.940478
0.015757822 0.98424226
0.36986908 0.63013095
0.024978258 0.9750217
0.64445025 0.35554972
0.0068307156 0.9931693
0.03203766 0.96796227
0.004917585 0.9950824
0.017679034 0.9823209
0.0058646156 0.9941354
0.031285 0.968715
0.62267697 0.3773231
0.0118546905 0.98814535
0.8898805 0.110119455
0.89341664 0.10658329
0.006085463 0.99391454
0.00679199 0.993208
0.0027457594 0.9972542
0.025418567 0.9745814
0.027242148 0.9727578
0.71603817 0.28396177
0.037209127 0.96279085
0.010167541 0.9898324
0.14048564 0.85951436
1.0 3.4714185e-09
0.3639457 0.63605434
0.94392174 0.056078307
0.23442337 0.7655766
0.4779451 0.5220549
0.03919005 0.96080995
0.028591769 0.9714082
0.031551283 0.96844876
0.090154715 0.9098453
0.9474654 0.05253451
0.00807271 0.99192727
0.116807 0.883193
1.0 5.0840984e-15
0.0030951723 0.9969048
0.1626415 0.8373585
0.15840803 0.84159195
0.0043859836 0.99561405
0.62150586 0.37849414
0.026145756 0.97385424
0.010978688 0.98902136
0.75867945 0.24132049
0.49415505 0.50584495
0.97008014 0.029919835
0.036097996 0.96390206
1.0 3.1057603e-08
0.02236831 0.9776317
0.3570762 0.6429238
0.3258757 0.67412436
0.083637655 0.91636235
0.99999475 5.2171044e-06
0.0067295483 0.99327046
0.9999577 4.2258653e-05
0.9915978 0.008402188
0.014011437 0.98598856
0.89562374 0.10437627
0.75705314 0.2429469
0.011020527 0.98897946
0.8598962 0.14010382
0.997417 0.002583063
0.009779322 0.99022067
0.016544657 0.9834554
0.061156433 0.9388436
0.0065937494 0.9934062
0.011809404 0.98819065
0.19929512 0.8007049
0.106149405 0.89385056
0.9765627 0.023437336
0.04073661 0.95926344
0.0025957772 0.99740416
0.8089517 0.19104832
0.2427336 0.7572664
0.05652823 0.9434717
0.9664922 0.033507813
1.0 2.1812864e-15
0.6894996 0.3105004
0.012669703 0.9873303
1.0 1.1650692e-19
0.04252173 0.9574783
0.8559294 0.14407057
0.012015787 0.9879842
0.99227715 0.007722837
0.085457504 0.9145425
0.55795264 0.44204736
0.70792353 0.29207644
0.0038741764 0.9961259
0.9525582 0.04744173
0.013131944 0.986868
0.009878359 0.99012166
0.3010174 0.6989826
0.673779 0.32622096
0.074221924 0.92577815
1.0 3.2890057e-09
0.9999857 1.42604995e-05
0.32910764 0.67089236
0.20062909 0.79937094
0.7375237 0.26247638
0.99556834 0.0044316486
1.0 1.1256749e-20
0.018460993 0.98153895
0.6366817 0.36331835
0.81419927 0.18580075
0.9680843 0.031915706
0.022459483 0.97754055
0.99999976 1.9779185e-07
1.0 2.3574058e-25
0.9649594 0.035040602
1.0 4.9965826e-13
1.0 2.382624e-11
1.0 1.215565e-16
0.9978163 0.0021836555
1.0 1.0831672e-11
1.0 2.2688795e-23
0.99743277 0.002567255
1.0 7.3183277e-25
0.99929535 0.0007046611
1.0 1.1633477e-31
0.99926 0.00073997723
1.0 1.8983973e-38
0.9999993 7.060588e-07
0.9999726 2.7408783e-05
1.0 5.4107956e-38
1.0 2.685649e-23
1.0 2.3546202e-17
1.0 7.960388e-12
1.0 9.190763e-11
1.0 6.3230046e-11
0.99989426 0.00010569874
1.0 8.152618e-15
0.98287797 0.017122006
1.0 3.700574e-13
0.9743425 0.025657434
1.0 3.4830595e-12
1.0 2.2846203e-20
1.0 3.3234995e-17
0.9967018 0.0032982705
0.9996184 0.00038155462
1.0 0.0
1.0 4.002403e-21
0.99998057 1.9434076e-05
0.99997544 2.4543386e-05
1.0 2.7319346e-20
0.99694484 0.0030551157
0.99973255 0.0002674446
0.96266955 0.03733045
1.0 4.4790234e-11
0.9998381 0.00016185231
1.0 4.1568957e-11
1.0 2.4084546e-17
0.99611205 0.003887943
1.0 2.5119994e-20
0.9999802 1.9845287e-05
1.0 2.3300656e-10
1.0 5.6590917e-33
1.0 4.618681e-08
0.9997787 0.00022126464
1.0 5.2842815e-17
1.0 4.803737e-13
1.0 6.887305e-30
0.9991547 0.0008453598
1.0 7.9961784e-16
1.0 8.757297e-23
1.0 7.6695405e-14
0.9999993 7.2578376e-07
0.99838066 0.001619312
1.0 6.792403e-17
1.0 9.955886e-16
1.0 2.8781274e-16
1.0 3.7782079e-31
0.99612683 0.0038732123
0.9999988 1.150435e-06
0.7718408 0.22815925
1.0 5.610978e-20
0.91121846 0.08878149
0.73169506 0.26830494
1.0 2.2360636e-17
1.0 6.7842965e-10
1.0 2.2458677e-18
0.9999447 5.53178e-05
0.7041339 0.29586604
0.99978095 0.00021907224
1.0 2.2509734e-16
1.0 2.9533992e-14
0.95924556 0.040754512
1.0 4.530594e-22
0.9892665 0.0107334405
0.9941579 0.0058421236
0.99995816 4.1842333e-05
0.99260557 0.0073944167
1.0 9.393734e-09
1.0 1.060695e-10
0.9948537 0.0051462906
0.19791085 0.80208915
0.9939932 0.006006738
1.0 4.5481017e-14
0.99998665 1.3384508e-05
0.99426913 0.0057308497
0.88573 0.114269964
0.99632806 0.0036719053
0.9999981 1.8881059e-06
1.0 1.3999973e-10
0.14102814 0.8589719
1.0 1.2667773e-09
0.99952626 0.00047373373
0.99999714 2.8883405e-06
1.0 5.0073685e-11
1.0 2.0056432e-15
1.0 1.0120221e-17
0.67239904 0.32760096
1.0 4.1736016e-08
1.0 2.1640705e-09
0.9996001 0.00039996527
1.0 1.7346671e-15
0.80687946 0.19312054
1.0 7.4997174e-31
0.99986243 0.00013759821
0.98804885 0.011951162
0.9712839 0.028716054
1.0 2.6410221e-20
0.9999993 6.669459e-07
1.0 5.3408254e-16
0.9999982 1.7886598e-06
1.0 1.3643103e-13
0.6953542 0.30464575
1.0 7.0985156e-13
0.8214106 0.17858936
0.99999285 7.154123e-06
0.8135067 0.18649326
1.0 1.3833685e-20
1.0 1.0467242e-08
0.97900486 0.02099517
0.9999918 8.20826e-06
0.99999964 3.8732037e-07
0.9999889 1.1116508e-05
0.99869776 0.0013022162
0.8679967 0.1320033
1.0 1.1898731e-16
1.0 5.521493e-12
1.0 1.326355e-11
0.52026623 0.47973385
0.5996206 0.40037942
1.0 3.6491784e-08
1.0 0.0
0.9999938 6.210224e-06
1.0 9.079751e-23
0.99999976 2.3263539e-07
1.0 2.9903405e-21
1.0 2.7754608e-15
0.9993292 0.00067084265
0.9999994 5.5506257e-07
0.99999785 2.1534051e-06
0.99999964 3.286036e-07
0.99298394 0.00701613
1.0 1.5005767e-15
0.8024625 0.19753747
1.0 2.1960766e-19
0.35992065 0.6400793
0.99980646 0.00019359787
0.9999999 1.02301954e-07
1.0 1.9962515e-18
0.99889874 0.0011012228
1.0 2.2223369e-11
0.9999193 8.064623e-05
1.0 5.7390036e-08
0.9835798 0.016420165
1.0 3.389744e-08
1.0 4.296029e-15
1.0 1.7713736e-21
1.0 6.256621e-09
1.0 5.8496633e-15
1.0 0.0
1.0 6.8784793e-16
1.0 3.085414e-08
1.0 5.64032e-18
0.9890842 0.010915781
1.0 3.6232433e-21
1.0 0.0
1.0 5.777237e-22
0.9999995 4.2061993e-07
0.99938655 0.00061337365
0.99931943 0.0006805313
1.0 4.9918527e-15
0.9999964 3.5442026e-06
0.9874516 0.012548418
0.9999999 1.6276745e-07
1.0 1.9147323e-23
1.0 1.8668372e-28
1.0 1.2715322e-23
0.9946503 0.005349689
0.9963251 0.0036748808
0.9999999 9.4974006e-08
0.99999905 9.129117e-07
0.99773276 0.0022671956
1.0 2.0603292e-08
1.0 1.1251551e-28
1.0 1.0085096e-09
0.9999999 6.8495865e-08
0.091493376 0.90850663
1.0 3.5170327e-08
1.0 5.8368976e-09
0.99999774 2.2470203e-06
0.99999976 1.8885385e-07
1.0 3.954632e-11
0.06710497 0.932895
1.0 1.0304288e-13
1.0 1.3337831e-11
1.0 3.3110575e-26
0.999546 0.0004540068
1.0 2.0012945e-15
0.78105396 0.21894601
1.0 3.818112e-15
0.9999982 1.7401732e-06
0.99999726 2.778665e-06
0.8528824 0.14711764
0.9999999 8.1763005e-08
1.0 0.0
0.99999285 7.1265445e-06
1.0 7.278547e-24
1.0 8.51739e-13
0.5380772 0.4619228
1.0 4.8578697e-09
0.8594794 0.14052057
1.0 1.866252e-22
0.99999213 7.895194e-06
0.8898245 0.11017545
0.9999989 1.0165536e-06
1.0 3.5280274e-29
1.0 1.02675416e-13
0.6622325 0.33776748
0.9863361 0.013663962
1.0 1.0218473e-19
0.94496274 0.05503727
1.0 7.2138195e-10
0.99993956 6.042954e-05
1.0 8.6329716e-10
0.99986744 0.00013250562
1.0 1.0378824e-10
0.9999989 1.0312424e-06
0.10449622 0.89550376
0.9791108 0.020889198
0.38904956 0.6109504
0.8338031 0.1661969
1.0 2.6985817e-28
1.0 6.9892456e-14
1.0 2.91758e-16
1.0 2.4028122e-16
0.88550955 0.114490435
0.99999666 3.3479066e-06
1.0 4.435959e-27
0.9999348 6.5255466e-05
0.9999927 7.2929847e-06
0.99996865 3.138359e-05
0.9903092 0.009690874
1.0 1.1514219e-25
1.0 1.5861767e-30
0.99927896 0.0007210187
0.9901107 0.009889245
0.9979656 0.0020344597
0.99980766 0.0001923331
1.0 9.804034e-17
1.0 3.8516357e-14
1.0 3.8278498e-17
0.99996674 3.324671e-05
0.99999964 3.5463898e-07
0.9234184 0.076581605
0.87601954 0.12398049
0.9999918 8.210749e-06
0.9999579 4.209833e-05
1.0 0.0
0.9999993 7.635131e-07
0.97881913 0.021180846
0.9882321 0.011767946
1.0 1.8026166e-11
1.0 1.8754796e-11
0.9999809 1.9016765e-05
1.0 2.4447305e-10
1.0 6.9252465e-10
1.0 2.8299472e-12
0.99530506 0.004694942
1.0 0.0
1.0 3.705227e-10
0.9999949 5.1498664e-06
1.0 5.1859884e-25
0.8630423 0.13695773
0.9964675 0.0035324804
0.96856064 0.03143937
1.0 4.968109e-14
1.0 6.7025916e-34
1.0 4.563949e-08
1.0 1.9956521e-16
0.99999976 2.2190963e-07
1.0 2.041389e-08
0.98916185 0.010838153
0.9999993 6.586077e-07
1.0 8.5292087e-13
0.66134363 0.33865634
0.49343795 0.506562
0.99682415 0.0031758165
0.9999844 1.5669422e-05
1.0 3.8076026e-19
1.0 3.359191e-08
1.0 5.432415e-13
1.0 3.4767123e-28
0.04017279 0.95982724
1.0 2.2164516e-12
0.7418522 0.25814778
0.99994683 5.3182386e-05
0.9784257 0.021574348
0.99999964 3.1944867e-07
1.0 1.939658e-19
0.7388728 0.26112717
0.94946957 0.050530434
0.99798775 0.0020122959
0.996932 0.0030678909
0.9887987 0.011201383
0.98805374 0.011946276
1.0 1.1733239e-13
0.99995935 4.0634895e-05
0.011440633 0.9885593
1.0 4.9073327e-19
1.0 9.184152e-12
0.78038293 0.21961708
1.0 2.5924448e-17
0.99999976 2.8513688e-07
1.0 5.845688e-24
0.9999989 1.0978262e-06
0.024579495 0.97542053
1.0 2.6096271e-19
0.98370886 0.016291073
0.9999815 1.8424222e-05
0.99999964 3.7147063e-07
0.99989855 0.000101443446
1.0 6.744885e-12
1.0 2.5838112e-28
1.0 6.9751637e-23
1.0 3.5485967e-22
1.0 4.3063804e-16
0.9999999 9.536373e-08
1.0 9.573558e-33
1.0 3.3146152e-11
0.830105 0.16989496
1.0 4.439996e-16
1.0 1.5041662e-20
0.11916313 0.8808369
0.57176167 0.4282384
0.932161 0.06783902
1.0 1.2861219e-10
0.96836054 0.031639524
0.9979576 0.0020423778
1.0 5.5328356e-16
1.0 2.6183506e-09
1.0 5.3112037e-12
1.0 4.4516064e-19
0.2899173 0.71008277
1.0 3.0939905e-18
0.99999976 1.9881877e-07
1.0 1.3654381e-27
0.7430674 0.25693268
1.0 2.2586957e-10
1.0 5.8494626e-30
0.8764992 0.12350084
0.9998789 0.00012115437
0.99999905 9.345108e-07
1.0 9.415692e-16
1.0 1.0276972e-23
1.0 4.46386e-22
0.99928063 0.00071936735
1.0 9.625252e-13
1.0 1.0564587e-18
0.9999963 3.7215323e-06
0.9999976 2.3736566e-06
0.980431 0.019568969
1.0 1.1131573e-23
1.0 8.951258e-10
0.47330034 0.52669966
0.9999999 1.4997313e-07
1.0 1.1093034e-09
0.9999989 1.0330151e-06
1.0 2.5539531e-20
1.0 9.997615e-20
0.7760736 0.22392642
1.0 5.73734e-08
0.032393303 0.96760666
0.9999962 3.8093422e-06
0.99962556 0.0003744285
1.0 1.4787497e-23
0.9917727 0.008227307
1.0 0.0
0.9999993 6.8817343e-07
1.0 3.825228e-29
1.0 2.845959e-08
1.0 5.149887e-27
0.64118826 0.35881183
0.998606 0.0013940472
0.1694715 0.8305285
0.99999785 2.2026852e-06
0.99999833 1.6337176e-06
0.9804602 0.019539705
0.65230083 0.34769925
1.0 4.4394562e-30
1.0 0.0
0.6973398 0.30266032
1.0 3.24256e-11
0.9949122 0.0050878664
0.9999933 6.7350393e-06
0.9992021 0.00079789804
0.9974819 0.0025180865
0.9928261 0.0071738926
0.98342043 0.016579494
1.0 4.1050026e-08
0.9070041 0.092995845
0.99999905 9.486861e-07
0.99999774 2.2581312e-06
1.0 1.8607925e-22
1.0 7.121977e-13
1.0 5.613599e-17
1.0 3.184303e-08
0.8736225 0.12637748
1.0 8.566271e-12
0.9999434 5.6605088e-05
1.0 1.3652235e-21
0.98521715 0.014782782
0.705631 0.29436895
0.95345545 0.046544556
0.8658078 0.1341922
0.99989545 0.000104583865
1.0 1.44788e-18
0.9995468 0.00045309475
1.0 2.2700676e-10
0.99999976 2.4302747e-07
0.9999995 4.4469343e-07
0.97636366 0.023636362
1.0 1.4006486e-18
0.99512744 0.004872573
0.9999738 2.6168496e-05
1.0 6.7943767e-12
0.9993303 0.0006697835
0.99987555 0.00012443936
1.0 9.399395e-17
0.9999995 4.3533893e-07
0.999998 1.9836925e-06
1.0 1.5369538e-14
1.0 4.3096557e-10
0.99999845 1.5437901e-06
0.9987625 0.0012375809
1.0 6.1348464e-09
0.99996483 3.5150366e-05
1.0 9.990502e-13
1.0 4.3628942e-10
0.99961686 0.00038309963
0.9511642 0.04883582
0.99999666 3.3000563e-06
0.9999578 4.218087e-05
0.99999917 8.290559e-07
1.0 3.6300973e-14
0.9999995 4.5510748e-07
0.99999774 2.301988e-06
0.99713826 0.0028617352
1.0 1.4211048e-19
0.9831924 0.01680765
0.7887074 0.21129261
1.0 6.27176e-20
0.9999994 5.510677e-07
0.99999213 7.825688e-06
0.9999987 1.2520909e-06
0.98554623 0.014453705
0.8953842 0.10461582
1.0 1.323705e-28
1.0 7.800224e-17
0.42210177 0.57789826
0.9999906 9.382934e-06
0.095349774 0.9046502
0.9999999 1.10372426e-07
0.008088628 0.99191135
1.0 5.0994067e-14
1.0 1.3301318e-08
0.9964647 0.0035353033
0.045717917 0.9542821
0.98630595 0.01369401
1.0 1.5859162e-23
1.0 4.3517326e-10
1.0 6.7485206e-10
0.9999993 6.8666037e-07
0.9762131 0.023786893
1.0 4.3676356e-12
1.0 7.9779967e-14
1.0 5.1346854e-19
1.0 2.2867615e-12
1.0 5.1549e-19
1.0 5.7001673e-19
1.0 5.0522934e-23
1.0 3.6828878e-12
1.0 2.0374191e-10
1.0 1.21907505e-17
0.99999964 3.7618793e-07
1.0 0.0
0.9979144 0.0020856545
0.9998448 0.00015518925
1.0 4.8820357e-14
0.20922731 0.79077274
0.98664224 0.013357813
1.0 2.9182128e-17
0.99999785 2.0961838e-06
1.0 5.2423577e-10
0.9999989 1.0344781e-06
1.0 7.987236e-26
1.0 4.90079e-17
1.0 1.7194768e-09
1.0 2.4595438e-13
1.0 2.33653e-38
0.98755604 0.012444034
1.0 3.3748137e-13
1.0 2.3051548e-15
0.99950564 0.0004943527
0.92819124 0.07180879
1.0 9.150704e-19
1.0 1.98715e-10
1.0 1.17019345e-08
1.0 6.7131083e-19
0.9999888 1.1226755e-05
1.0 2.687124e-16
0.99999607 3.958574e-06
0.99999964 3.3256586e-07
1.0 8.579029e-11
0.79553276 0.20446728
0.8385877 0.16141234
0.9992901 0.0007099024
1.0 3.436793e-23
0.992268 0.007732022
0.8492191 0.15078096
0.080571264 0.9194287
1.0 2.435889e-16
1.0 6.911664e-11
1.0 2.317331e-11
0.8441392 0.15586081
0.9783658 0.02163423
0.9989182 0.0010817862
1.0 5.9252183e-21
0.9416983 0.058301657
1.0 1.4019793e-11
0.9992331 0.000766845
1.0 1.655708e-26
1.0 2.2843978e-09
1.0 1.8993361e-26
0.99002564 0.009974365
0.99956757 0.00043240364
1.0 6.2002037e-13
0.9999491 5.0936003e-05
0.9990835 0.0009165032
1.0 1.5567617e-15
1.0 3.2577115e-18
1.0 3.395842e-18
0.7890098 0.21099018
0.9985531 0.0014469395
1.0 6.368914e-15
1.0 2.08869e-09
1.0 6.5193154e-26
1.0 2.076898e-18
0.9999999 9.163574e-08
0.9999479 5.2059284e-05
0.99471766 0.005282376
0.9999999 1.10070324e-07
0.9998311 0.00016883199
0.9186848 0.08131527
1.0 6.9160287e-15
1.0 9.664644e-23
1.0 1.5264502e-19
0.9999999 7.154316e-08
1.0 2.9094769e-09
0.98810077 0.011899212
1.0 1.2879683e-17
1.0 4.491167e-09
0.9999999 1.514202e-07
1.0 3.0459596e-10
0.99999976 2.851192e-07
1.0 1.5886523e-24
0.9999913 8.65532e-06
0.9999999 8.4172484e-08
0.99999964 3.4882197e-07
0.99999976 2.3134201e-07
1.0 1.181452e-15
1.0 1.3011983e-17
1.0 2.0814007e-35
0.9999467 5.3301803e-05
1.0 2.5029818e-33
1.0 1.3296993e-10
1.0 3.7226154e-15
1.0 5.7120944e-12
1.0 2.2395459e-10
1.0 6.0424207e-16
1.0 5.444919e-08
0.8841655 0.1158345
0.99999607 3.892729e-06
0.85204095 0.1479591
0.999861 0.00013900081
1.0 5.263858e-18
1.0 1.6955436e-08
1.0 0.0
1.0 4.0968033e-09
0.9856888 0.014311219
0.996825 0.0031750016
1.0 5.736447e-14
0.999931 6.904041e-05
1.0 1.3428954e-12
1.0 1.9531311e-37
1.0 1.1564807e-12
1.0 1.8446782e-11
0.97073925 0.029260786
1.0 5.2366375e-19
0.9999676 3.2395837e-05
1.0 1.1382321e-08
0.07356259 0.9264374
1.0 1.3156176e-17
0.9977447 0.0022553112
0.64338857 0.35661137
0.7982877 0.20171231
1.0 5.6151894e-15
1.0 6.0841734e-11
0.9999975 2.5470522e-06
1.0 3.3274157e-19
1.0 3.0750675e-12
1.0 5.084999e-08
1.0 1.913272e-08
1.0 9.3544256e-11
0.99975353 0.00024644326
1.0 5.3948984e-18
0.99999666 3.3013941e-06
0.9999542 4.571719e-05
0.9929837 0.0070162956
0.999838 0.00016202155
0.16927497 0.830725
0.9998952 0.00010482289
0.9999994 6.1572746e-07
0.9999825 1.7520428e-05
0.030294789 0.9697053
1.0 4.4505966e-15
0.99975306 0.00024688258
0.97142076 0.028579265
0.9999982 1.8184894e-06
1.0 5.5614902e-30
1.0 7.032585e-14
0.9974718 0.0025281657
1.0 3.9942228e-16
1.0 2.400462e-20
1.0 2.1532656e-10
0.99976987 0.0002301773
0.9999993 6.769463e-07
1.0 8.397929e-26
0.16501334 0.8349866
1.0 8.203864e-14
1.0 2.2042082e-20
1.0 2.2457056e-10
0.99953675 0.00046325778
0.9999012 9.886873e-05
0.9727696 0.027230414
1.0 0.0
0.99999976 2.6637437e-07
0.99999857 1.4475002e-06
1.0 1.0505348e-11
0.9999988 1.1652177e-06
0.85484475 0.14515519
0.99992895 7.1096656e-05
1.0 3.526002e-33
0.9999999 8.2933134e-08
1.0 7.886578e-23
1.0 8.870267e-15
0.9999405 5.9443493e-05
0.9967901 0.0032098729
1.0 3.0940494e-18
1.0 1.63695e-25
0.9999863 1.3694487e-05
0.99974114 0.000258854
1.0 1.13697664e-14
1.0 3.9280714e-08
0.93797576 0.062024295
0.93833226 0.061667692
1.0 1.0854599e-09
0.99967074 0.00032925312
0.99999833 1.6175971e-06
0.99999976 2.942748e-07
1.0 1.2753304e-09
0.99999964 3.384531e-07
1.0 2.4102219e-15
1.0 6.835341e-10
1.0 4.690502e-08
0.9999956 4.4540625e-06
1.0 2.552795e-08
0.99999774 2.288238e-06
1.0 1.8206264e-18
1.0 3.340751e-08
1.0 5.8792423e-21
1.0 6.0690805e-23
0.9313988 0.068601176
0.999091 0.0009089954
0.9999968 3.2091789e-06
0.009917739 0.9900823
1.0 1.0254792e-11
1.0 2.0473918e-10
1.0 6.351077e-09
0.9999814 1.8628656e-05
0.11936453 0.8806355
0.99999964 3.0365715e-07
0.6055591 0.39444095
0.99999726 2.743743e-06
0.9995957 0.0004042714
0.99999976 1.8461175e-07
0.9999999 1.4768196e-07
0.9985281 0.0014719
0.999521 0.00047903438
1.0 9.671106e-14
0.99999964 3.7817927e-07
0.78536606 0.21463396
0.86080444 0.13919553
1.0 2.5859192e-11
0.96762353 0.03237645
0.067511335 0.9324886
0.99980265 0.00019735035
0.9999969 3.0757656e-06
0.99998116 1.8840674e-05
0.99999154 8.515448e-06
1.0 2.0924033e-12
1.0 9.269523e-12
1.0 8.513191e-30
1.0 2.4183245e-24
0.99997663 2.3355344e-05
0.9617647 0.038235344
0.9986922 0.001307802
0.9970753 0.0029246716
0.091938704 0.90806127
0.9889038 0.011096161
1.0 4.317552e-11
0.9999994 6.4906015e-07
1.0 1.8482872e-27
0.9399999 0.060000096
1.0 0.0
0.94184387 0.05815614
1.0 3.0726285e-12
0.99981123 0.00018882519
1.0 2.4355265e-16
0.9999999 1.2128284e-07
1.0 1.7407984e-08
0.9123172 0.08768282
0.9945338 0.0054661836
1.0 3.9704563e-27
0.99983156 0.0001684117
0.99995685 4.318767e-05
0.9960025 0.0039975396
0.9999993 7.53476e-07
0.82183856 0.1781615
0.32765678 0.6723433
0.9964653 0.0035346868
0.9990392 0.00096081046
0.99901664 0.000983358
0.99452704 0.005472922
0.9977114 0.0022885608
0.99999964 3.1305197e-07
0.99992466 7.536218e-05
1.0 7.060318e-16
1.0 3.2340658e-08
0.95599616 0.044003822
1.0 3.7441295e-10
1.0 2.5861825e-17
1.0 3.746442e-11
1.0 5.33382e-24
1.0 3.8931947e-15
0.23872021 0.7612798
0.9986928 0.0013071732
0.99912673 0.00087331614
1.0 4.049713e-10
0.9999995 5.1241045e-07
1.0 3.2797212e-17
1.0 1.1285525e-18
1.0 2.1693747e-11
1.0 1.2753923e-11
0.9999819 1.8081333e-05
1.0 3.642788e-19
1.0 0.0
0.9998301 0.00016980518
1.0 1.3544784e-09
1.0 0.0
0.96927243 0.030727597
0.9994491 0.0005508872
0.9954952 0.004504784
0.93851906 0.06148094
0.983331 0.016668946
1.0 2.8994374e-10
0.9346506 0.06534934
1.0 1.0039749e-08
1.0 1.1405529e-12
1.0 8.003091e-12
1.0 1.6398015e-08
0.99960154 0.0003985293
1.0 4.6472427e-11
0.9352938 0.06470622
1.0 2.7611756e-13
1.0 2.051895e-18
0.6674304 0.33256954
0.7871 0.21290003
1.0 5.087467e-14
0.9296553 0.070344724
1.0 6.5593846e-09
0.99999964 3.1930247e-07
0.9910178 0.008982159
0.74903834 0.25096163
0.99999607 3.8961757e-06
0.990515 0.009484969
1.0 2.1843726e-14
1.0 1.1339588e-12
0.41766188 0.58233815
1.0 5.9304133e-23
0.922337 0.07766304
1.0 7.690282e-18
1.0 1.4281074e-11
1.0 5.6931553e-09
1.0 2.0548098e-32
0.99999976 2.0767824e-07
1.0 3.408253e-08
0.9974178 0.0025822255
1.0 4.4751806e-11
0.9999466 5.334955e-05
1.0 4.0421936e-19
0.99999857 1.4648814e-06
0.5051872 0.49481288
1.0 5.638407e-25
0.7220757 0.27792433
1.0 7.020702e-24
0.99514776 0.004852202
1.0 1.6171494e-08
0.99878055 0.0012194971
0.89676225 0.10323774
1.0 4.596614e-34
1.0 5.6325395e-17
0.8832067 0.116793305
1.0 1.7842027e-08
1.0 6.6322585e-14
0.99993324 6.674039e-05
0.9999993 7.4811595e-07
0.25368914 0.7463108
0.9271722 0.07282779
1.0 1.0260166e-12
0.99997425 2.5761057e-05
0.70689315 0.29310682
0.99861395 0.0013860764
1.0 4.79631e-14
1.0 4.755664e-10
1.0 5.620577e-12
0.71451515 0.28548488
1.0 9.42172e-14
1.0 1.315731e-20
1.0 3.363679e-23
1.0 1.37262965e-08
0.96324533 0.036754683
1.0 1.14502685e-10
0.99874556 0.0012543596
0.027043369 0.9729566
1.0 5.726876e-12
0.99999905 8.942134e-07
1.0 2.9010097e-24
0.9999869 1.3145749e-05
1.0 9.1311965e-11
0.9998908 0.00010921971
0.99990916 9.085385e-05
1.0 7.325981e-10
1.0 8.835763e-09
0.99999154 8.426504e-06
1.0 1.2738536e-22
1.0 3.1947658e-16
1.0 1.00343096e-16
0.99503714 0.004962843
1.0 6.1493366e-32
0.99998593 1.4051014e-05
0.54543346 0.45456654
1.0 1.8353756e-17
0.9999999 8.3595225e-08
0.9993843 0.0006157527
0.9999995 4.950559e-07
1.0 8.061638e-29
1.0 1.560632e-12
1.0 2.4900665e-08
1.0 2.2137877e-29
0.99996805 3.1952848e-05
0.9999901 9.867909e-06
1.0 4.9758904e-12
1.0 7.543526e-10
1.0 2.0992474e-19
0.93632525 0.06367477
1.0 1.6994709e-12
1.0 1.0924203e-12
1.0 3.045294e-12
1.0 1.3890991e-11
0.99824524 0.0017547681
1.0 4.566706e-13
1.0 2.1555213e-14
0.99987817 0.00012184998
1.0 3.4767204e-31
0.96494275 0.035057265
0.99999976 2.652395e-07
1.0 0.0
0.9999994 6.4389985e-07
0.7600574 0.23994261
0.99999976 1.9115326e-07
1.0 4.217171e-20
1.0 5.7666266e-10
0.495172 0.504828
1.0 4.716298e-10
1.0 1.6720868e-15
1.0 4.6825304e-11
1.0 1.0007814e-13
0.9999769 2.3159853e-05
0.9999999 1.2878077e-07
0.9999293 7.074383e-05
0.99999344 6.5944005e-06
1.0 9.152836e-11
1.0 9.261778e-13
1.0 3.66874e-12
0.99548197 0.0045180246
0.9999968 3.2169066e-06
1.0 5.080956e-08
0.99718153 0.0028184794
0.99999464 5.3102694e-06
1.0 2.1699286e-34
0.99999917 7.882222e-07
1.0 1.1219091e-12
1.0 1.6912298e-29
0.9995214 0.00047869116
1.0 2.7547148e-10
1.0 5.9593925e-09
0.28757954 0.7124204
0.94873065 0.051269334
1.0 2.8502463e-11
0.9999995 4.3282407e-07
1.0 1.4023016e-24
0.6450245 0.3549755
1.0 1.4612509e-20
0.999987 1.3024668e-05
1.0 6.841705e-33
0.99999774 2.2070376e-06
1.0 4.8166098e-09
1.0 3.5054442e-17
1.0 5.4361617e-15
0.9986873 0.0013126425
0.9999399 6.0082362e-05
1.0 3.4282517e-14
1.0 7.700058e-14
1.0 1.4505067e-17
1.0 1.03694255e-10
0.5147908 0.48520923
1.0 6.966474e-14
1.0 2.7813241e-21
1.0 1.4946443e-18
1.0 8.438638e-21
0.99999917 7.771744e-07
0.9999994 5.66894e-07
1.0 1.7139438e-12
0.99999845 1.591324e-06
1.0 5.0049444e-18
1.0 2.8678816e-15
0.9999987 1.2791335e-06
0.99999964 4.043281e-07
1.0 1.7477118e-08
1.0 1.3091461e-22
0.73973393 0.26026607
1.0 1.7768558e-13
0.9853805 0.014619551
0.99950373 0.000496271
1.0 1.0519322e-15
0.99999785 2.145112e-06
1.0 2.4491245e-12
0.99999964 3.636429e-07
1.0 7.4161295e-17
1.0 6.9665114e-11
1.0 7.369389e-20
1.0 0.0
0.9991321 0.00086798106
0.8939202 0.10607974
1.0 3.640753e-15
0.99998546 1.4485646e-05
0.9999927 7.2263133e-06
0.9999999 8.686445e-08
0.9999913 8.67565e-06
0.990752 0.009247973
0.9864326 0.013567433
1.0 4.003846e-10
1.0 1.8637718e-19
0.9999945 5.5249034e-06
0.8647477 0.13525225
0.9999999 6.1374124e-08
1.0 4.163632e-15
0.99985635 0.0001436474
0.9985311 0.0014689309
1.0 5.62245e-32
1.0 1.4976242e-17
0.97631943 0.023680585
0.9995536 0.00044630235
1.0 2.5804275e-17
1.0 9.486955e-12
1.0 1.5658464e-20
0.8693405 0.13065954
1.0 1.6823364e-15
1.0 3.6475354e-12
1.0 6.9263695e-10
0.99930847 0.00069158175
1.0 7.947698e-25
1.0 1.1488289e-10
1.0 2.9667044e-08
1.0 1.2331886e-21
1.0 1.3958417e-27
1.0 2.3841582e-09
1.0 8.279937e-13
1.0 1.3314703e-18
1.0 1.91066e-09
1.0 5.2826075e-25
0.983478 0.016521985
0.99707854 0.002921495
0.9990018 0.0009982141
1.0 2.1579762e-11
1.0 5.168715e-22
0.6609116 0.3390884
0.99999976 2.4482895e-07
1.0 2.740216e-24
1.0 1.7605782e-17
1.0 7.7010025e-09
1.0 5.236467e-08
1.0 2.0184063e-12
1.0 1.6068021e-17
0.99989855 0.0001014839
0.9998864 0.00011354253
0.9999999 6.974964e-08
1.0 9.206029e-18
0.9999969 3.0464441e-06
0.99995124 4.880079e-05
1.0 1.1366457e-09
1.0 2.9346126e-09
1.0 2.784109e-26
0.047299493 0.9527005
1.0 2.8808504e-13
1.0 5.472103e-19
0.9998312 0.00016872544
0.99887604 0.001123938
0.25125098 0.748749
0.99998724 1.2755113e-05
1.0 8.254651e-19
0.9999999 6.944618e-08
1.0 2.8624917e-16
0.99983406 0.00016592737
0.999998 2.0271316e-06
0.98067605 0.019323902
1.0 6.816914e-15
1.0 1.6760138e-08
0.998035 0.0019649381
0.98899615 0.011003794
0.876022 0.12397805
0.98915815 0.010841855
1.0 3.5976434e-34
1.0 1.9879652e-21
0.9999249 7.5129974e-05
0.96109 0.038909968
1.0 9.771021e-26
1.0 1.8640062e-08
0.66160804 0.33839196
0.9999516 4.8439884e-05
0.4611536 0.53884643
0.99999976 2.7436099e-07
0.99999845 1.6048484e-06
1.0 8.8472675e-12
1.0 3.157853e-12
1.0 4.45638e-08
1.0 1.22900196e-17
1.0 2.8496557e-17
0.99957615 0.00042381906
1.0 1.6252603e-08
0.9998462 0.0001538077
0.9997992 0.00020077643
1.0 4.852538e-38
1.0 2.8604133e-19
1.0 1.5226514e-13
1.0 1.4366231e-26
1.0 4.9704952e-15
1.0 2.016457e-18
0.9999726 2.7395143e-05
1.0 6.9241537e-09
0.9800506 0.019949377
0.99120086 0.008799178
1.0 0.0
1.0 4.9621676e-08
1.0 1.4518621e-18
1.0 1.136592e-08
1.0 2.446714e-13
1.0 2.14171e-22
0.9999666 3.3406315e-05
0.9983669 0.0016331389
0.98729426 0.01270574
1.0 8.228492e-12
0.99992096 7.9006764e-05
0.8626494 0.13735056
0.9902159 0.009784135
1.0 1.6198443e-08
1.0 2.17916e-09
0.9999963 3.7272043e-06
1.0 1.7050853e-15
0.9902811 0.009718871
1.0 8.7490106e-13
1.0 6.3338473e-10
1.0 4.197559e-12
0.9355025 0.06449746
1.0 3.0726285e-12
1.0 8.174507e-12
0.9986313 0.0013686245
0.99983335 0.0001666682
1.0 1.8336492e-11
0.99999166 8.344583e-06
1.0 5.466513e-11
1.0 7.774907e-11
0.99995196 4.806046e-05
1.0 2.2388363e-33
0.99999166 8.322743e-06
0.99999917 8.021581e-07
1.0 3.0200624e-16
1.0 2.0857167e-20
1.0 1.9540439e-11
1.0 1.6376066e-09
0.9999964 3.5935668e-06
