0.35463053 0.64536947
0.00041766322 0.99958235
0.0002629937 0.99973696
0.11790564 0.8820944
0.006103356 0.99389666
0.00024531523 0.9997547
0.005221082 0.994779
0.00041626766 0.9995838
0.00034286533 0.99965715
0.0025187344 0.9974813
0.031375658 0.9686243
0.00021068267 0.9997893
0.0001977263 0.9998023
0.00021086697 0.9997892
0.00019465698 0.9998054
0.00023100551 0.99976903
0.0002207187 0.9997793
0.00048163917 0.9995184
0.00024381888 0.99975616
0.0024620092 0.997538
0.04169847 0.9583015
0.00095339643 0.9990466
0.00021127873 0.9997887
0.0009198442 0.9990802
7.852493e-05 0.99992144
0.08694873 0.91305125
0.00021065236 0.9997894
0.00025179127 0.9997482
1.4337655e-05 0.9999857
0.0010831506 0.99891686
0.00033058424 0.99966943
0.13617182 0.8638282
0.012246091 0.9877539
0.0015553872 0.9984446
0.00026691853 0.99973303
0.00019822182 0.9998018
0.00025628266 0.99974376
0.001260101 0.9987399
0.0007756851 0.9992243
0.00034053353 0.9996594
0.00021047948 0.99978954
0.17491853 0.82508147
0.0010995975 0.9989004
0.00020430365 0.99979573
0.00027197824 0.999728
0.0011240114 0.9988759
0.00020361542 0.99979645
0.14984827 0.8501518
0.011595416 0.9884045
0.0002981858 0.9997018
0.00024082097 0.99975914
0.00022377174 0.9997762
0.01140023 0.9885998
0.0022223536 0.99777764
0.0006933916 0.99930656
0.00021886805 0.9997812
0.00026555342 0.99973446
0.0002980681 0.9997019
0.029546918 0.9704531
0.0002205355 0.9997795
0.0022297811 0.9977702
0.00028341333 0.9997166
0.3718633 0.6281367
0.22432378 0.77567625
0.00036155284 0.99963844
0.87020344 0.12979655
0.00019758967 0.9998024
0.014391647 0.98560834
0.00021419163 0.99978584
0.0002462117 0.9997538
0.030146005 0.96985406
0.012248449 0.9877515
0.0004063788 0.9995937
0.000203873 0.9997961
0.018600594 0.9813995
0.14310421 0.8568958
0.0005950508 0.9994049
0.0004729022 0.9995271
0.0001943269 0.99980575
7.827876e-08 0.9999999
0.00024794534 0.9997521
0.00021412525 0.99978584
0.00029774292 0.9997023
0.00021841982 0.99978155
0.00023965442 0.9997603
0.009839365 0.9901606
3.6662186e-05 0.9999633
0.0002857799 0.9997142
0.00028878922 0.9997112
0.018064233 0.9819358
0.009416885 0.99058306
0.00027056504 0.99972945
0.00056193385 0.9994381
0.0002012859 0.9997987
0.001637663 0.99836236
0.000344795 0.99965525
0.0007189849 0.999281
0.00024479534 0.9997552
0.0002925433 0.9997074
0.0026104727 0.9973895
0.00034798897 0.999652
0.00031329965 0.9996867
0.00039063778 0.9996094
0.00060112996 0.9993988
0.00023017709 0.99976987
0.003415237 0.9965848
0.00027653732 0.9997235
0.0002112624 0.9997887
0.00038466137 0.9996153
0.0003009321 0.9996991
0.0002956858 0.9997043
0.00022199981 0.999778
0.00025552287 0.9997445
0.00025549167 0.9997445
0.0005878578 0.9994122
0.00021333314 0.9997867
0.00019266605 0.9998073
0.0008214746 0.99917847
0.00025919036 0.9997408
0.31701863 0.6829814
0.00031340454 0.9996866
0.00090287364 0.9990971
0.011248389 0.9887516
0.0008195543 0.9991804
0.00021738684 0.9997826
0.00024715107 0.9997528
0.0010163302 0.9989837
0.00022798829 0.999772
0.0028292465 0.99717075
0.0004024856 0.9995975
0.0003552384 0.99964476
0.00021215342 0.99978787
0.00028606044 0.99971396
0.2293998 0.7706002
0.00040290563 0.99959713
0.0013557173 0.9986443
0.0002177754 0.99978226
0.00026439058 0.99973565
0.00074979366 0.99925023
0.00020622674 0.9997938
0.00024044633 0.9997596
0.0026499787 0.99735
4.7048034e-05 0.9999529
0.00044424058 0.99955577
0.00029039467 0.99970955
0.006145765 0.9938543
0.21939842 0.78060156
0.00023780233 0.99976224
0.00019937751 0.9998006
0.00025285315 0.9997471
0.03814383 0.9618561
0.00074718933 0.99925274
0.0033514125 0.9966486
0.00054286374 0.9994572
0.00025080153 0.99974924
0.0002496047 0.99975044
0.00028462132 0.9997154
0.018145844 0.9818541
0.00037997687 0.99961996
0.008345219 0.99165475
0.06421625 0.93578374
0.17528151 0.82471853
0.0002148785 0.9997851
0.00029873324 0.9997012
0.0006718446 0.99932814
0.0039876522 0.99601233
0.00041819506 0.99958175
0.00022107254 0.9997789
0.14985725 0.8501427
0.00020666057 0.99979335
0.00020649629 0.99979347
0.00021350777 0.99978656
0.00036079323 0.99963915
0.0019362136 0.99806374
1.6673142e-05 0.9999833
0.013949675 0.9860503
0.0009506825 0.99904937
0.027758002 0.972242
0.00022650587 0.99977356
0.7675197 0.23248036
0.0007342425 0.99926573
0.00044931605 0.99955064
0.00057768606 0.9994223
0.0003902946 0.99960977
0.00033709095 0.9996629
0.0004828164 0.9995172
0.0002510728 0.9997489
0.00025044262 0.9997496
0.0013281603 0.9986719
0.0002818411 0.9997181
0.00045467116 0.9995453
0.00027581217 0.9997242
0.0003683337 0.99963164
0.0002057226 0.9997943
0.3785376 0.6214624
0.015635692 0.98436433
0.00023103456 0.9997689
0.00030335694 0.9996966
0.23398219 0.7660178
0.0006690115 0.999331
0.00029909148 0.9997009
0.00020824892 0.9997918
0.58554536 0.41445467
0.050665237 0.9493348
0.00021994437 0.9997801
0.00042796193 0.999572
0.0002623176 0.9997377
0.00024124591 0.9997588
0.00029002363 0.9997099
0.0014733121 0.9985267
0.00021505807 0.999785
0.000212404 0.9997876
0.00026618966 0.99973375
0.00023336805 0.99976665
0.00035571473 0.9996443
0.0030146802 0.9969854
0.0001930478 0.99980694
0.019214666 0.98078537
0.00020598993 0.99979407
1.0506326e-08 1.0
0.0002711916 0.99972874
0.0002511918 0.99974877
0.0003824778 0.99961746
0.0005120119 0.999488
3.3075376e-05 0.999967
0.0005692127 0.9994307
0.00026563875 0.99973434
0.073014244 0.92698574
0.00030751876 0.99969256
0.00021117057 0.9997888
0.00032131554 0.99967873
0.00019595383 0.9998041
0.0002053996 0.99979466
0.00039187362 0.9996081
1.0 1.8977255e-14
1.0 1.5278852e-24
1.0 3.061196e-21
1.0 9.5755354e-17
1.0 2.576438e-29
1.0 1.5198307e-21
1.0 3.2811736e-09
0.9792941 0.02070586
0.48016784 0.51983213
1.0 2.7467711e-14
1.0 3.9478867e-15
1.0 1.5454492e-14
1.0 1.174038e-13
1.0 7.877114e-14
0.99999976 2.2615653e-07
1.0 7.322066e-11
1.0 6.1725267e-19
1.0 1.7341838e-08
0.99726665 0.0027333288
1.0 7.6868405e-13
0.9994029 0.0005970661
0.9999471 5.290458e-05
0.9999982 1.8015593e-06
0.99284595 0.0071540964
0.031245038 0.96875495
0.99999464 5.397939e-06
1.0 8.944067e-15
0.9999993 7.1452604e-07
1.0 3.7404697e-09
1.0 1.3816185e-11
0.98691064 0.013089337
0.99368167 0.0063183154
0.9999999 1.5328796e-07
1.0 2.4717943e-17
0.9898629 0.010137137
0.9999931 6.882102e-06
1.0 2.7168693e-32
1.0 1.4762972e-09
1.0 1.0434889e-12
0.99070776 0.00929227
0.8315969 0.16840316
1.0 1.9906674e-13
1.0 3.176479e-22
1.0 1.8337297e-26
1.0 5.524373e-18
1.0 2.7303668e-16
1.0 3.54549e-34
1.0 2.0394342e-24
0.04187303 0.958127
1.0 1.3772268e-23
1.0 7.3882295e-10
1.0 1.20642785e-08
1.0 1.0232631e-08
1.0 1.4370403e-10
0.99160284 0.008397141
1.0 1.3176016e-13
1.0 9.130212e-13
0.99937564 0.0006244251
1.0 1.2776228e-18
0.9997582 0.00024182301
1.0 2.2368905e-25
0.9973133 0.0026867036
0.9998406 0.00015938704
0.99999714 2.809567e-06
1.0 7.161603e-13
1.0 2.2447697e-12
0.5267198 0.4732802
1.0 1.1145595e-08
1.0 2.8670846e-14
1.0 7.698718e-15
1.0 1.1811144e-22
1.0 4.9792376e-10
0.9999987 1.2729187e-06
1.0 2.286276e-13
1.0 2.7619174e-10
1.0 3.6107335e-26
0.9999995 4.8575987e-07
1.0 2.213995e-10
1.0 8.540518e-14
1.0 1.4103272e-09
1.0 8.064148e-17
1.0 1.4108193e-13
0.9999728 2.7198606e-05
0.9489855 0.0510145
1.0 1.6256326e-15
1.0 1.3682258e-22
0.99999726 2.6833582e-06
0.1421833 0.85781664
1.0 1.6519131e-15
1.0 3.2788336e-09
1.0 6.5805084e-10
0.9997391 0.00026088147
1.0 2.5353996e-15
0.9987896 0.0012103613
1.0 7.8609276e-23
1.0 7.186157e-15
1.0 3.696236e-24
0.9880917 0.011908322
1.0 2.1531966e-13
0.9987508 0.0012491638
1.0 5.2884734e-18
1.0 5.06534e-15
1.0 4.511464e-16
1.0 1.6040463e-17
1.0 4.2160583e-10
1.0 3.5987824e-08
1.0 8.0471764e-19
0.99997294 2.7106322e-05
1.0 9.9737385e-11
1.0 1.2889375e-08
1.0 2.5264594e-15
0.46951577 0.5304842
1.0 1.1216888e-27
0.99999917 7.9411495e-07
0.99952626 0.0004736985
0.1323723 0.8676277
0.9999999 1.7286875e-07
0.88776606 0.11223391
0.99972075 0.000279204
0.9988919 0.0011080909
1.0 1.7351481e-25
0.99999976 2.2080536e-07
0.99997306 2.693599e-05
0.98690575 0.013094291
1.0 3.999291e-09
1.0 4.118584e-09
0.19602193 0.80397815
1.0 1.0406376e-14
0.78874433 0.21125568
1.0 8.076889e-18
0.46060485 0.5393951
0.9999372 6.284226e-05
0.9999852 1.4751187e-05
1.0 3.5193296e-22
1.0 3.7481394e-28
1.0 2.4035125e-13
0.9999999 9.387719e-08
0.9972549 0.0027450805
1.0 4.5173412e-14
1.0 8.033238e-15
1.0 7.6006913e-17
1.0 2.4210919e-18
0.9999646 3.542304e-05
1.0 1.1917904e-23
1.0 5.761334e-19
1.0 7.497145e-23
0.9999857 1.4324999e-05
1.0 3.1789343e-18
1.0 3.438426e-19
1.0 5.5120132e-08
0.9999949 5.1242246e-06
0.98773694 0.012263095
1.0 3.385781e-24
1.0 8.6434855e-17
0.99997234 2.7598415e-05
1.0 7.07544e-17
1.0 3.917044e-15
1.0 1.1016936e-28
1.0 1.7475442e-09
1.0 2.4980497e-11
1.0 8.1442604e-14
0.79388607 0.20611392
1.0 2.5066765e-13
0.9963658 0.0036341385
1.0 1.5973031e-12
1.0 3.4989912e-17
1.0 2.7137555e-14
0.99999964 3.654535e-07
1.0 7.9744776e-19
1.0 1.8836617e-21
0.9893749 0.010625056
1.0 4.9801494e-25
1.0 1.303224e-11
1.0 5.580045e-29
1.0 4.7810533e-19
1.0 1.6770349e-18
1.0 9.917346e-14
0.9982917 0.0017083536
0.99999976 2.2455328e-07
1.0 1.6647324e-19
1.0 5.012066e-20
0.99211955 0.007880431
0.9999933 6.677352e-06
0.99999857 1.3848811e-06
1.0 9.314366e-11
0.0012378319 0.99876213
1.0 1.1687127e-15
1.0 9.0117544e-27
1.0 4.8791778e-14
1.0 8.865088e-12
1.0 2.2743145e-14
1.0 1.282171e-29
1.0 2.722561e-20
0.9999999 9.458425e-08
0.99837154 0.0016284994
0.9999999 1.5568452e-07
0.9999994 5.998385e-07
0.6670389 0.33296108
1.0 2.0115125e-15
0.99999976 2.8917643e-07
0.9814146 0.018585403
1.0 9.609506e-22
1.0 2.7066313e-11
1.0 1.30004325e-23
1.0 5.8693675e-11
1.0 0.0
1.0 2.193001e-22
0.99999857 1.3823463e-06
1.0 2.0001262e-23
1.0 2.1679804e-15
1.0 3.9318893e-18
1.0 8.119148e-18
1.0 1.0422123e-11
1.0 3.906571e-14
0.16387309 0.8361269
1.0 2.229825e-20
1.0 1.3538823e-27
1.0 7.721698e-20
0.9999999 7.174979e-08
0.9999995 4.322346e-07
1.0 1.3317162e-15
0.99997544 2.4614645e-05
1.0 7.023674e-13
0.99996865 3.1362288e-05
1.0 3.5771955e-13
1.0 2.6702121e-24
0.9997961 0.00020391324
1.0 2.6917338e-21
1.0 3.227021e-13
1.0 9.814257e-23
1.0 1.3360104e-08
1.0 2.8665202e-26
1.0 1.5004335e-15
1.0 2.0948514e-08
