0.64536947
0.99958235
0.99973696
0.8820944
0.99389666
0.9997547
0.994779
0.9995838
0.99965715
0.9974813
0.9686243
0.9997893
0.9998023
0.9997892
0.9998054
0.99976903
0.9997793
0.9995184
0.99975616
0.997538
0.9583015
0.9990466
0.9997887
0.9990802
0.99992144
0.91305125
0.9997894
0.9997482
0.9999857
0.99891686
0.99966943
0.8638282
0.9877539
0.9984446
0.99973303
0.9998018
0.99974376
0.9987399
0.9992243
0.9996594
0.99978954
0.82508147
0.9989004
0.99979573
0.999728
0.9988759
0.99979645
0.8501518
0.9884045
0.9997018
0.99975914
0.9997762
0.9885998
0.99777764
0.99930656
0.9997812
0.99973446
0.9997019
0.9704531
0.9997795
0.9977702
0.9997166
0.6281367
0.77567625
0.99963844
0.12979655
0.9998024
0.98560834
0.99978584
0.9997538
0.96985406
0.9877515
0.9995937
0.9997961
0.9813995
0.8568958
0.9994049
0.9995271
0.99980575
0.9999999
0.9997521
0.99978584
0.9997023
0.99978155
0.9997603
0.9901606
0.9999633
0.9997142
0.9997112
0.9819358
0.99058306
0.99972945
0.9994381
0.9997987
0.99836236
0.99965525
0.999281
0.9997552
0.9997074
0.9973895
0.999652
0.9996867
0.9996094
0.9993988
0.99976987
0.9965848
0.9997235
0.9997887
0.9996153
0.9996991
0.9997043
0.999778
0.9997445
0.9997445
0.9994122
0.9997867
0.9998073
0.99917847
0.9997408
0.6829814
0.9996866
0.9990971
0.9887516
0.9991804
0.9997826
0.9997528
0.9989837
0.999772
0.99717075
0.9995975
0.99964476
0.99978787
0.99971396
0.7706002
0.99959713
0.9986443
0.99978226
0.99973565
0.99925023
0.9997938
0.9997596
0.99735
0.9999529
0.99955577
0.99970955
0.9938543
0.78060156
0.99976224
0.9998006
0.9997471
0.9618561
0.99925274
0.9966486
0.9994572
0.99974924
0.99975044
0.9997154
0.9818541
0.99961996
0.99165475
0.93578374
0.82471853
0.9997851
0.9997012
0.99932814
0.99601233
0.99958175
0.9997789
0.8501427
0.99979335
0.99979347
0.99978656
0.99963915
0.99806374
0.9999833
0.9860503
0.99904937
0.972242
0.99977356
0.23248036
0.99926573
0.99955064
0.9994223
0.99960977
0.9996629
0.9995172
0.9997489
0.9997496
0.9986719
0.9997181
0.9995453
0.9997242
0.99963164
0.9997943
0.6214624
0.98436433
0.9997689
0.9996966
0.7660178
0.999331
0.9997009
0.9997918
0.41445467
0.9493348
0.9997801
0.999572
0.9997377
0.9997588
0.9997099
0.9985267
0.999785
0.9997876
0.99973375
0.99976665
0.9996443
0.9969854
0.99980694
0.98078537
0.99979407
1.0
0.99972874
0.99974877
0.99961746
0.999488
0.999967
0.9994307
0.99973434
0.92698574
0.99969256
0.9997888
0.99967873
0.9998041
0.99979466
0.9996081
1.8977255e-14
1.5278852e-24
3.061196e-21
9.5755354e-17
2.576438e-29
1.5198307e-21
3.2811736e-09
0.02070586
0.51983213
2.7467711e-14
3.9478867e-15
1.5454492e-14
1.174038e-13
7.877114e-14
2.2615653e-07
7.322066e-11
6.1725267e-19
1.7341838e-08
0.0027333288
7.6868405e-13
0.0005970661
5.290458e-05
1.8015593e-06
0.0071540964
0.96875495
5.397939e-06
8.944067e-15
7.1452604e-07
3.7404697e-09
1.3816185e-11
0.013089337
0.0063183154
1.5328796e-07
2.4717943e-17
0.010137137
6.882102e-06
2.7168693e-32
1.4762972e-09
1.0434889e-12
0.00929227
0.16840316
1.9906674e-13
3.176479e-22
1.8337297e-26
5.524373e-18
2.7303668e-16
3.54549e-34
2.0394342e-24
0.958127
1.3772268e-23
7.3882295e-10
1.20642785e-08
1.0232631e-08
1.4370403e-10
0.008397141
1.3176016e-13
9.130212e-13
0.0006244251
1.2776228e-18
0.00024182301
2.2368905e-25
0.0026867036
0.00015938704
2.809567e-06
7.161603e-13
2.2447697e-12
0.4732802
1.1145595e-08
2.8670846e-14
7.698718e-15
1.1811144e-22
4.9792376e-10
1.2729187e-06
2.286276e-13
2.7619174e-10
3.6107335e-26
4.8575987e-07
2.213995e-10
8.540518e-14
1.4103272e-09
8.064148e-17
1.4108193e-13
2.7198606e-05
0.0510145
1.6256326e-15
1.3682258e-22
2.6833582e-06
0.85781664
1.6519131e-15
3.2788336e-09
6.5805084e-10
0.00026088147
2.5353996e-15
0.0012103613
7.8609276e-23
7.186157e-15
3.696236e-24
0.011908322
2.1531966e-13
0.0012491638
5.2884734e-18
5.06534e-15
4.511464e-16
1.6040463e-17
4.2160583e-10
3.5987824e-08
8.0471764e-19
2.7106322e-05
9.9737385e-11
1.2889375e-08
2.5264594e-15
0.5304842
1.1216888e-27
7.9411495e-07
0.0004736985
0.8676277
1.7286875e-07
0.11223391
0.000279204
0.0011080909
1.7351481e-25
2.2080536e-07
2.693599e-05
0.013094291
3.999291e-09
4.118584e-09
0.80397815
1.0406376e-14
0.21125568
8.076889e-18
0.5393951
6.284226e-05
1.4751187e-05
3.5193296e-22
3.7481394e-28
2.4035125e-13
9.387719e-08
0.0027450805
4.5173412e-14
8.033238e-15
7.6006913e-17
2.4210919e-18
3.542304e-05
1.1917904e-23
5.761334e-19
7.497145e-23
1.4324999e-05
3.1789343e-18
3.438426e-19
5.5120132e-08
5.1242246e-06
0.012263095
3.385781e-24
8.6434855e-17
2.7598415e-05
7.07544e-17
3.917044e-15
1.1016936e-28
1.7475442e-09
2.4980497e-11
8.1442604e-14
0.20611392
2.5066765e-13
0.0036341385
1.5973031e-12
3.4989912e-17
2.7137555e-14
3.654535e-07
7.9744776e-19
1.8836617e-21
0.010625056
4.9801494e-25
1.303224e-11
5.580045e-29
4.7810533e-19
1.6770349e-18
9.917346e-14
0.0017083536
2.2455328e-07
1.6647324e-19
5.012066e-20
0.007880431
6.677352e-06
1.3848811e-06
9.314366e-11
0.99876213
1.1687127e-15
9.0117544e-27
4.8791778e-14
8.865088e-12
2.2743145e-14
1.282171e-29
2.722561e-20
9.458425e-08
0.0016284994
1.5568452e-07
5.998385e-07
0.33296108
2.0115125e-15
2.8917643e-07
0.018585403
9.609506e-22
2.7066313e-11
1.30004325e-23
5.8693675e-11
0.0
2.193001e-22
1.3823463e-06
2.0001262e-23
2.1679804e-15
3.9318893e-18
8.119148e-18
1.0422123e-11
3.906571e-14
0.8361269
2.229825e-20
1.3538823e-27
7.721698e-20
7.174979e-08
4.322346e-07
1.3317162e-15
2.4614645e-05
7.023674e-13
3.1362288e-05
3.5771955e-13
2.6702121e-24
0.00020391324
2.6917338e-21
3.227021e-13
9.814257e-23
1.3360104e-08
2.8665202e-26
1.5004335e-15
2.0948514e-08
