0.81516635 0.18483363
0.0022948268 0.99770516
0.0020794997 0.9979206
0.0015749992 0.998425
0.0033406802 0.9966593
0.015479335 0.9845206
0.0026568598 0.9973431
0.022690333 0.9773097
0.0021009804 0.99789906
0.0024331792 0.9975668
0.002519226 0.9974808
0.0077651674 0.9922348
0.0022926244 0.99770737
0.0022172588 0.99778277
0.018850278 0.9811497
0.0021073641 0.9978927
0.0024113434 0.99758863
0.010141876 0.9898581
0.0025212457 0.9974788
0.0037974596 0.9962025
0.002042065 0.99795794
0.0021105877 0.99788946
0.0023923384 0.9976076
0.005946992 0.99405307
0.0026399787 0.99736005
0.0020952139 0.9979048
0.0027885204 0.9972115
9.908032e-07 0.99999905
0.0021151137 0.9978849
0.0008300937 0.99916995
0.002131584 0.9978684
0.24329433 0.7567057
0.00043996726 0.99956006
0.002182972 0.99781704
0.9450955 0.054904472
0.0027695852 0.99723047
0.0020747406 0.9979253
0.0027150807 0.9972849
0.0023131755 0.99768686
0.002574981 0.9974251
0.00071985665 0.99928015
0.0025423807 0.9974577
0.0024890476 0.9975109
0.0028818808 0.9971181
0.0020891041 0.9979109
0.04603792 0.953962
0.002087543 0.99791247
0.015483522 0.98451644
0.026955692 0.9730443
0.7294081 0.2705919
0.0010766252 0.99892336
0.017125957 0.98287404
0.012616179 0.98738384
0.0025406543 0.99745935
0.0029011942 0.9970988
0.047002465 0.9529975
0.0011618829 0.9988381
0.0026036757 0.99739635
0.0028166813 0.99718326
0.028140793 0.9718593
0.0552421 0.9447579
1.0 5.0659724e-17
0.19449347 0.8055065
0.0027811325 0.99721885
0.0020693955 0.99793065
0.00020745973 0.9997925
0.0020047121 0.99799526
0.0027879449 0.9972121
0.0056865653 0.9943135
0.0026048473 0.99739516
0.005902624 0.99409735
0.005365479 0.9946345
0.0027504207 0.99724954
0.00293318 0.9970668
0.0021114724 0.9978885
0.0025999325 0.99740005
0.2752188 0.7247811
0.0026678592 0.9973322
0.0027642446 0.99723583
0.06276128 0.9372387
0.99866414 0.0013358919
0.0020702789 0.9979297
0.0015255415 0.9984744
0.007154767 0.99284524
0.0037504788 0.9962495
0.0026176812 0.99738234
0.002790003 0.99720997
0.002611809 0.9973882
0.05938487 0.9406151
0.0019966366 0.9980033
0.0027762728 0.99722373
0.058940563 0.94105947
0.0024272837 0.9975727
0.0026214982 0.99737847
0.002732466 0.9972676
0.0023033351 0.9976967
0.0021094962 0.99789053
0.0025743821 0.9974256
0.2541862 0.7458138
0.002462254 0.99753773
0.002112641 0.9978873
0.0026491282 0.9973508
0.00882974 0.9911703
0.0026064855 0.9973935
0.002090392 0.9979096
0.0026828884 0.99731714
0.0020641626 0.9979359
3.4931298e-07 0.99999964
0.0031084619 0.99689156
0.0026269073 0.9973731
0.0020973855 0.99790263
0.0024965354 0.99750346
0.0021305215 0.9978695
0.002619346 0.9973807
0.2534001 0.74659985
0.0020728302 0.9979272
0.0026138097 0.99738616
0.0025663015 0.9974337
0.0025035609 0.9974964
0.0021227337 0.99787724
0.0026841597 0.9973158
0.002973723 0.99702626
0.0020475325 0.99795246
0.0025370822 0.99746287
0.017493863 0.98250616
0.0027568922 0.99724317
0.0026581527 0.9973418
0.0021388421 0.9978612
0.0027802768 0.9972197
0.990078 0.009922
0.0019772528 0.9980228
0.002107252 0.9978928
0.0020770077 0.9979231
0.0031053377 0.9968946
0.02900222 0.97099775
0.0020636793 0.99793637
0.002098649 0.9979013
8.794351e-05 0.999912
0.004249144 0.9957508
0.0022950757 0.9977049
0.0030160144 0.99698395
0.018543111 0.9814569
0.0029039779 0.99709606
0.017454615 0.9825454
0.008609734 0.9913902
0.0010228076 0.9989772
0.019763459 0.9802366
0.054822184 0.9451778
0.0026602964 0.99733967
0.0025480534 0.99745196
0.048364654 0.9516353
0.050454933 0.9495451
0.0026996597 0.9973003
0.0021139504 0.997886
0.0026403614 0.9973596
0.0020624313 0.99793756
0.0020119483 0.9979881
0.0021162229 0.99788374
0.0029015625 0.99709845
0.0027987303 0.9972013
0.0027927307 0.9972072
7.022123e-06 0.99999297
0.0025133146 0.9974867
0.0025672242 0.99743277
0.917123 0.082877
0.18667063 0.8133294
0.0023049014 0.997695
0.0031796545 0.99682033
5.3321888e-05 0.9999467
0.002059355 0.9979406
0.0025543969 0.9974456
0.0026143217 0.9973857
0.0021184 0.9978816
0.0025740955 0.99742585
0.071650326 0.9283496
0.0028754263 0.9971246
0.002124196 0.9978758
0.0023029963 0.99769694
0.0028865244 0.99711347
0.0021493922 0.99785066
0.002086393 0.99791354
0.007909963 0.99209
0.002880525 0.99711955
0.0021342319 0.99786574
0.0022119894 0.99778795
0.0025703092 0.99742967
0.13066192 0.86933804
0.0651914 0.9348086
0.078340314 0.92165965
0.00200122 0.9979988
0.002624376 0.9973756
0.007871983 0.992128
0.0034770146 0.996523
0.0020599666 0.99794
0.0056679966 0.99433196
0.0026166851 0.9973833
0.002544824 0.9974552
0.0025570458 0.99744296
0.00212375 0.9978763
0.002106551 0.9978935
0.0016148946 0.9983851
0.0020423634 0.9979576
0.0026474004 0.9973526
6.048931e-07 0.9999994
0.0026299874 0.99737
0.002782843 0.9972172
0.0021223954 0.9978776
0.0022954864 0.99770457
0.2534001 0.74659985
0.0028058963 0.99719405
0.009366924 0.99063313
0.0020714803 0.9979285
0.0021191551 0.9978808
0.0025971592 0.99740285
0.0021269093 0.99787307
0.0023114735 0.99768853
0.0021242816 0.9978757
0.005928039 0.9940719
0.0021095322 0.99789053
0.13924886 0.86075115
0.0025075688 0.99749243
0.002122016 0.99787796
0.0020089564 0.9979911
0.0045384145 0.9954615
0.0025499566 0.99745005
0.0029151482 0.9970848
0.0023573728 0.9976426
0.0028854373 0.99711454
0.002956092 0.9970439
0.0021264318 0.99787354
0.019713303 0.98028666
0.0026005208 0.99739945
0.002035989 0.997964
0.9997415 0.0002585102
1.0 3.6400746e-14
0.99999976 2.8535314e-07
0.998858 0.001142046
1.0 4.6039483e-12
0.99999595 4.026084e-06
0.9999999 7.5366295e-08
1.0 5.5036123e-18
1.0 1.0212412e-23
0.093797565 0.90620244
1.0 8.860154e-23
1.0 1.757711e-19
1.0 3.214632e-08
1.0 3.7148836e-15
0.9913663 0.0086336825
1.0 4.251066e-16
1.0 2.3866345e-08
0.9999988 1.2231411e-06
0.999592 0.00040803986
1.0 1.046668e-16
1.0 3.614866e-12
1.0 1.0494736e-18
0.999995 5.060876e-06
0.9999919 8.144553e-06
1.0 2.6790178e-16
1.0 3.1897948e-25
1.0 4.9423786e-08
0.9999937 6.3179054e-06
1.0 9.308359e-12
0.9999232 7.680508e-05
0.9943171 0.0056828996
1.0 4.3617037e-14
0.98705286 0.012947106
0.99974066 0.00025930902
1.0 4.148799e-08
1.0 6.9397943e-13
0.9991935 0.00080649235
0.9978655 0.0021345092
0.9999763 2.3705577e-05
1.0 1.4776824e-10
1.0 4.179338e-15
1.0 3.643667e-17
0.9999782 2.1808215e-05
1.0 1.3239825e-36
1.0 2.7210256e-19
0.9999999 1.6354387e-07
1.0 1.1604864e-09
1.0 5.422051e-25
0.9992884 0.00071168295
1.0 2.348042e-20
1.0 3.7524636e-11
0.9999993 7.5184806e-07
1.0 3.179716e-11
1.0 7.255657e-14
1.0 1.6995728e-14
1.0 7.9586684e-13
1.0 8.2739444e-19
0.99996495 3.5037883e-05
1.0 9.453569e-13
1.0 1.7478705e-17
0.99981016 0.00018981875
0.21254456 0.7874555
1.0 3.1011115e-13
0.9999753 2.4731537e-05
1.0 4.7235e-10
1.0 8.7717634e-14
1.0 1.4148324e-16
1.0 2.0524663e-18
1.0 1.8728281e-10
0.9994112 0.00058879115
1.0 3.448678e-12
0.99998355 1.6493017e-05
0.99999964 3.3932054e-07
1.0 9.457879e-13
1.0 1.936182e-13
1.0 8.631224e-18
0.50868636 0.49131364
0.9999999 9.0531536e-08
1.0 4.6836883e-16
0.9989795 0.0010204536
1.0 2.9178835e-14
0.85354894 0.1464511
1.0 1.8008587e-13
1.0 4.8559094e-15
1.0 7.0810957e-10
1.0 3.3665266e-13
0.9999825 1.7550881e-05
1.0 3.7485293e-11
0.16554607 0.8344539
0.99999344 6.556524e-06
1.0 2.5795997e-14
1.0 1.3416248e-13
0.9292063 0.07079371
1.0 3.170665e-09
0.99999344 6.579977e-06
1.0 1.6293726e-27
1.0 1.4788708e-12
0.99662906 0.0033709013
1.0 3.1523824e-16
1.0 2.0275513e-08
1.0 7.7421186e-25
0.6585225 0.34147748
1.0 1.9047843e-12
0.9999993 7.2272394e-07
1.0 2.0691165e-33
0.99999976 2.777272e-07
0.9998902 0.00010976347
1.0 1.3809596e-19
0.9999901 9.84733e-06
1.0 2.429967e-09
1.0 4.097432e-11
1.0 6.961547e-10
1.0 2.9581316e-20
1.0 3.312363e-16
1.0 7.176836e-13
1.0 4.395991e-09
1.0 3.0089287e-25
1.0 2.3926332e-15
1.0 2.0497811e-27
0.16090657 0.8390935
0.9999639 3.6102283e-05
0.11362131 0.88637865
1.0 3.8088374e-19
1.0 0.0
1.0 1.00409516e-20
0.959595 0.040404987
0.99961084 0.00038914118
0.9999993 7.6160705e-07
1.0 2.932447e-13
1.0 4.4862185e-09
1.0 1.3678794e-10
1.0 3.3429742e-20
0.99994373 5.631419e-05
1.0 6.16389e-27
0.8250721 0.17492786
0.9999646 3.5408415e-05
1.0 4.107683e-26
0.99999976 2.7788087e-07
1.0 2.8839588e-34
1.0 6.4519943e-19
1.0 2.3256948e-19
1.0 2.6269202e-16
1.0 7.6664023e-20
1.0 1.26418085e-08
1.0 3.0796043e-16
1.0 7.41433e-14
0.99999964 3.0467504e-07
0.9903009 0.009699096
0.9870228 0.012977262
0.9999999 1.393903e-07
1.0 1.0229266e-21
0.9810832 0.018916806
1.0 9.128022e-16
1.0 2.0561192e-17
1.0 1.193546e-24
1.0 1.0439442e-13
1.0 1.3533588e-11
0.9999864 1.3595449e-05
1.0 3.15675e-09
1.0 3.6099188e-12
1.0 1.4564543e-08
1.0 1.4276831e-29
1.0 1.3613935e-17
1.0 8.4962967e-13
0.99994946 5.05286e-05
0.41253984 0.58746016
1.0 2.7022401e-12
1.0 4.472073e-08
1.0 1.5172563e-09
1.0 1.5896651e-16
1.0 6.408401e-28
1.0 1.4593672e-21
0.99624556 0.0037544507
1.0 9.935039e-12
0.9999993 6.88518e-07
1.0 2.5910692e-18
1.0 2.4593292e-12
0.99999917 8.410507e-07
0.97985256 0.020147374
0.9999999 7.502724e-08
1.0 8.652001e-16
1.0 2.9517229e-09
1.0 2.1293456e-09
0.999966 3.3999357e-05
1.0 1.4387352e-10
0.999933 6.697616e-05
1.0 1.5465389e-12
1.0 5.7944188e-11
1.0 1.3425478e-11
1.0 3.908593e-09
0.9999999 1.698043e-07
0.99994373 5.6263194e-05
1.0 4.7305156e-17
1.0 4.517848e-26
0.93887407 0.061125897
1.0 1.006343e-26
0.99734867 0.0026512884
0.9997429 0.0002570866
0.94743013 0.052569915
0.6607167 0.3392833
1.0 1.8485695e-08
1.0 1.9578425e-14
1.0 2.3665108e-21
1.0 2.0344762e-17
1.0 8.895394e-11
0.99999964 3.8544957e-07
1.0 3.148717e-16
1.0 2.418784e-18
1.0 9.601698e-30
1.0 3.799549e-12
1.0 1.9768041e-13
1.0 1.4625982e-08
0.99997675 2.3247792e-05
1.0 1.7378559e-08
1.0 2.2547948e-11
1.0 7.030236e-11
0.9823799 0.017620098
0.018646628 0.9813534
0.99978524 0.00021471876
1.0 1.4853841e-12
1.0 1.0104799e-08
1.0 1.6538774e-11
1.0 1.5573198e-08
1.0 1.3624364e-19
0.9940931 0.0059068813
0.45327157 0.5467284
0.9999999 1.698043e-07
1.0 1.8203916e-09
1.0 1.8565284e-25
1.0 2.9893208e-09
1.0 3.197252e-09
1.0 2.3438472e-33
1.0 2.9111716e-08
0.9995419 0.00045815698
1.0 3.1967139e-25
