0.18483363
0.99770516
0.9979206
0.998425
0.9966593
0.9845206
0.9973431
0.9773097
0.99789906
0.9975668
0.9974808
0.9922348
0.99770737
0.99778277
0.9811497
0.9978927
0.99758863
0.9898581
0.9974788
0.9962025
0.99795794
0.99788946
0.9976076
0.99405307
0.99736005
0.9979048
0.9972115
0.99999905
0.9978849
0.99916995
0.9978684
0.7567057
0.99956006
0.99781704
0.054904472
0.99723047
0.9979253
0.9972849
0.99768686
0.9974251
0.99928015
0.9974577
0.9975109
0.9971181
0.9979109
0.953962
0.99791247
0.98451644
0.9730443
0.2705919
0.99892336
0.98287404
0.98738384
0.99745935
0.9970988
0.9529975
0.9988381
0.99739635
0.99718326
0.9718593
0.9447579
5.0659724e-17
0.8055065
0.99721885
0.99793065
0.9997925
0.99799526
0.9972121
0.9943135
0.99739516
0.99409735
0.9946345
0.99724954
0.9970668
0.9978885
0.99740005
0.7247811
0.9973322
0.99723583
0.9372387
0.0013358919
0.9979297
0.9984744
0.99284524
0.9962495
0.99738234
0.99720997
0.9973882
0.9406151
0.9980033
0.99722373
0.94105947
0.9975727
0.99737847
0.9972676
0.9976967
0.99789053
0.9974256
0.7458138
0.99753773
0.9978873
0.9973508
0.9911703
0.9973935
0.9979096
0.99731714
0.9979359
0.99999964
0.99689156
0.9973731
0.99790263
0.99750346
0.9978695
0.9973807
0.74659985
0.9979272
0.99738616
0.9974337
0.9974964
0.99787724
0.9973158
0.99702626
0.99795246
0.99746287
0.98250616
0.99724317
0.9973418
0.9978612
0.9972197
0.009922
0.9980228
0.9978928
0.9979231
0.9968946
0.97099775
0.99793637
0.9979013
0.999912
0.9957508
0.9977049
0.99698395
0.9814569
0.99709606
0.9825454
0.9913902
0.9989772
0.9802366
0.9451778
0.99733967
0.99745196
0.9516353
0.9495451
0.9973003
0.997886
0.9973596
0.99793756
0.9979881
0.99788374
0.99709845
0.9972013
0.9972072
0.99999297
0.9974867
0.99743277
0.082877
0.8133294
0.997695
0.99682033
0.9999467
0.9979406
0.9974456
0.9973857
0.9978816
0.99742585
0.9283496
0.9971246
0.9978758
0.99769694
0.99711347
0.99785066
0.99791354
0.99209
0.99711955
0.99786574
0.99778795
0.99742967
0.86933804
0.9348086
0.92165965
0.9979988
0.9973756
0.992128
0.996523
0.99794
0.99433196
0.9973833
0.9974552
0.99744296
0.9978763
0.9978935
0.9983851
0.9979576
0.9973526
0.9999994
0.99737
0.9972172
0.9978776
0.99770457
0.74659985
0.99719405
0.99063313
0.9979285
0.9978808
0.99740285
0.99787307
0.99768853
0.9978757
0.9940719
0.99789053
0.86075115
0.99749243
0.99787796
0.9979911
0.9954615
0.99745005
0.9970848
0.9976426
0.99711454
0.9970439
0.99787354
0.98028666
0.99739945
0.997964
0.0002585102
3.6400746e-14
2.8535314e-07
0.001142046
4.6039483e-12
4.026084e-06
7.5366295e-08
5.5036123e-18
1.0212412e-23
0.90620244
8.860154e-23
1.757711e-19
3.214632e-08
3.7148836e-15
0.0086336825
4.251066e-16
2.3866345e-08
1.2231411e-06
0.00040803986
1.046668e-16
3.614866e-12
1.0494736e-18
5.060876e-06
8.144553e-06
2.6790178e-16
3.1897948e-25
4.9423786e-08
6.3179054e-06
9.308359e-12
7.680508e-05
0.0056828996
4.3617037e-14
0.012947106
0.00025930902
4.148799e-08
6.9397943e-13
0.00080649235
0.0021345092
2.3705577e-05
1.4776824e-10
4.179338e-15
3.643667e-17
2.1808215e-05
1.3239825e-36
2.7210256e-19
1.6354387e-07
1.1604864e-09
5.422051e-25
0.00071168295
2.348042e-20
3.7524636e-11
7.5184806e-07
3.179716e-11
7.255657e-14
1.6995728e-14
7.9586684e-13
8.2739444e-19
3.5037883e-05
9.453569e-13
1.7478705e-17
0.00018981875
0.7874555
3.1011115e-13
2.4731537e-05
4.7235e-10
8.7717634e-14
1.4148324e-16
2.0524663e-18
1.8728281e-10
0.00058879115
3.448678e-12
1.6493017e-05
3.3932054e-07
9.457879e-13
1.936182e-13
8.631224e-18
0.49131364
9.0531536e-08
4.6836883e-16
0.0010204536
2.9178835e-14
0.1464511
1.8008587e-13
4.8559094e-15
7.0810957e-10
3.3665266e-13
1.7550881e-05
3.7485293e-11
0.8344539
6.556524e-06
2.5795997e-14
1.3416248e-13
0.07079371
3.170665e-09
6.579977e-06
1.6293726e-27
1.4788708e-12
0.0033709013
3.1523824e-16
2.0275513e-08
7.7421186e-25
0.34147748
1.9047843e-12
7.2272394e-07
2.0691165e-33
2.777272e-07
0.00010976347
1.3809596e-19
9.84733e-06
2.429967e-09
4.097432e-11
6.961547e-10
2.9581316e-20
3.312363e-16
7.176836e-13
4.395991e-09
3.0089287e-25
2.3926332e-15
2.0497811e-27
0.8390935
3.6102283e-05
0.88637865
3.8088374e-19
0.0
1.00409516e-20
0.040404987
0.00038914118
7.6160705e-07
2.932447e-13
4.4862185e-09
1.3678794e-10
3.3429742e-20
5.631419e-05
6.16389e-27
0.17492786
3.5408415e-05
4.107683e-26
2.7788087e-07
2.8839588e-34
6.4519943e-19
2.3256948e-19
2.6269202e-16
7.6664023e-20
1.26418085e-08
3.0796043e-16
7.41433e-14
3.0467504e-07
0.009699096
0.012977262
1.393903e-07
1.0229266e-21
0.018916806
9.128022e-16
2.0561192e-17
1.193546e-24
1.0439442e-13
1.3533588e-11
1.3595449e-05
3.15675e-09
3.6099188e-12
1.4564543e-08
1.4276831e-29
1.3613935e-17
8.4962967e-13
5.05286e-05
0.58746016
2.7022401e-12
4.472073e-08
1.5172563e-09
1.5896651e-16
6.408401e-28
1.4593672e-21
0.0037544507
9.935039e-12
6.88518e-07
2.5910692e-18
2.4593292e-12
8.410507e-07
0.020147374
7.502724e-08
8.652001e-16
2.9517229e-09
2.1293456e-09
3.3999357e-05
1.4387352e-10
6.697616e-05
1.5465389e-12
5.7944188e-11
1.3425478e-11
3.908593e-09
1.698043e-07
5.6263194e-05
4.7305156e-17
4.517848e-26
0.061125897
1.006343e-26
0.0026512884
0.0002570866
0.052569915
0.3392833
1.8485695e-08
1.9578425e-14
2.3665108e-21
2.0344762e-17
8.895394e-11
3.8544957e-07
3.148717e-16
2.418784e-18
9.601698e-30
3.799549e-12
1.9768041e-13
1.4625982e-08
2.3247792e-05
1.7378559e-08
2.2547948e-11
7.030236e-11
0.017620098
0.9813534
0.00021471876
1.4853841e-12
1.0104799e-08
1.6538774e-11
1.5573198e-08
1.3624364e-19
0.0059068813
0.5467284
1.698043e-07
1.8203916e-09
1.8565284e-25
2.9893208e-09
3.197252e-09
2.3438472e-33
2.9111716e-08
0.00045815698
3.1967139e-25
