0.0016409304 0.998359
0.890119 0.109881036
0.0029580686 0.9970419
0.007793299 0.99220675
0.0016941611 0.9983058
0.00047189536 0.99952817
0.003417734 0.9965823
0.0012988076 0.9987012
0.0012048428 0.99879515
0.028606534 0.97139347
1.5642281e-05 0.9999844
0.0013792095 0.99862075
0.050562173 0.94943786
0.0021125337 0.99788743
0.0010673912 0.99893266
0.00114264 0.9988574
0.0011251711 0.99887484
0.00088428654 0.99911577
0.0009793387 0.9990207
0.1023323 0.8976677
0.0011191112 0.9988809
0.0014423076 0.99855775
0.00063272036 0.9993673
0.0010668555 0.99893314
0.0031359612 0.9968641
0.0031031363 0.99689686
3.547703e-11 1.0
0.0011757906 0.9988242
0.0009996002 0.9990004
0.0009541397 0.9990458
0.0034307744 0.9965693
0.038470637 0.9615294
0.0011733342 0.9988267
0.0012155356 0.9987845
0.0056059416 0.99439406
0.0009579508 0.999042
0.0010265167 0.9989735
0.0027944804 0.99720556
0.0011433684 0.99885666
0.000959351 0.99904066
0.0055874605 0.9944126
0.0012436073 0.9987564
0.015793025 0.98420703
0.00082871766 0.99917126
0.003223183 0.9967769
0.25152615 0.7484738
0.0012022789 0.99879766
0.00087605393 0.999124
0.0009920208 0.999008
0.0010891489 0.9989109
0.0012403176 0.99875975
0.0009939299 0.9990061
0.0010499686 0.99895006
0.17624865 0.82375133
0.0012394483 0.9987606
0.005168037 0.9948319
0.0008978445 0.99910223
0.0009065899 0.9990934
0.0028734307 0.9971265
0.0012030895 0.99879694
0.0008644294 0.99913555
0.02664239 0.9733576
0.0008752462 0.9991247
0.0012924424 0.99870753
0.0010343983 0.9989656
0.0013412476 0.9986588
0.001254438 0.99874556
0.0009393172 0.9990607
0.024355937 0.97564405
0.6184088 0.3815912
0.0020722048 0.9979278
0.0011296021 0.9988703
0.0011857892 0.9988142
0.0020634201 0.9979366
0.013852831 0.9861472
0.0011176164 0.99888235
0.9996793 0.00032068175
0.0011501696 0.99884987
0.0014658971 0.9985341
0.0011238224 0.99887615
0.0030455596 0.99695444
0.0014654951 0.99853444
0.07267596 0.927324
0.001081295 0.9989188
0.002075307 0.9979247
0.0022883725 0.99771166
0.0012556745 0.99874425
0.001002362 0.9989976
0.00043072208 0.99956924
0.001008774 0.9989912
0.0013824932 0.99861753
0.002440564 0.9975594
0.0011883527 0.9988117
0.0015572419 0.9984428
0.34695387 0.6530462
0.12431839 0.87568164
0.001276863 0.9987231
0.58627 0.41373003
0.0073792394 0.9926207
0.0009973429 0.99900264
0.0011337138 0.9988663
0.0011928775 0.9988071
0.0011251025 0.99887484
0.0010132558 0.9989868
0.00098424 0.9990157
0.06644837 0.9335516
0.30793884 0.6920612
0.003876529 0.9961235
0.0010725171 0.9989274
0.011366837 0.9886332
0.0043631545 0.9956369
0.0022874323 0.9977126
0.02843108 0.97156894
0.61618245 0.38381755
0.0012467003 0.9987533
0.0011229258 0.9988771
0.0036739977 0.996326
0.0010115573 0.99898845
0.00058948545 0.9994105
0.0011332128 0.9988668
0.0015950355 0.9984049
0.00048344315 0.9995166
0.0010591794 0.9989409
0.0009370798 0.99906296
0.0021204564 0.9978796
0.0029240018 0.99707603
0.0015665209 0.9984334
0.0028355587 0.9971644
0.0009057732 0.99909425
0.5583422 0.44165784
0.0045808535 0.99541914
0.0032473616 0.9967526
0.0013094097 0.99869055
0.0008820192 0.99911803
0.0011152416 0.99888474
0.04432696 0.955673
0.001024019 0.998976
0.0031484687 0.9968515
0.0010688753 0.9989311
0.0010261685 0.99897385
0.007445701 0.99255425
0.0012807114 0.99871933
0.0010583159 0.9989417
0.0014172035 0.99858284
0.0009782523 0.99902177
0.9624239 0.037576117
0.0010984505 0.9989015
1.3665469e-10 1.0
0.0009455227 0.9990545
0.003670346 0.9963296
0.0010391293 0.99896085
0.0011698189 0.99883014
0.001216 0.998784
0.0020849253 0.9979151
0.0008808169 0.9991192
0.0019821331 0.9980179
0.0011657472 0.9988343
0.60757977 0.3924203
0.0009182846 0.99908173
0.002461394 0.99753857
0.0011166215 0.9988834
0.0010400302 0.99896
0.0010061058 0.99899393
0.0014076298 0.9985923
0.03305751 0.9669425
0.0055140154 0.99448603
0.002673944 0.997326
0.00096142496 0.9990386
0.0024009186 0.99759907
0.056386974 0.943613
0.0009041779 0.9990958
0.0029643616 0.9970356
0.0012039618 0.998796
0.0010727552 0.9989272
0.0009598315 0.9990402
0.0012774968 0.9987225
0.41043833 0.5895616
0.0002320835 0.99976796
0.002611973 0.99738806
0.0010490252 0.99895096
0.002148529 0.9978515
0.00026632752 0.9997336
4.371827e-05 0.99995625
0.0049510817 0.99504894
0.002101372 0.9978986
0.0015406448 0.99845934
0.00091250805 0.99908745
0.0033357923 0.9966642
0.0010939789 0.998906
0.00080911035 0.99919087
0.0014978552 0.99850214
0.088991046 0.91100895
0.0009410084 0.999059
0.0009571011 0.9990429
0.0012140503 0.9987859
0.025721358 0.9742786
0.0011642439 0.99883574
0.0009212124 0.99907875
0.0031805194 0.9968195
0.0013131992 0.99868685
0.00493351 0.9950665
0.004900657 0.99509937
0.0015457239 0.9984542
0.005194043 0.994806
0.0009529759 0.999047
0.57095134 0.4290486
0.0015979803 0.99840206
0.0014418872 0.9985581
0.007583483 0.9924165
0.0010954599 0.9989046
0.00090705126 0.99909294
0.0011833305 0.9988167
0.0010108867 0.99898905
0.002663968 0.997336
0.0008633766 0.9991366
0.0010072644 0.99899274
0.02067183 0.9793282
0.97924143 0.020758593
0.0017801801 0.9982198
0.0034469687 0.99655306
0.00697422 0.9930258
0.0041453284 0.9958547
0.0014610362 0.998539
0.0011403293 0.99885964
0.0027381058 0.9972619
0.012516145 0.98748386
0.020293273 0.97970676
0.0010232078 0.9989768
0.005340768 0.99465925
0.0010332551 0.9989667
0.0011279462 0.998872
0.0063721123 0.9936279
0.0009790036 0.99902093
1.0 5.0884356e-11
0.99999046 9.565185e-06
0.9999999 1.3534093e-07
0.99999976 2.3410182e-07
1.0 6.2632237e-09
1.0 1.1901331e-14
1.0 1.6017834e-10
1.0 4.6755065e-11
1.0 1.07768666e-13
1.0 7.923846e-13
1.0 1.9277695e-09
1.0 4.9725326e-08
1.0 3.084709e-11
1.0 5.0249433e-15
0.9999943 5.7725697e-06
1.0 4.4110401e-10
1.0 6.9266737e-10
0.99999964 3.4041608e-07
1.0 2.082134e-10
0.9999982 1.733202e-06
0.9999988 1.1604513e-06
0.99999845 1.5923837e-06
0.99999917 8.9049286e-07
0.99999976 1.7965273e-07
0.99999726 2.6999921e-06
1.0 6.8794748e-09
0.99914837 0.0008516029
0.9998944 0.000105564264
0.8354698 0.16453016
0.86851513 0.13148487
1.0 2.4113327e-09
1.0 4.0171168e-14
0.9999999 1.1220509e-07
1.0 8.1192635e-09
1.0 2.319836e-13
1.0 1.5162476e-08
1.0 2.354724e-09
0.99975115 0.00024884692
1.0 3.069072e-09
1.0 6.859601e-12
1.0 6.569346e-14
1.0 2.585171e-10
0.9964096 0.0035903512
1.0 6.7773327e-19
1.0 2.9853904e-12
1.0 4.693878e-11
1.0 3.5593168e-09
1.0 1.9249257e-24
1.0 6.0537214e-10
0.9957318 0.004268257
1.0 2.9702568e-10
0.9999999 9.360953e-08
1.0 4.734399e-16
1.0 8.661527e-20
1.0 4.2513687e-11
1.0 2.4806138e-12
1.0 1.940953e-08
0.9997261 0.00027385895
0.99999976 2.4334707e-07
0.99996054 3.9439277e-05
1.0 9.231177e-17
0.5361398 0.46386027
1.0 6.741831e-25
1.0 1.5374934e-14
0.50989866 0.49010134
1.0 1.488181e-11
0.9999999 1.2978127e-07
0.9998217 0.00017825788
0.8866155 0.11338444
0.99906117 0.0009388251
1.0 1.195738e-09
0.9999988 1.1974706e-06
1.0 2.7912826e-14
0.9978302 0.0021697949
0.99947184 0.0005281901
1.0 1.3572783e-14
0.9998136 0.00018635862
0.9999896 1.0344631e-05
0.9935823 0.006417705
1.0 8.2399647e-25
1.0 5.214072e-12
0.9999845 1.5480196e-05
1.0 3.68305e-08
1.0 1.322719e-12
1.0 2.5951714e-09
1.0 2.4293843e-08
1.0 3.3348684e-08
1.0 3.7537436e-08
1.0 5.0203145e-12
0.99993944 6.0606366e-05
1.0 2.965774e-17
0.99990225 9.774924e-05
0.045738325 0.95426166
0.98681587 0.013184078
0.9983779 0.0016220384
1.0 1.4275731e-08
1.0 1.8826889e-13
1.0 4.0668077e-12
0.9640118 0.035988227
1.0 3.1744711e-09
0.9999987 1.3337745e-06
1.0 8.261283e-15
1.0 3.771655e-09
1.0 2.373527e-13
1.0 3.9416985e-09
1.0 4.34561e-22
0.99612856 0.0038713873
1.0 1.4577674e-10
0.99999964 4.1177108e-07
1.0 1.4769017e-14
1.0 4.057406e-10
1.0 4.8863797e-09
0.9999999 1.0954902e-07
1.0 3.4076463e-13
1.0 6.520039e-14
1.0 2.2021394e-10
1.0 5.488112e-28
1.0 4.7364165e-11
1.0 8.2682e-12
1.0 1.421601e-15
1.0 4.022573e-08
0.9999516 4.8408754e-05
1.0 1.0295739e-21
1.0 7.1455745e-12
0.9999962 3.8103085e-06
0.9999993 7.3025916e-07
1.0 1.0091235e-09
1.0 5.7209677e-09
1.0 3.581989e-09
0.99999917 8.836093e-07
1.0 2.8215055e-13
1.0 1.2624186e-13
1.0 9.228809e-19
1.0 1.2838331e-17
0.999954 4.5994344e-05
1.0 1.6898674e-16
1.0 5.7330407e-08
0.9999577 4.231899e-05
1.0 6.45705e-09
0.9999995 4.6996362e-07
1.0 1.7965841e-09
0.99999976 1.908791e-07
0.99962044 0.00037958554
0.9976866 0.0023133382
1.0 7.554978e-20
0.31385955 0.6861405
0.9999405 5.952405e-05
0.9999999 1.2120722e-07
1.0 2.2903004e-13
1.0 7.2269163e-10
0.9999931 6.955182e-06
1.0 5.343805e-22
1.0 3.511865e-19
0.99989533 0.00010460879
0.9768564 0.023143632
0.9999821 1.7936352e-05
0.9987387 0.0012613318
1.0 4.758529e-11
0.9448368 0.0551632
0.9997981 0.00020187463
1.0 1.2795852e-08
1.0 1.3807618e-08
1.0 2.2780029e-08
1.0 3.9380502e-11
1.0 8.99901e-12
0.9999981 1.874315e-06
0.99812263 0.0018773127
0.07539857 0.9246014
1.0 3.3819456e-10
1.0 4.007653e-09
1.0 3.4883836e-09
0.99999046 9.515017e-06
0.9999999 9.886439e-08
1.0 4.1095344e-10
1.0 3.6981816e-17
1.0 6.1713423e-10
0.99999285 7.129726e-06
1.0 2.079945e-12
0.9999213 7.870868e-05
1.0 5.1024397e-15
0.99969745 0.00030253208
1.0 3.7024403e-08
0.9999745 2.5505193e-05
0.30376482 0.6962352
0.99846727 0.0015326747
0.9999807 1.9356356e-05
0.9999999 1.3909245e-07
1.0 2.4978197e-12
0.9999753 2.4680126e-05
0.9999975 2.534694e-06
1.0 5.5086125e-10
0.9999994 5.4785033e-07
1.0 2.9874256e-11
1.0 7.9846567e-16
0.9999993 6.7375436e-07
0.99999964 3.0562052e-07
1.0 9.3209065e-11
0.9999999 8.352414e-08
0.9977335 0.0022665597
1.0 5.1549605e-11
0.99979633 0.00020373912
0.99985933 0.00014069435
0.99999714 2.9127739e-06
0.7249133 0.2750867
0.9999994 5.5376347e-07
1.0 4.2808918e-10
1.0 1.1365816e-11
1.0 3.7447665e-13
0.9999995 4.6778956e-07
0.99999726 2.7096523e-06
0.86105645 0.13894358
1.0 1.9367381e-11
1.0 1.5741957e-12
1.0 1.1598734e-09
0.9999995 4.2391082e-07
0.9995977 0.00040224014
1.0 5.3838644e-12
0.99999523 4.7403823e-06
0.6782123 0.32178771
0.99999785 2.20004e-06
0.9301567 0.06984333
1.0 1.2125068e-11
0.9999999 1.3224788e-07
1.0 1.7617593e-11
0.91258955 0.08741043
1.0 9.503957e-09
0.9999969 3.0932092e-06
0.99981266 0.00018738245
0.9999945 5.5206265e-06
1.0 1.589138e-08
0.99999905 9.100432e-07
1.0 6.927654e-13
0.9999294 7.059321e-05
