0.998359
0.109881036
0.9970419
0.99220675
0.9983058
0.99952817
0.9965823
0.9987012
0.99879515
0.97139347
0.9999844
0.99862075
0.94943786
0.99788743
0.99893266
0.9988574
0.99887484
0.99911577
0.9990207
0.8976677
0.9988809
0.99855775
0.9993673
0.99893314
0.9968641
0.99689686
1.0
0.9988242
0.9990004
0.9990458
0.9965693
0.9615294
0.9988267
0.9987845
0.99439406
0.999042
0.9989735
0.99720556
0.99885666
0.99904066
0.9944126
0.9987564
0.98420703
0.99917126
0.9967769
0.7484738
0.99879766
0.999124
0.999008
0.9989109
0.99875975
0.9990061
0.99895006
0.82375133
0.9987606
0.9948319
0.99910223
0.9990934
0.9971265
0.99879694
0.99913555
0.9733576
0.9991247
0.99870753
0.9989656
0.9986588
0.99874556
0.9990607
0.97564405
0.3815912
0.9979278
0.9988703
0.9988142
0.9979366
0.9861472
0.99888235
0.00032068175
0.99884987
0.9985341
0.99887615
0.99695444
0.99853444
0.927324
0.9989188
0.9979247
0.99771166
0.99874425
0.9989976
0.99956924
0.9989912
0.99861753
0.9975594
0.9988117
0.9984428
0.6530462
0.87568164
0.9987231
0.41373003
0.9926207
0.99900264
0.9988663
0.9988071
0.99887484
0.9989868
0.9990157
0.9335516
0.6920612
0.9961235
0.9989274
0.9886332
0.9956369
0.9977126
0.97156894
0.38381755
0.9987533
0.9988771
0.996326
0.99898845
0.9994105
0.9988668
0.9984049
0.9995166
0.9989409
0.99906296
0.9978796
0.99707603
0.9984334
0.9971644
0.99909425
0.44165784
0.99541914
0.9967526
0.99869055
0.99911803
0.99888474
0.955673
0.998976
0.9968515
0.9989311
0.99897385
0.99255425
0.99871933
0.9989417
0.99858284
0.99902177
0.037576117
0.9989015
1.0
0.9990545
0.9963296
0.99896085
0.99883014
0.998784
0.9979151
0.9991192
0.9980179
0.9988343
0.3924203
0.99908173
0.99753857
0.9988834
0.99896
0.99899393
0.9985923
0.9669425
0.99448603
0.997326
0.9990386
0.99759907
0.943613
0.9990958
0.9970356
0.998796
0.9989272
0.9990402
0.9987225
0.5895616
0.99976796
0.99738806
0.99895096
0.9978515
0.9997336
0.99995625
0.99504894
0.9978986
0.99845934
0.99908745
0.9966642
0.998906
0.99919087
0.99850214
0.91100895
0.999059
0.9990429
0.9987859
0.9742786
0.99883574
0.99907875
0.9968195
0.99868685
0.9950665
0.99509937
0.9984542
0.994806
0.999047
0.4290486
0.99840206
0.9985581
0.9924165
0.9989046
0.99909294
0.9988167
0.99898905
0.997336
0.9991366
0.99899274
0.9793282
0.020758593
0.9982198
0.99655306
0.9930258
0.9958547
0.998539
0.99885964
0.9972619
0.98748386
0.97970676
0.9989768
0.99465925
0.9989667
0.998872
0.9936279
0.99902093
5.0884356e-11
9.565185e-06
1.3534093e-07
2.3410182e-07
6.2632237e-09
1.1901331e-14
1.6017834e-10
4.6755065e-11
1.07768666e-13
7.923846e-13
1.9277695e-09
4.9725326e-08
3.084709e-11
5.0249433e-15
5.7725697e-06
4.4110401e-10
6.9266737e-10
3.4041608e-07
2.082134e-10
1.733202e-06
1.1604513e-06
1.5923837e-06
8.9049286e-07
1.7965273e-07
2.6999921e-06
6.8794748e-09
0.0008516029
0.000105564264
0.16453016
0.13148487
2.4113327e-09
4.0171168e-14
1.1220509e-07
8.1192635e-09
2.319836e-13
1.5162476e-08
2.354724e-09
0.00024884692
3.069072e-09
6.859601e-12
6.569346e-14
2.585171e-10
0.0035903512
6.7773327e-19
2.9853904e-12
4.693878e-11
3.5593168e-09
1.9249257e-24
6.0537214e-10
0.004268257
2.9702568e-10
9.360953e-08
4.734399e-16
8.661527e-20
4.2513687e-11
2.4806138e-12
1.940953e-08
0.00027385895
2.4334707e-07
3.9439277e-05
9.231177e-17
0.46386027
6.741831e-25
1.5374934e-14
0.49010134
1.488181e-11
1.2978127e-07
0.00017825788
0.11338444
0.0009388251
1.195738e-09
1.1974706e-06
2.7912826e-14
0.0021697949
0.0005281901
1.3572783e-14
0.00018635862
1.0344631e-05
0.006417705
8.2399647e-25
5.214072e-12
1.5480196e-05
3.68305e-08
1.322719e-12
2.5951714e-09
2.4293843e-08
3.3348684e-08
3.7537436e-08
5.0203145e-12
6.0606366e-05
2.965774e-17
9.774924e-05
0.95426166
0.013184078
0.0016220384
1.4275731e-08
1.8826889e-13
4.0668077e-12
0.035988227
3.1744711e-09
1.3337745e-06
8.261283e-15
3.771655e-09
2.373527e-13
3.9416985e-09
4.34561e-22
0.0038713873
1.4577674e-10
4.1177108e-07
1.4769017e-14
4.057406e-10
4.8863797e-09
1.0954902e-07
3.4076463e-13
6.520039e-14
2.2021394e-10
5.488112e-28
4.7364165e-11
8.2682e-12
1.421601e-15
4.022573e-08
4.8408754e-05
1.0295739e-21
7.1455745e-12
3.8103085e-06
7.3025916e-07
1.0091235e-09
5.7209677e-09
3.581989e-09
8.836093e-07
2.8215055e-13
1.2624186e-13
9.228809e-19
1.2838331e-17
4.5994344e-05
1.6898674e-16
5.7330407e-08
4.231899e-05
6.45705e-09
4.6996362e-07
1.7965841e-09
1.908791e-07
0.00037958554
0.0023133382
7.554978e-20
0.6861405
5.952405e-05
1.2120722e-07
2.2903004e-13
7.2269163e-10
6.955182e-06
5.343805e-22
3.511865e-19
0.00010460879
0.023143632
1.7936352e-05
0.0012613318
4.758529e-11
0.0551632
0.00020187463
1.2795852e-08
1.3807618e-08
2.2780029e-08
3.9380502e-11
8.99901e-12
1.874315e-06
0.0018773127
0.9246014
3.3819456e-10
4.007653e-09
3.4883836e-09
9.515017e-06
9.886439e-08
4.1095344e-10
3.6981816e-17
6.1713423e-10
7.129726e-06
2.079945e-12
7.870868e-05
5.1024397e-15
0.00030253208
3.7024403e-08
2.5505193e-05
0.6962352
0.0015326747
1.9356356e-05
1.3909245e-07
2.4978197e-12
2.4680126e-05
2.534694e-06
5.5086125e-10
5.4785033e-07
2.9874256e-11
7.9846567e-16
6.7375436e-07
3.0562052e-07
9.3209065e-11
8.352414e-08
0.0022665597
5.1549605e-11
0.00020373912
0.00014069435
2.9127739e-06
0.2750867
5.5376347e-07
4.2808918e-10
1.1365816e-11
3.7447665e-13
4.6778956e-07
2.7096523e-06
0.13894358
1.9367381e-11
1.5741957e-12
1.1598734e-09
4.2391082e-07
0.00040224014
5.3838644e-12
4.7403823e-06
0.32178771
2.20004e-06
0.06984333
1.2125068e-11
1.3224788e-07
1.7617593e-11
0.08741043
9.503957e-09
3.0932092e-06
0.00018738245
5.5206265e-06
1.589138e-08
9.100432e-07
6.927654e-13
7.059321e-05
