0.0008149088 0.999185
0.0034193976 0.99658066
0.13879131 0.86120874
3.554452e-06 0.9999964
0.004562771 0.9954372
0.0008064517 0.9991936
0.14781523 0.8521848
0.0007325777 0.9992674
0.0036701474 0.99632984
0.0007061471 0.9992938
0.0005367758 0.99946326
0.00080947706 0.9991905
0.0010334487 0.9989666
0.024123771 0.9758763
0.0005715087 0.99942845
0.0009899988 0.99900997
0.32021075 0.6797893
0.09843346 0.90156657
0.02552382 0.9744762
0.07138237 0.92861766
0.0007988343 0.99920124
0.06880442 0.93119556
0.061067093 0.93893296
0.001492057 0.9985079
0.0018911293 0.99810886
0.00061616354 0.9993838
0.0029061695 0.9970938
0.00033977343 0.99966025
0.00461085 0.9953891
0.0005000579 0.9994999
0.0010822545 0.9989178
0.0011871629 0.9988129
0.003013955 0.9969861
0.0024242038 0.9975758
0.0008948879 0.99910504
0.0024600308 0.99754
0.011329682 0.98867035
0.0007885875 0.99921143
0.6309156 0.36908448
0.9374665 0.062533446
0.72686565 0.27313435
0.0005729101 0.9994271
0.0007250824 0.9992749
0.00052382087 0.99947625
0.083653 0.916347
0.0008097999 0.99919015
0.0028713262 0.99712867
0.00048990635 0.99951005
0.03878043 0.96121955
0.0011839146 0.99881613
0.043826185 0.9561739
0.0005555066 0.9994444
0.00039795958 0.999602
0.00050169235 0.99949825
0.00091599463 0.999084
0.0029788907 0.99702114
0.00045611194 0.99954385
0.0006911554 0.9993088
0.0016591989 0.9983407
0.0011648607 0.99883515
0.0020101059 0.9979899
0.0016691888 0.9983308
0.021985834 0.9780141
0.0008690345 0.999131
0.00078549265 0.99921453
3.0831533e-09 1.0
0.00044006854 0.99955994
0.021386221 0.9786138
0.0006741957 0.9993259
0.010956559 0.9890435
0.0011759195 0.99882406
0.0007527152 0.9992473
0.0012625043 0.9987375
0.010687808 0.98931223
0.0009841701 0.9990158
0.00081216346 0.9991879
0.0016038616 0.9983961
0.000717164 0.9992829
0.0012399938 0.99876
0.00071416853 0.9992859
0.00070966093 0.99929035
0.0029241713 0.9970758
0.0012684363 0.99873155
0.03924674 0.9607533
0.00061912066 0.9993808
0.9485236 0.051476404
0.00056050107 0.99943954
0.018892488 0.9811076
0.0021181158 0.9978818
0.0006041958 0.99939585
0.20682327 0.7931768
0.0013952851 0.9986047
0.007319958 0.9926801
0.0013728753 0.9986272
0.0015573938 0.9984426
0.0035944635 0.9964056
0.0009830742 0.9990169
0.0005322848 0.9994677
0.0005494185 0.9994506
0.011438579 0.98856145
0.00074053236 0.9992594
0.20820235 0.79179764
0.0008127166 0.9991873
0.0005045903 0.9994954
0.0024619694 0.9975381
0.00085597317 0.99914396
0.000711688 0.9992884
0.0006588782 0.9993411
0.010423359 0.9895767
0.0009015726 0.9990984
0.0006722699 0.9993278
0.000711028 0.9992889
0.000831258 0.99916875
0.0005841305 0.9994159
0.0030925719 0.9969074
9.032818e-08 0.9999999
0.0015718262 0.9984282
0.03516735 0.9648326
0.0007043932 0.9992956
0.026562056 0.9734379
0.056536607 0.9434633
0.0006166953 0.99938333
0.0004021228 0.99959785
0.030196687 0.96980333
0.0025710391 0.99742895
0.0005502711 0.9994497
0.0007999941 0.99920005
0.00052193244 0.99947804
0.023090685 0.97690934
0.0005647339 0.99943525
0.009996417 0.9900035
0.00058022776 0.9994198
0.00050888676 0.9994911
0.022777088 0.977223
0.24785109 0.7521489
0.006977761 0.99302226
0.051217448 0.94878256
0.0029604856 0.9970395
0.0016037069 0.99839634
0.00087784085 0.9991222
0.00053217856 0.9994678
0.00067514984 0.9993249
0.0010277615 0.9989723
0.041548125 0.9584518
0.0003760658 0.9996239
0.020045817 0.97995424
0.0010914915 0.9989085
0.00047420542 0.9995258
0.015412913 0.9845871
0.003142751 0.9968573
0.0014421695 0.99855787
0.00062752055 0.99937254
0.0010440273 0.99895597
0.30204308 0.6979569
0.0010604429 0.9989396
0.0005226411 0.9994773
0.00068541226 0.99931455
0.05982218 0.94017786
0.0009563568 0.99904364
0.001884643 0.9981154
0.017703392 0.98229665
0.00028793144 0.99971205
0.98960334 0.010396721
0.010883252 0.9891167
0.001492273 0.9985077
0.0031082148 0.9968918
0.7556363 0.24436371
0.00087266474 0.9991273
0.032872926 0.9671271
0.4637223 0.5362777
0.002910267 0.9970898
0.04196703 0.958033
0.0009722595 0.9990277
0.078730494 0.9212695
0.0014418201 0.9985582
0.9780633 0.02193669
0.0004503465 0.9995497
0.0005270588 0.9994729
0.003123598 0.99687636
0.00059878005 0.9994012
0.85282004 0.14717995
0.0017812226 0.9982187
0.00052051776 0.9994795
0.28188452 0.71811545
0.0034633607 0.9965366
2.041204e-06 0.999998
0.0017920997 0.9982079
0.0007898212 0.9992101
0.0007024766 0.9992975
0.00055517216 0.9994448
0.26480323 0.7351967
0.0009800768 0.99901986
0.9976815 0.0023184833
0.012366692 0.98763335
0.41470984 0.58529013
0.0019898615 0.9980102
0.070546605 0.92945343
0.00052418996 0.9994758
0.0016216511 0.9983784
0.03042263 0.9695774
0.00021310161 0.9997869
0.00067444216 0.99932563
0.0075280895 0.99247193
0.00055353285 0.99944645
0.00184232 0.9981577
0.00088519405 0.9991148
0.0025713241 0.9974287
0.0024779472 0.99752206
0.0013613079 0.9986387
0.23039038 0.76960963
0.0010039543 0.9989961
0.004897261 0.99510276
0.0010861441 0.9989139
0.0008522686 0.9991478
0.0010143897 0.9989856
0.00083192997 0.99916804
0.0011276186 0.99887234
0.00043875916 0.99956125
0.00074906583 0.99925095
0.0013752955 0.9986247
0.0041374736 0.9958625
0.002308152 0.99769187
0.973598 0.026401963
0.0006557241 0.9993443
0.00094813335 0.99905187
0.00077674916 0.99922323
0.0016562388 0.9983437
0.00045353014 0.99954647
0.0007799977 0.99922
8.9581135e-06 0.99999106
0.0005282878 0.9994717
0.0006737284 0.99932635
0.0013036509 0.9986964
1.0 1.7416651e-12
1.0 6.4199357e-10
0.98166084 0.018339189
1.0 1.7311038e-08
0.9999831 1.689273e-05
0.99998593 1.4061135e-05
1.0 9.155377e-09
0.9999728 2.715755e-05
0.99991286 8.717003e-05
0.9999918 8.219853e-06
1.0 1.1937702e-11
1.0 1.9769398e-13
1.0 9.635671e-16
0.99996257 3.738383e-05
1.0 3.1120087e-09
0.9999932 6.8470267e-06
0.999985 1.5077326e-05
0.999851 0.00014898075
1.0 7.000974e-14
0.99998724 1.2696773e-05
0.42399246 0.5760076
1.0 5.0361972e-08
0.999969 3.1042833e-05
0.99999654 3.408547e-06
0.999972 2.8056555e-05
0.99999714 2.8641145e-06
0.9999999 7.880999e-08
1.0 1.1227051e-24
1.0 4.434353e-19
0.99986553 0.00013439386
1.0 4.360387e-15
1.0 1.14436e-08
0.44672805 0.553272
0.9999031 9.689728e-05
0.99979585 0.00020415116
1.0 5.0442195e-10
1.0 4.2329034e-19
0.99999917 8.4357544e-07
0.9999995 4.7630766e-07
0.20126013 0.79873985
0.9999999 7.162659e-08
1.0 9.848838e-15
1.0 2.9533842e-09
0.99955827 0.0004417451
0.99986815 0.00013185928
0.9295567 0.070443295
1.0 1.097847e-12
0.009251381 0.9907486
0.99514693 0.0048531117
1.0 2.597428e-10
1.0 1.3677677e-13
0.99995506 4.4913253e-05
1.0 4.7821674e-11
0.9993704 0.00062961935
0.99999475 5.1977167e-06
0.99999976 2.3841828e-07
1.0 1.0599224e-10
1.0 9.306077e-14
1.0 7.573555e-14
1.0 4.473924e-12
0.9999982 1.7296965e-06
0.85780174 0.14219825
0.9999993 7.2242966e-07
0.12165719 0.87834287
0.9974751 0.002524896
0.9992712 0.00072876015
0.99999833 1.7245083e-06
1.0 1.2636691e-09
1.0 3.4177556e-09
0.5083882 0.49161178
1.0 7.460339e-09
0.99924743 0.00075256964
0.0013816995 0.99861825
0.6069212 0.3930788
0.99080724 0.0091928085
1.0 6.6185264e-24
1.0 3.3139588e-14
0.99998283 1.719828e-05
0.9978351 0.002164939
0.99994946 5.054137e-05
1.0 2.05749e-08
0.999905 9.504795e-05
0.83413947 0.16586053
1.0 2.6439338e-21
1.0 2.6870641e-11
0.99998343 1.6511949e-05
0.99712247 0.002877501
1.0 9.805428e-15
0.99993527 6.47202e-05
1.0 5.1133597e-08
0.9985765 0.0014234307
0.9999151 8.48735e-05
1.0 3.162446e-12
0.9925337 0.0074662664
0.99999785 2.0866462e-06
0.9987595 0.001240481
0.9999999 1.0295457e-07
0.9999975 2.5289644e-06
1.0 4.022266e-08
1.0 2.0549269e-10
0.9999548 4.523331e-05
0.9999999 6.028872e-08
0.9999902 9.769404e-06
0.9988581 0.0011419131
0.9928939 0.007106155
0.99999976 2.673264e-07
0.9999999 8.088322e-08
1.0 1.883843e-12
0.9999968 3.2327637e-06
0.9999982 1.7587205e-06
0.9986376 0.0013623135
0.9999895 1.0528178e-05
1.0 5.3447207e-15
1.0 1.0129161e-21
0.8932484 0.1067516
1.0 1.9517538e-14
1.0 4.1393935e-19
0.99998534 1.4637511e-05
0.9999999 1.4596642e-07
1.0 1.8048403e-17
0.99969923 0.00030076745
1.0 1.23283925e-08
0.80305415 0.19694583
1.0 2.8583852e-11
0.99573755 0.004262424
0.99999964 4.044438e-07
1.0 4.810603e-10
1.0 2.502586e-14
0.9999696 3.0412537e-05
0.99948114 0.00051883754
0.999969 3.0968582e-05
0.999998 2.0529837e-06
1.0 3.371473e-14
1.0 2.336082e-25
0.97456217 0.025437886
0.999851 0.00014904556
1.0 3.3125997e-18
1.0 1.4167327e-17
1.0 8.383761e-12
1.0 1.0163157e-11
1.0 5.6433854e-11
1.0 7.610747e-20
0.9999995 4.771078e-07
0.9999999 1.5672252e-07
0.9999976 2.4149301e-06
0.9887955 0.011204456
0.99999976 2.706995e-07
1.0 2.986526e-18
0.99999917 8.932086e-07
0.9999999 1.10789195e-07
1.0 4.132638e-09
0.84411085 0.15588918
1.0 1.0017545e-11
0.36705068 0.63294935
0.9817618 0.018238124
1.0 1.3545604e-10
0.9999566 4.3427906e-05
1.0 1.7985256e-08
0.9999751 2.4866218e-05
0.99859697 0.0014029745
0.9988984 0.0011015964
1.0 5.4057016e-15
0.9999994 6.2423317e-07
0.9999999 7.1682486e-08
0.9999491 5.0871877e-05
1.0 6.898398e-16
0.12689649 0.8731035
1.0 3.5373617e-09
0.9735421 0.02645795
0.9996549 0.00034507748
1.0 5.705653e-14
0.9999982 1.7566268e-06
1.0 3.821307e-13
1.0 4.102438e-18
0.99999917 8.2897844e-07
1.0 1.4468136e-19
0.99977523 0.00022480701
0.9999999 1.5394325e-07
0.9356687 0.06433124
0.9999988 1.1561344e-06
0.9999999 9.1031595e-08
0.81651276 0.18348727
0.99235487 0.007645092
1.0 1.33873215e-08
1.0 4.2252135e-09
1.0 2.463263e-12
1.0 1.2346158e-08
1.0 1.2054467e-10
1.0 1.22978845e-08
0.9973605 0.0026394727
1.0 1.0655874e-15
1.0 3.9633854e-14
1.0 4.4294286e-21
1.0 6.0069345e-09
0.99979395 0.00020603687
1.0 1.7479082e-12
0.9998116 0.0001883826
0.9999844 1.5672204e-05
0.91552746 0.08447263
0.9999999 1.1460489e-07
1.0 4.6204116e-14
1.0 1.9954004e-24
0.9999995 5.046255e-07
1.0 2.5920028e-11
0.99999976 2.4218693e-07
1.0 3.0845165e-10
1.0 4.4270063e-09
0.99859613 0.0014038058
0.9999802 1.9734522e-05
1.0 2.4757597e-08
1.0 2.2666008e-11
1.0 2.2712963e-11
0.9999927 7.3051524e-06
0.7964375 0.20356247
0.99997056 2.9415427e-05
0.9999963 3.692666e-06
0.9999335 6.6489585e-05
1.0 6.5385426e-11
1.0 6.747682e-22
0.99999845 1.5747072e-06
0.999998 1.9916388e-06
1.0 2.4841572e-18
0.99999964 3.2459627e-07
1.0 2.583551e-16
1.0 4.781592e-15
0.99995816 4.1887088e-05
1.0 2.559166e-16
0.99961096 0.00038910523
1.0 7.565893e-09
1.0 4.8907243e-13
1.0 9.7657854e-11
1.0 6.525536e-11
1.0 7.768374e-10
