0.999185
0.99658066
0.86120874
0.9999964
0.9954372
0.9991936
0.8521848
0.9992674
0.99632984
0.9992938
0.99946326
0.9991905
0.9989666
0.9758763
0.99942845
0.99900997
0.6797893
0.90156657
0.9744762
0.92861766
0.99920124
0.93119556
0.93893296
0.9985079
0.99810886
0.9993838
0.9970938
0.99966025
0.9953891
0.9994999
0.9989178
0.9988129
0.9969861
0.9975758
0.99910504
0.99754
0.98867035
0.99921143
0.36908448
0.062533446
0.27313435
0.9994271
0.9992749
0.99947625
0.916347
0.99919015
0.99712867
0.99951005
0.96121955
0.99881613
0.9561739
0.9994444
0.999602
0.99949825
0.999084
0.99702114
0.99954385
0.9993088
0.9983407
0.99883515
0.9979899
0.9983308
0.9780141
0.999131
0.99921453
1.0
0.99955994
0.9786138
0.9993259
0.9890435
0.99882406
0.9992473
0.9987375
0.98931223
0.9990158
0.9991879
0.9983961
0.9992829
0.99876
0.9992859
0.99929035
0.9970758
0.99873155
0.9607533
0.9993808
0.051476404
0.99943954
0.9811076
0.9978818
0.99939585
0.7931768
0.9986047
0.9926801
0.9986272
0.9984426
0.9964056
0.9990169
0.9994677
0.9994506
0.98856145
0.9992594
0.79179764
0.9991873
0.9994954
0.9975381
0.99914396
0.9992884
0.9993411
0.9895767
0.9990984
0.9993278
0.9992889
0.99916875
0.9994159
0.9969074
0.9999999
0.9984282
0.9648326
0.9992956
0.9734379
0.9434633
0.99938333
0.99959785
0.96980333
0.99742895
0.9994497
0.99920005
0.99947804
0.97690934
0.99943525
0.9900035
0.9994198
0.9994911
0.977223
0.7521489
0.99302226
0.94878256
0.9970395
0.99839634
0.9991222
0.9994678
0.9993249
0.9989723
0.9584518
0.9996239
0.97995424
0.9989085
0.9995258
0.9845871
0.9968573
0.99855787
0.99937254
0.99895597
0.6979569
0.9989396
0.9994773
0.99931455
0.94017786
0.99904364
0.9981154
0.98229665
0.99971205
0.010396721
0.9891167
0.9985077
0.9968918
0.24436371
0.9991273
0.9671271
0.5362777
0.9970898
0.958033
0.9990277
0.9212695
0.9985582
0.02193669
0.9995497
0.9994729
0.99687636
0.9994012
0.14717995
0.9982187
0.9994795
0.71811545
0.9965366
0.999998
0.9982079
0.9992101
0.9992975
0.9994448
0.7351967
0.99901986
0.0023184833
0.98763335
0.58529013
0.9980102
0.92945343
0.9994758
0.9983784
0.9695774
0.9997869
0.99932563
0.99247193
0.99944645
0.9981577
0.9991148
0.9974287
0.99752206
0.9986387
0.76960963
0.9989961
0.99510276
0.9989139
0.9991478
0.9989856
0.99916804
0.99887234
0.99956125
0.99925095
0.9986247
0.9958625
0.99769187
0.026401963
0.9993443
0.99905187
0.99922323
0.9983437
0.99954647
0.99922
0.99999106
0.9994717
0.99932635
0.9986964
1.7416651e-12
6.4199357e-10
0.018339189
1.7311038e-08
1.689273e-05
1.4061135e-05
9.155377e-09
2.715755e-05
8.717003e-05
8.219853e-06
1.1937702e-11
1.9769398e-13
9.635671e-16
3.738383e-05
3.1120087e-09
6.8470267e-06
1.5077326e-05
0.00014898075
7.000974e-14
1.2696773e-05
0.5760076
5.0361972e-08
3.1042833e-05
3.408547e-06
2.8056555e-05
2.8641145e-06
7.880999e-08
1.1227051e-24
4.434353e-19
0.00013439386
4.360387e-15
1.14436e-08
0.553272
9.689728e-05
0.00020415116
5.0442195e-10
4.2329034e-19
8.4357544e-07
4.7630766e-07
0.79873985
7.162659e-08
9.848838e-15
2.9533842e-09
0.0004417451
0.00013185928
0.070443295
1.097847e-12
0.9907486
0.0048531117
2.597428e-10
1.3677677e-13
4.4913253e-05
4.7821674e-11
0.00062961935
5.1977167e-06
2.3841828e-07
1.0599224e-10
9.306077e-14
7.573555e-14
4.473924e-12
1.7296965e-06
0.14219825
7.2242966e-07
0.87834287
0.002524896
0.00072876015
1.7245083e-06
1.2636691e-09
3.4177556e-09
0.49161178
7.460339e-09
0.00075256964
0.99861825
0.3930788
0.0091928085
6.6185264e-24
3.3139588e-14
1.719828e-05
0.002164939
5.054137e-05
2.05749e-08
9.504795e-05
0.16586053
2.6439338e-21
2.6870641e-11
1.6511949e-05
0.002877501
9.805428e-15
6.47202e-05
5.1133597e-08
0.0014234307
8.48735e-05
3.162446e-12
0.0074662664
2.0866462e-06
0.001240481
1.0295457e-07
2.5289644e-06
4.022266e-08
2.0549269e-10
4.523331e-05
6.028872e-08
9.769404e-06
0.0011419131
0.007106155
2.673264e-07
8.088322e-08
1.883843e-12
3.2327637e-06
1.7587205e-06
0.0013623135
1.0528178e-05
5.3447207e-15
1.0129161e-21
0.1067516
1.9517538e-14
4.1393935e-19
1.4637511e-05
1.4596642e-07
1.8048403e-17
0.00030076745
1.23283925e-08
0.19694583
2.8583852e-11
0.004262424
4.044438e-07
4.810603e-10
2.502586e-14
3.0412537e-05
0.00051883754
3.0968582e-05
2.0529837e-06
3.371473e-14
2.336082e-25
0.025437886
0.00014904556
3.3125997e-18
1.4167327e-17
8.383761e-12
1.0163157e-11
5.6433854e-11
7.610747e-20
4.771078e-07
1.5672252e-07
2.4149301e-06
0.011204456
2.706995e-07
2.986526e-18
8.932086e-07
1.10789195e-07
4.132638e-09
0.15588918
1.0017545e-11
0.63294935
0.018238124
1.3545604e-10
4.3427906e-05
1.7985256e-08
2.4866218e-05
0.0014029745
0.0011015964
5.4057016e-15
6.2423317e-07
7.1682486e-08
5.0871877e-05
6.898398e-16
0.8731035
3.5373617e-09
0.02645795
0.00034507748
5.705653e-14
1.7566268e-06
3.821307e-13
4.102438e-18
8.2897844e-07
1.4468136e-19
0.00022480701
1.5394325e-07
0.06433124
1.1561344e-06
9.1031595e-08
0.18348727
0.007645092
1.33873215e-08
4.2252135e-09
2.463263e-12
1.2346158e-08
1.2054467e-10
1.22978845e-08
0.0026394727
1.0655874e-15
3.9633854e-14
4.4294286e-21
6.0069345e-09
0.00020603687
1.7479082e-12
0.0001883826
1.5672204e-05
0.08447263
1.1460489e-07
4.6204116e-14
1.9954004e-24
5.046255e-07
2.5920028e-11
2.4218693e-07
3.0845165e-10
4.4270063e-09
0.0014038058
1.9734522e-05
2.4757597e-08
2.2666008e-11
2.2712963e-11
7.3051524e-06
0.20356247
2.9415427e-05
3.692666e-06
6.6489585e-05
6.5385426e-11
6.747682e-22
1.5747072e-06
1.9916388e-06
2.4841572e-18
3.2459627e-07
2.583551e-16
4.781592e-15
4.1887088e-05
2.559166e-16
0.00038910523
7.565893e-09
4.8907243e-13
9.7657854e-11
6.525536e-11
7.768374e-10
