0.00013162538 0.9998684
0.042965483 0.9570346
0.00011581404 0.9998841
0.013594371 0.9864057
9.4712275e-05 0.9999052
0.053404007 0.946596
8.731744e-05 0.9999126
0.00035750496 0.9996425
0.14444016 0.8555599
0.00021924837 0.9997807
0.045282 0.95471805
9.858902e-05 0.9999014
8.2525876e-05 0.9999175
0.22091892 0.77908105
7.720903e-05 0.99992275
0.04300549 0.9569945
0.0069701234 0.9930299
0.0091623515 0.99083763
9.9805846e-05 0.9999002
0.0054971855 0.9945028
0.0013606707 0.9986393
0.00016408857 0.99983585
0.00011818294 0.99988174
7.9171485e-05 0.99992085
7.064978e-05 0.9999293
0.00010572152 0.99989426
0.00011815714 0.99988186
0.00011523647 0.9998847
0.026565095 0.97343487
8.2284874e-05 0.99991775
8.346961e-05 0.99991655
8.181573e-05 0.9999182
0.0032286702 0.9967713
9.006816e-05 0.9999099
0.0013029781 0.9986971
0.0026185266 0.9973815
0.00013360716 0.99986637
0.13789459 0.8621054
0.00010887002 0.99989116
0.00020286217 0.99979717
0.19448167 0.8055183
0.0015426751 0.9984573
0.0001139847 0.99988604
0.00051122985 0.9994887
0.0006809063 0.9993191
0.00011091821 0.999889
0.00018372414 0.99981636
8.5401785e-05 0.99991465
0.00018297031 0.9998171
0.00010836117 0.99989164
0.021632945 0.97836703
0.0001809834 0.9998191
0.0009355035 0.9990645
0.0002095134 0.9997905
0.0003502801 0.99964976
0.013132132 0.9868679
0.00041156157 0.99958843
0.0007694649 0.9992305
0.00011802224 0.999882
0.085898116 0.9141019
8.925047e-05 0.9999107
0.0015042673 0.9984957
8.399267e-05 0.99991596
0.00026212735 0.9997379
0.00021396608 0.9997861
0.0003141479 0.9996859
0.9838064 0.016193686
0.00063756114 0.9993624
0.00021151839 0.99978846
0.00012350641 0.9998765
0.113456085 0.8865439
9.6593765e-05 0.99990344
0.00020209783 0.9997979
9.718322e-05 0.99990284
0.000115059374 0.99988496
0.00059495325 0.999405
0.00013108003 0.99986887
9.906843e-05 0.99990094
0.00015934219 0.9998406
0.000100036246 0.9999
8.0453276e-05 0.99991953
0.00010135353 0.9998987
0.0006877023 0.9993123
9.296322e-05 0.999907
2.3052697e-05 0.999977
0.00015185497 0.9998481
0.18639444 0.8136056
9.2945935e-05 0.999907
7.012047e-05 0.9999299
9.4042705e-05 0.99990594
0.0029348123 0.99706525
8.259114e-05 0.9999174
7.76856e-05 0.9999223
0.0006043622 0.9993956
0.03764448 0.96235555
0.0001683157 0.9998317
0.00040188865 0.9995981
0.0019141693 0.99808586
0.16985385 0.8301462
0.00014662172 0.9998534
0.0025037823 0.9974962
0.00021199569 0.999788
0.000116690564 0.9998833
0.00014793944 0.99985206
8.215472e-05 0.99991786
0.00010331154 0.99989665
0.05773932 0.94226074
0.001357232 0.99864274
9.513255e-05 0.9999049
8.072972e-05 0.9999193
9.36862e-05 0.9999063
0.00011141506 0.99988854
0.00051994476 0.99948007
0.00030559066 0.99969447
0.0017942128 0.9982058
0.0003838207 0.99961615
8.138184e-05 0.9999186
0.00012335116 0.9998766
7.814396e-05 0.9999218
0.007271592 0.9927285
0.9645868 0.035413224
0.00018241929 0.99981755
0.00012729647 0.9998727
8.1683516e-05 0.99991834
0.00026590153 0.9997341
0.0026268547 0.9973731
0.009430543 0.9905695
0.00015386462 0.9998461
9.0514084e-05 0.9999095
0.00014602469 0.99985397
0.00018808038 0.99981195
0.00022992615 0.9997701
0.00012890395 0.99987113
0.00019761172 0.9998024
0.0002618366 0.99973816
0.004807747 0.9951923
0.00013816802 0.99986184
0.00016355669 0.99983644
0.00034619236 0.9996538
0.00015334788 0.9998466
0.00025127255 0.99974877
0.08187273 0.9181273
0.0024296204 0.99757034
8.2497245e-05 0.9999175
0.015847756 0.98415226
0.00017525227 0.9998248
0.00010025407 0.99989974
8.503286e-05 0.999915
0.0007509223 0.99924904
0.00012293163 0.9998771
0.00016613222 0.9998338
0.0012167345 0.9987833
0.0034542587 0.99654573
0.0001800213 0.99982005
0.000101436104 0.99989855
0.050861962 0.949138
0.00010597668 0.999894
0.0014154258 0.9985846
0.21711068 0.7828893
0.00012102505 0.999879
8.129343e-05 0.9999187
0.00019803044 0.99980193
7.117615e-05 0.99992883
0.0022110224 0.997789
9.9707584e-05 0.99990034
9.683799e-05 0.9999032
8.709101e-05 0.99991286
0.00018847479 0.9998116
8.0186124e-05 0.9999198
7.1134215e-05 0.99992883
0.000277757 0.9997222
0.0002595893 0.9997404
0.00022651361 0.99977344
0.00032832968 0.9996717
0.00031672424 0.99968326
0.00019334347 0.9998067
0.00011091969 0.999889
0.00012776759 0.9998722
0.03177256 0.9682274
0.03022283 0.9697771
7.542112e-05 0.99992454
0.47075146 0.52924854
0.0032955173 0.9967045
7.892657e-05 0.9999211
0.0001454652 0.99985456
8.998155e-05 0.99991
7.884149e-05 0.9999212
0.00018063754 0.99981934
0.6326608 0.36733916
8.1286445e-05 0.9999187
9.750644e-05 0.9999025
0.0022452038 0.99775475
0.00018053304 0.99981946
8.159943e-05 0.99991834
8.0889615e-05 0.99991906
0.005484728 0.99451524
8.2129576e-05 0.99991786
8.267498e-05 0.99991727
0.00022315196 0.9997769
7.006673e-05 0.9999299
8.310562e-05 0.9999169
0.00011789581 0.9998821
0.00037510766 0.99962485
7.084779e-05 0.9999292
0.00017496574 0.99982506
7.851661e-05 0.99992144
7.257033e-05 0.9999274
8.1779384e-05 0.9999182
0.03135432 0.96864563
0.99578923 0.0042108125
8.4447885e-05 0.9999156
8.1261336e-05 0.9999187
2.2963128e-11 1.0
0.00016124692 0.9998387
0.00012781231 0.9998722
0.0012099586 0.9987901
8.473037e-05 0.99991524
0.00020918545 0.99979085
0.00016799184 0.99983203
0.9040028 0.09599722
9.388411e-05 0.99990606
0.00011000992 0.99988997
0.00023520802 0.99976474
0.00021186151 0.9997881
9.238659e-05 0.9999076
0.0364735 0.9635265
0.00030415886 0.9996959
0.0001988903 0.9998011
0.00011889812 0.999881
0.0040133186 0.99598664
6.9842856e-05 0.99993014
0.36679527 0.6332047
0.000114861934 0.9998851
0.98449045 0.015509581
0.9999999 8.689975e-08
1.0 3.2975922e-13
0.99997914 2.0810954e-05
1.0 2.6852803e-08
1.0 2.7439281e-10
1.0 7.1295314e-10
1.0 1.5391999e-08
1.0 1.0836262e-18
0.9999999 8.766438e-08
0.9999995 4.6857315e-07
0.9999987 1.2963077e-06
1.0 5.209209e-09
1.0 5.636623e-17
0.99961495 0.00038499225
0.9847899 0.015210076
0.08512596 0.914874
0.9999993 7.4192957e-07
0.99995625 4.3693224e-05
0.9999769 2.3121764e-05
0.034297045 0.965703
0.9999999 1.0502543e-07
1.0 2.8051586e-22
0.99988353 0.00011643314
0.9999964 3.545298e-06
0.9999999 6.513061e-08
0.99999654 3.500741e-06
1.0 1.4293453e-10
1.0 1.2132431e-10
1.0 1.0721985e-12
1.0 1.946475e-10
0.99630094 0.0036990212
0.99497706 0.0050229034
0.9994986 0.00050132355
1.0 1.2834917e-15
0.99999964 3.787062e-07
0.5324042 0.46759582
0.00017160393 0.99982834
1.0 1.5040348e-08
1.0 1.3909788e-11
1.0 1.5173423e-14
0.9999993 7.457439e-07
0.9994653 0.0005346715
1.0 1.5255033e-09
0.9999999 8.9595844e-08
0.9392311 0.060768895
1.0 9.1478863e-17
0.9999999 1.5954878e-07
1.0 4.0293815e-13
0.9999964 3.5838268e-06
1.0 1.705176e-08
1.0 2.659528e-09
0.9999995 4.4140117e-07
1.0 1.5476883e-14
0.99957186 0.00042809945
0.9492613 0.05073865
1.0 8.219755e-23
1.0 4.1729614e-17
1.0 1.2024697e-19
1.0 1.3937049e-09
0.9989152 0.0010847915
0.9642041 0.035795905
0.9997274 0.00027256724
1.0 2.4150468e-13
0.9967914 0.0032085932
1.0 2.014812e-10
1.0 9.747535e-10
0.99998367 1.6308288e-05
0.99999976 1.8017123e-07
0.9999999 1.7164555e-07
0.9999932 6.792784e-06
0.9933949 0.00660511
0.9999527 4.7362653e-05
0.98721576 0.012784296
1.0 3.0219574e-09
1.0 1.8928294e-08
0.9999995 4.778924e-07
0.9999975 2.4819333e-06
1.0 3.3668162e-09
0.9869892 0.013010793
0.61365736 0.38634256
0.9988067 0.0011932668
1.0 5.987108e-14
1.0 1.6811231e-16
0.94909334 0.050906617
1.0 1.2477408e-11
1.0 2.7603978e-12
0.9999999 6.905468e-08
0.50501406 0.4949859
1.0 3.5913194e-13
1.0 2.1401484e-16
1.0 1.3848471e-12
1.0 4.9338728e-12
1.0 5.7893694e-15
1.0 3.6251198e-08
0.9999951 4.9247674e-06
1.0 1.5659138e-18
0.9999411 5.8898928e-05
0.99972826 0.00027173874
1.0 2.3435817e-12
1.0 8.59973e-20
1.0 4.7715886e-15
0.9993349 0.00066509
1.0 2.8326422e-08
1.0 8.4407924e-29
0.9999753 2.4678196e-05
1.0 9.660482e-15
1.0 7.8883397e-19
1.0 9.196474e-12
1.0 3.0520738e-16
1.0 1.1859139e-14
0.746532 0.25346795
1.0 1.278614e-16
1.0 7.393645e-17
0.18234041 0.8176596
1.0 4.2737653e-08
1.0 4.1479165e-10
0.9999988 1.2307961e-06
1.0 3.8490805e-10
0.999992 7.993075e-06
0.9999999 9.992661e-08
1.0 5.4102552e-17
1.0 2.3966344e-15
1.0 1.4674809e-18
1.0 1.7628663e-21
1.0 1.3760016e-14
1.0 5.8128695e-08
0.9999808 1.9187823e-05
0.9999995 4.902617e-07
0.998086 0.0019140254
1.0 4.119584e-08
0.99894875 0.0010512257
0.017815633 0.9821844
0.99999106 8.982957e-06
1.0 8.204862e-11
0.99999905 9.3805744e-07
1.0 1.8324905e-20
0.99995375 4.630488e-05
0.99999857 1.4753304e-06
0.99999964 3.3688838e-07
1.0 3.3922545e-11
1.0 2.9500682e-09
0.849797 0.15020297
1.0 2.0764164e-09
0.9999862 1.3875482e-05
0.9999999 8.2870514e-08
1.0 6.5979655e-10
0.9999919 8.070113e-06
1.0 3.418671e-15
1.0 7.7212096e-17
1.0 1.5026348e-09
0.5358644 0.4641356
1.0 9.243398e-11
0.99999976 2.4728814e-07
1.0 6.366607e-11
1.0 1.9924569e-09
0.9999993 6.8725916e-07
0.49869645 0.5013036
1.0 1.3143445e-08
0.9999999 6.114359e-08
1.0 1.5711633e-08
1.0 2.8171757e-10
0.99999833 1.6272986e-06
0.9829569 0.017043129
0.9999989 1.0692721e-06
0.99998903 1.1022618e-05
1.0 1.0228287e-14
1.0 2.77242e-14
0.9999994 6.1157243e-07
0.78567314 0.21432686
1.0 5.6757992e-12
1.0 2.7167438e-14
1.0 2.4804353e-11
1.0 3.7606777e-17
0.3865102 0.6134898
0.99433833 0.005661618
1.0 2.550389e-13
0.9280105 0.07198949
0.99999964 3.4313703e-07
0.9999999 1.4995783e-07
1.0 1.6728048e-11
1.0 2.314476e-31
0.9992324 0.000767627
1.0 4.4311085e-18
1.0 9.6557805e-12
0.9999908 9.19883e-06
1.0 1.3021152e-12
1.0 3.194699e-12
1.0 4.2175913e-19
1.0 4.2425753e-13
1.0 1.1489563e-17
1.0 2.5589081e-08
1.0 8.20683e-12
0.9974197 0.002580261
1.0 2.2921946e-15
1.0 7.416202e-09
1.0 4.430145e-18
1.0 5.3598584e-12
0.9999999 1.04670264e-07
0.99994826 5.176395e-05
0.3649136 0.6350864
0.9999995 4.1942346e-07
1.0 8.112503e-23
0.99999905 9.817304e-07
0.9987112 0.0012887918
1.0 8.3734936e-10
1.0 5.900879e-10
1.0 6.505517e-14
0.9998876 0.00011241308
0.9999201 7.990843e-05
0.99935 0.0006500001
1.0 2.9678873e-08
0.9999999 6.8985436e-08
0.99998367 1.6386659e-05
1.0 5.739362e-09
0.99999917 8.023356e-07
1.0 6.6218346e-09
1.0 4.4802064e-13
1.0 3.573713e-08
1.0 4.1723997e-08
0.99999976 1.8396973e-07
1.0 6.3128855e-25
0.99999976 2.6790627e-07
1.0 4.882253e-09
0.99941516 0.00058485445
0.14656393 0.8534361
1.0 4.1366353e-17
0.9991999 0.0008001138
0.9999999 6.9015044e-08
1.0 3.104245e-15
1.0 4.6524666e-11
0.9875771 0.01242299
1.0 5.837168e-08
