0.9998684
0.9570346
0.9998841
0.9864057
0.9999052
0.946596
0.9999126
0.9996425
0.8555599
0.9997807
0.95471805
0.9999014
0.9999175
0.77908105
0.99992275
0.9569945
0.9930299
0.99083763
0.9999002
0.9945028
0.9986393
0.99983585
0.99988174
0.99992085
0.9999293
0.99989426
0.99988186
0.9998847
0.97343487
0.99991775
0.99991655
0.9999182
0.9967713
0.9999099
0.9986971
0.9973815
0.99986637
0.8621054
0.99989116
0.99979717
0.8055183
0.9984573
0.99988604
0.9994887
0.9993191
0.999889
0.99981636
0.99991465
0.9998171
0.99989164
0.97836703
0.9998191
0.9990645
0.9997905
0.99964976
0.9868679
0.99958843
0.9992305
0.999882
0.9141019
0.9999107
0.9984957
0.99991596
0.9997379
0.9997861
0.9996859
0.016193686
0.9993624
0.99978846
0.9998765
0.8865439
0.99990344
0.9997979
0.99990284
0.99988496
0.999405
0.99986887
0.99990094
0.9998406
0.9999
0.99991953
0.9998987
0.9993123
0.999907
0.999977
0.9998481
0.8136056
0.999907
0.9999299
0.99990594
0.99706525
0.9999174
0.9999223
0.9993956
0.96235555
0.9998317
0.9995981
0.99808586
0.8301462
0.9998534
0.9974962
0.999788
0.9998833
0.99985206
0.99991786
0.99989665
0.94226074
0.99864274
0.9999049
0.9999193
0.9999063
0.99988854
0.99948007
0.99969447
0.9982058
0.99961615
0.9999186
0.9998766
0.9999218
0.9927285
0.035413224
0.99981755
0.9998727
0.99991834
0.9997341
0.9973731
0.9905695
0.9998461
0.9999095
0.99985397
0.99981195
0.9997701
0.99987113
0.9998024
0.99973816
0.9951923
0.99986184
0.99983644
0.9996538
0.9998466
0.99974877
0.9181273
0.99757034
0.9999175
0.98415226
0.9998248
0.99989974
0.999915
0.99924904
0.9998771
0.9998338
0.9987833
0.99654573
0.99982005
0.99989855
0.949138
0.999894
0.9985846
0.7828893
0.999879
0.9999187
0.99980193
0.99992883
0.997789
0.99990034
0.9999032
0.99991286
0.9998116
0.9999198
0.99992883
0.9997222
0.9997404
0.99977344
0.9996717
0.99968326
0.9998067
0.999889
0.9998722
0.9682274
0.9697771
0.99992454
0.52924854
0.9967045
0.9999211
0.99985456
0.99991
0.9999212
0.99981934
0.36733916
0.9999187
0.9999025
0.99775475
0.99981946
0.99991834
0.99991906
0.99451524
0.99991786
0.99991727
0.9997769
0.9999299
0.9999169
0.9998821
0.99962485
0.9999292
0.99982506
0.99992144
0.9999274
0.9999182
0.96864563
0.0042108125
0.9999156
0.9999187
1.0
0.9998387
0.9998722
0.9987901
0.99991524
0.99979085
0.99983203
0.09599722
0.99990606
0.99988997
0.99976474
0.9997881
0.9999076
0.9635265
0.9996959
0.9998011
0.999881
0.99598664
0.99993014
0.6332047
0.9998851
0.015509581
8.689975e-08
3.2975922e-13
2.0810954e-05
2.6852803e-08
2.7439281e-10
7.1295314e-10
1.5391999e-08
1.0836262e-18
8.766438e-08
4.6857315e-07
1.2963077e-06
5.209209e-09
5.636623e-17
0.00038499225
0.015210076
0.914874
7.4192957e-07
4.3693224e-05
2.3121764e-05
0.965703
1.0502543e-07
2.8051586e-22
0.00011643314
3.545298e-06
6.513061e-08
3.500741e-06
1.4293453e-10
1.2132431e-10
1.0721985e-12
1.946475e-10
0.0036990212
0.0050229034
0.00050132355
1.2834917e-15
3.787062e-07
0.46759582
0.99982834
1.5040348e-08
1.3909788e-11
1.5173423e-14
7.457439e-07
0.0005346715
1.5255033e-09
8.9595844e-08
0.060768895
9.1478863e-17
1.5954878e-07
4.0293815e-13
3.5838268e-06
1.705176e-08
2.659528e-09
4.4140117e-07
1.5476883e-14
0.00042809945
0.05073865
8.219755e-23
4.1729614e-17
1.2024697e-19
1.3937049e-09
0.0010847915
0.035795905
0.00027256724
2.4150468e-13
0.0032085932
2.014812e-10
9.747535e-10
1.6308288e-05
1.8017123e-07
1.7164555e-07
6.792784e-06
0.00660511
4.7362653e-05
0.012784296
3.0219574e-09
1.8928294e-08
4.778924e-07
2.4819333e-06
3.3668162e-09
0.013010793
0.38634256
0.0011932668
5.987108e-14
1.6811231e-16
0.050906617
1.2477408e-11
2.7603978e-12
6.905468e-08
0.4949859
3.5913194e-13
2.1401484e-16
1.3848471e-12
4.9338728e-12
5.7893694e-15
3.6251198e-08
4.9247674e-06
1.5659138e-18
5.8898928e-05
0.00027173874
2.3435817e-12
8.59973e-20
4.7715886e-15
0.00066509
2.8326422e-08
8.4407924e-29
2.4678196e-05
9.660482e-15
7.8883397e-19
9.196474e-12
3.0520738e-16
1.1859139e-14
0.25346795
1.278614e-16
7.393645e-17
0.8176596
4.2737653e-08
4.1479165e-10
1.2307961e-06
3.8490805e-10
7.993075e-06
9.992661e-08
5.4102552e-17
2.3966344e-15
1.4674809e-18
1.7628663e-21
1.3760016e-14
5.8128695e-08
1.9187823e-05
4.902617e-07
0.0019140254
4.119584e-08
0.0010512257
0.9821844
8.982957e-06
8.204862e-11
9.3805744e-07
1.8324905e-20
4.630488e-05
1.4753304e-06
3.3688838e-07
3.3922545e-11
2.9500682e-09
0.15020297
2.0764164e-09
1.3875482e-05
8.2870514e-08
6.5979655e-10
8.070113e-06
3.418671e-15
7.7212096e-17
1.5026348e-09
0.4641356
9.243398e-11
2.4728814e-07
6.366607e-11
1.9924569e-09
6.8725916e-07
0.5013036
1.3143445e-08
6.114359e-08
1.5711633e-08
2.8171757e-10
1.6272986e-06
0.017043129
1.0692721e-06
1.1022618e-05
1.0228287e-14
2.77242e-14
6.1157243e-07
0.21432686
5.6757992e-12
2.7167438e-14
2.4804353e-11
3.7606777e-17
0.6134898
0.005661618
2.550389e-13
0.07198949
3.4313703e-07
1.4995783e-07
1.6728048e-11
2.314476e-31
0.000767627
4.4311085e-18
9.6557805e-12
9.19883e-06
1.3021152e-12
3.194699e-12
4.2175913e-19
4.2425753e-13
1.1489563e-17
2.5589081e-08
8.20683e-12
0.002580261
2.2921946e-15
7.416202e-09
4.430145e-18
5.3598584e-12
1.04670264e-07
5.176395e-05
0.6350864
4.1942346e-07
8.112503e-23
9.817304e-07
0.0012887918
8.3734936e-10
5.900879e-10
6.505517e-14
0.00011241308
7.990843e-05
0.0006500001
2.9678873e-08
6.8985436e-08
1.6386659e-05
5.739362e-09
8.023356e-07
6.6218346e-09
4.4802064e-13
3.573713e-08
4.1723997e-08
1.8396973e-07
6.3128855e-25
2.6790627e-07
4.882253e-09
0.00058485445
0.8534361
4.1366353e-17
0.0008001138
6.9015044e-08
3.104245e-15
4.6524666e-11
0.01242299
5.837168e-08
