1 3.2277718e-13 1.0
1 4.6886607e-15 1.0
1 1.0112711e-14 1.0
1 1.0318266e-14 1.0
1 2.8769103e-15 1.0
1 1.6202712e-15 1.0
1 0.5269763 0.4730237
1 1.394571e-14 1.0
1 7.790389e-15 1.0
1 0.0002301176 0.99976987
1 2.336174e-15 1.0
1 0.033416588 0.9665834
1 1.24275115e-14 1.0
1 0.047290646 0.9527094
1 4.4854177e-15 1.0
1 4.3189024e-15 1.0
1 1.1746002e-13 1.0
1 1.0729544e-14 1.0
1 1.0 1.4397604e-12
1 0.9999938 6.1937694e-06
1 1.4503255e-15 1.0
1 5.8413908e-15 1.0
1 0.9995147 0.00048527398
1 0.9992878 0.00071226916
1 9.766311e-14 1.0
1 1.5798619e-13 1.0
1 0.006622435 0.9933776
1 1.1954192e-12 1.0
1 3.1511817e-15 1.0
1 0.9999994 6.334161e-07
1 0.9534207 0.046579372
1 4.16028e-16 1.0
1 1.1006717e-15 1.0
1 1.5223369e-14 1.0
1 6.3558387e-13 1.0
1 0.9879848 0.01201521
1 0.99916875 0.0008312295
1 2.7454184e-15 1.0
1 1.38491174e-14 1.0
1 5.7651273e-15 1.0
1 0.9918711 0.008128945
1 6.372049e-15 1.0
1 5.683672e-13 1.0
1 1.3942598e-14 1.0
1 0.99948335 0.0005166272
1 0.9579352 0.0420648
1 1.4644976e-14 1.0
1 1.5339197e-14 1.0
1 1.0931092e-10 1.0
1 0.9999982 1.7825889e-06
1 5.9469357e-13 1.0
1 2.6844464e-11 1.0
1 1.2961817e-14 1.0
1 5.549368e-15 1.0
1 0.9789807 0.02101921
1 0.93950844 0.060491536
1 1.5982394e-15 1.0
1 1.7121752e-13 1.0
1 5.724001e-13 1.0
1 8.0473394e-13 1.0
1 0.964133 0.035867035
1 1.1750747e-14 1.0
1 1.6015358e-14 1.0
1 8.788282e-05 0.99991214
1 7.298765e-15 1.0
1 0.7984926 0.20150737
1 1.3808465e-15 1.0
1 3.699088e-15 1.0
1 0.9999882 1.1793942e-05
1 1.2661212e-15 1.0
1 0.0031903367 0.99680966
1 1.4640857e-12 1.0
1 6.5644456e-15 1.0
1 1.0 3.9955395e-13
1 2.882036e-14 1.0
1 0.9807083 0.019291766
1 0.99952245 0.0004776212
1 6.336994e-16 1.0
1 1.0605068e-14 1.0
1 9.202505e-13 1.0
1 5.4609397e-14 1.0
1 0.7795444 0.22045562
1 3.1619587e-15 1.0
1 3.8604374e-15 1.0
1 0.99977905 0.00022096359
1 4.0484848e-14 1.0
1 6.5034546e-15 1.0
1 1.253875e-14 1.0
1 0.9990915 0.00090847496
1 3.745063e-15 1.0
1 1.3001111e-14 1.0
1 0.99035925 0.009640761
1 4.456985e-15 1.0
1 1.1598262e-14 1.0
1 1.8123495e-14 1.0
1 0.9946414 0.0053585535
1 0.12397333 0.8760267
1 1.1945742e-11 1.0
1 2.775727e-14 1.0
1 0.012517707 0.9874823
1 2.2944091e-14 1.0
1 0.9999882 1.1793942e-05
1 0.99969375 0.00030628513
1 0.9913794 0.008620681
1 0.009922674 0.99007726
1 1.0920145e-15 1.0
1 4.690378e-15 1.0
1 2.7422498e-13 1.0
1 0.3364075 0.66359246
1 1.2947677e-15 1.0
1 1.0 1.5023431e-12
1 3.0349638e-14 1.0
1 1.9132051e-13 1.0
1 5.492482e-12 1.0
1 2.6577971e-14 1.0
1 0.99998605 1.3968633e-05
1 0.9769374 0.023062617
1 1.7171421e-14 1.0
1 1.7783196e-14 1.0
1 0.9998443 0.00015561392
1 8.288734e-05 0.99991715
1 0.9999999 6.80753e-08
1 0.007881559 0.99211836
1 0.9970067 0.00299334
1 2.7996645e-14 1.0
1 1.5562638e-14 1.0
1 0.9982596 0.0017404204
1 4.6453277e-15 1.0
1 8.2453524e-15 1.0
1 9.990178e-13 1.0
1 1.4009499e-15 1.0
1 1.6734149e-14 1.0
1 0.99560225 0.0043977024
1 8.361375e-15 1.0
1 9.042941e-15 1.0
1 0.009706396 0.9902936
1 2.7313494e-05 0.9999727
1 0.99980754 0.00019243124
1 7.6640236e-15 1.0
1 1.1781313e-14 1.0
1 0.9999999 1.2678227e-07
1 4.8550946e-15 1.0
1 1.9363436e-14 1.0
1 2.6873728e-14 1.0
1 7.813007e-15 1.0
1 0.9975835 0.002416452
1 6.9843854e-13 1.0
1 3.1716806e-13 1.0
1 2.4430626e-13 1.0
1 2.6701543e-14 1.0
1 3.738012e-15 1.0
1 3.399201e-13 1.0
1 0.9998759 0.00012403466
1 0.99999464 5.4191073e-06
1 7.842248e-13 1.0
1 3.44307e-13 1.0
1 0.0015195671 0.9984805
1 1.1683227e-11 1.0
1 1.5572912e-14 1.0
1 0.93903077 0.060969166
1 4.94287e-15 1.0
1 8.3326544e-15 1.0
1 2.0931834e-14 1.0
1 5.3234166e-15 1.0
1 0.58639264 0.4136074
1 0.99990046 9.952785e-05
1 0.9970341 0.002965949
1 0.9992041 0.0007958683
1 1.0 5.6206098e-08
1 3.715777e-15 1.0
1 1.0758808e-14 1.0
1 1.1299332e-14 1.0
1 9.710555e-13 1.0
1 0.7610465 0.23895347
1 5.9841366e-15 1.0
1 4.4978915e-15 1.0
1 8.1044557e-13 1.0
1 1.0 2.1877526e-08
1 0.99994135 5.866456e-05
1 2.298668e-13 1.0
1 5.515793e-14 1.0
1 0.21993232 0.7800676
1 0.05610902 0.9438909
1 1.2320033e-14 1.0
1 1.0 3.02653e-10
1 1.3582883e-14 1.0
1 8.666936e-15 1.0
1 0.9944561 0.005543917
1 0.6483438 0.35165623
1 6.318357e-13 1.0
1 1.5015509e-14 1.0
1 1.2091742e-15 1.0
1 1.0903411e-15 1.0
1 0.9928001 0.0071998383
1 8.720738e-13 1.0
1 3.2700302e-15 1.0
1 1.3318287e-14 1.0
1 0.99887174 0.0011282143
1 1.3272026e-15 1.0
1 9.636301e-15 1.0
1 7.796989e-15 1.0
1 0.9842369 0.015763115
1 7.142648e-15 1.0
1 1.3623126e-10 1.0
1 0.043648586 0.95635146
1 0.99980503 0.00019497909
1 2.2973418e-15 1.0
1 0.42861813 0.57138187
1 3.0322905e-14 1.0
1 1.773963e-14 1.0
1 0.9999981 1.8760676e-06
1 8.065382e-16 1.0
1 0.004235648 0.9957644
1 3.5849784e-15 1.0
1 1.7282076e-15 1.0
1 1.4197158e-14 1.0
1 9.010671e-16 1.0
1 1.0805656e-14 1.0
1 8.928809e-12 1.0
1 0.9999542 4.5742785e-05
1 3.651073e-15 1.0
1 2.4026577e-15 1.0
1 0.0058234395 0.9941765
1 0.9661791 0.033820935
1 1.8172224e-15 1.0
1 1.9690258e-13 1.0
1 9.358467e-13 1.0
1 0.022552336 0.9774476
1 1.3410032e-13 1.0
1 4.6991893e-15 1.0
1 3.4535258e-14 1.0
1 1.8090176e-13 1.0
1 4.364157e-11 1.0
1 0.10439063 0.8956094
0 0.9982823 0.0017176797
0 0.9843752 0.0156247895
0 0.99998724 1.274084e-05
0 0.9982931 0.0017068775
0 1.0 4.2292147e-08
0 0.99297637 0.0070236046
0 0.95446503 0.045534976
0 0.99997556 2.445276e-05
0 1.0 1.0126465e-08
0 0.98414683 0.015853118
0 0.9969488 0.0030512607
0 0.99946517 0.0005347996
0 0.9998876 0.000112368274
0 0.9958711 0.0041288417
0 0.9926594 0.007340651
0 0.99993455 6.5421766e-05
0 1.0 2.0211784e-25
0 0.9999901 9.873642e-06
0 0.96004575 0.039954305
0 0.9999541 4.5846944e-05
0 0.99919313 0.0008069118
0 0.99990857 9.139606e-05
0 0.9994025 0.00059751474
0 0.9999999 1.60194e-07
0 0.9982338 0.0017661746
0 0.94829315 0.051706854
0 0.9999087 9.132132e-05
0 0.9998698 0.00013013429
0 0.99999475 5.198668e-06
0 1.0 2.3631208e-12
0 0.9989452 0.0010548473
0 0.9967745 0.003225537
0 0.9999912 8.767357e-06
0 0.9999999 9.188391e-08
0 0.9999863 1.3724938e-05
0 1.0 1.2794535e-08
0 0.99999 1.0036265e-05
0 0.99999964 3.1904315e-07
0 1.0 5.9243055e-09
0 0.99999905 9.0430206e-07
0 0.8951131 0.104886845
0 0.99991775 8.221819e-05
0 1.0 2.9155947e-08
0 0.998743 0.001257031
0 0.9996389 0.00036102356
0 0.9999969 3.1586483e-06
0 0.012319286 0.9876807
0 0.99999976 2.3827508e-07
0 0.9998658 0.00013422572
0 1.0 7.8497907e-13
0 1.0 1.27209505e-08
0 0.9856888 0.014311219
0 0.99653566 0.0034643717
0 0.9998147 0.00018533315
0 1.0 1.7601783e-10
0 0.99999845 1.520936e-06
0 1.0 7.711411e-16
0 1.0 3.6011506e-12
0 0.9999976 2.3289008e-06
0 0.9999293 7.0730675e-05
0 0.99999666 3.3364893e-06
0 0.9993082 0.000691725
0 0.9999999 9.1321326e-08
0 0.9585105 0.041489515
0 1.0 1.0156119e-08
0 0.99998224 1.7781094e-05
0 0.9998951 0.00010494851
0 1.0 2.931288e-14
0 1.0 4.2091443e-08
0 0.9999989 1.022389e-06
0 0.9999956 4.4676844e-06
0 0.9999722 2.7730168e-05
0 0.99972135 0.00027865672
0 0.9986424 0.0013576173
0 0.9999969 3.0880306e-06
0 0.9999701 2.9932171e-05
0 0.9998957 0.00010431971
0 0.99999976 1.8701712e-07
0 0.97915447 0.020845618
0 1.0 4.0125132e-11
0 0.9999932 6.7744627e-06
0 1.0 2.6858513e-10
0 1.0 7.001736e-10
0 0.9923476 0.007652382
0 0.9671518 0.032848146
0 0.9968545 0.0031455383
0 0.98896056 0.011039404
0 0.9999987 1.256343e-06
0 0.9999999 1.6772648e-07
0 0.9996606 0.00033943233
0 0.95579106 0.044208985
0 0.35281733 0.64718264
0 1.0 1.5485108e-08
0 0.9373095 0.0626905
0 0.9989674 0.0010325881
0 0.99996376 3.618114e-05
0 0.99205303 0.007946996
0 0.65534127 0.3446587
0 0.99728334 0.002716645
0 1.0 1.5560184e-09
0 1.0 2.2885124e-11
0 0.999987 1.3012066e-05
0 0.98404986 0.0159501
0 0.9998958 0.0001042358
0 1.0 1.4045495e-10
0 0.99999726 2.765629e-06
0 1.0 2.2586837e-13
0 1.0 2.7820533e-08
0 0.99929106 0.0007089076
0 0.9999862 1.3786514e-05
0 0.9782339 0.021766119
0 0.9711504 0.028849605
0 1.0 5.2757777e-11
0 1.0 2.3836314e-16
0 0.9996687 0.00033125049
0 0.9999801 1.9891593e-05
0 1.0 1.9838383e-08
0 0.99999976 1.9858378e-07
0 0.99977356 0.00022640025
0 0.99827087 0.001729118
0 0.9396278 0.060372174
0 0.9499878 0.050012164
0 0.9888387 0.011161352
0 0.9976336 0.0023664257
0 0.99907 0.0009300786
0 0.9960454 0.003954596
0 0.9999975 2.4659535e-06
0 0.9999113 8.873129e-05
0 0.008472632 0.9915274
0 0.23862179 0.7613782
0 1.0 8.8502e-13
0 0.99937123 0.00062877743
0 0.9999924 7.655483e-06
0 0.9999999 1.40423e-07
0 0.9999933 6.658961e-06
0 0.99875987 0.0012401982
0 0.96740425 0.03259577
0 0.999985 1.4989198e-05
0 0.9999821 1.789596e-05
0 0.9998635 0.0001364505
0 0.7528459 0.24715406
0 0.8365441 0.1634559
0 0.9988379 0.0011621099
0 0.9999424 5.7611203e-05
0 0.9990158 0.000984159
0 0.99999976 2.5982766e-07
0 1.0 5.2629785e-09
0 0.99236554 0.0076343985
0 0.9999993 7.3616286e-07
0 1.0 1.447796e-12
0 0.9998337 0.00016628958
0 0.9951504 0.0048496146
0 1.0 1.1137332e-11
0 0.94763875 0.052361272
0 0.587106 0.412894
0 0.9999999 9.285324e-08
0 1.0 6.4521158e-12
0 0.03673418 0.96326584
0 0.9994241 0.00057587057
0 1.0 1.5818933e-14
0 0.99895096 0.0010490387
0 1.0 2.0210242e-10
0 0.999933 6.694168e-05
0 0.9820166 0.017983312
0 0.9999869 1.3082766e-05
0 0.99999225 7.770079e-06
0 0.9855613 0.014438738
0 0.9997311 0.0002688894
0 1.0 2.996961e-08
0 0.99988294 0.00011701035
0 0.97003126 0.029968817
0 1.0 2.8668472e-08
0 0.9999659 3.411589e-05
0 0.99945146 0.00054853177
0 0.9993894 0.00061061187
0 0.9597574 0.04024263
0 0.99999976 1.818363e-07
0 0.99258864 0.0074113547
0 0.6680278 0.33197227
0 0.9934902 0.006509778
0 0.99972254 0.0002774738
0 0.97965 0.020349912
0 0.9985934 0.0014066449
0 0.9830427 0.016957348
0 1.0 5.284426e-16
0 0.9999739 2.606014e-05
0 0.88882333 0.111176684
0 0.9997751 0.00022486015
0 0.9983839 0.0016161529
0 0.9998927 0.0001072587
0 0.9769891 0.023010965
0 0.9998996 0.00010040524
0 0.91082627 0.089173704
0 1.0 2.0875979e-10
0 0.99915683 0.0008431121
0 0.96478903 0.035211008
0 0.9999999 9.229123e-08
0 0.059077844 0.94092214
0 0.98463964 0.015360386
0 1.0 9.1549185e-10
0 0.022086782 0.9779132
0 1.0 1.7485836e-10
0 0.99999976 2.6186e-07
0 0.99875987 0.0012400906
0 0.99994874 5.123776e-05
0 1.0 1.1998313e-10
0 0.87984246 0.12015756
0 1.0 3.2497347e-08
0 0.9958144 0.004185661
0 1.0 8.06383e-12
0 1.0 3.1817222e-12
0 0.9996252 0.0003747883
0 0.9994875 0.0005124924
0 0.93425035 0.065749615
0 0.99943703 0.0005629213
0 0.9999957 4.3082364e-06
0 0.9859823 0.014017737
0 0.99967885 0.00032117954
0 1.0 1.7116105e-09
0 1.0 4.441602e-10
0 1.0 4.1068077e-10
0 1.0 4.529913e-10
0 0.96202415 0.037975818
0 1.0 8.214172e-09
0 0.99982256 0.00017748906
0 0.9999995 4.3473736e-07
0 0.99873465 0.0012653338
0 0.9558127 0.044187266
0 0.9989254 0.0010745431
0 1.0 6.0025304e-11
0 0.9998568 0.00014313629
0 1.0 1.434311e-09
0 0.9999994 5.7754875e-07
0 0.99985003 0.00014999651
1 4.2711164e-12 1.0
1 1.26248005e-11 1.0
1 2.929195e-12 1.0
1 4.689468e-10 1.0
1 2.9389338e-11 1.0
1 1.6879647e-11 1.0
1 2.0482501e-11 1.0
1 3.5566513e-12 1.0
1 1.9997495e-11 1.0
1 0.036068454 0.9639315
1 9.017153e-08 0.9999999
1 9.462269e-12 1.0
1 7.790127e-06 0.99999225
1 3.8953268e-11 1.0
1 8.283768e-11 1.0
1 0.99999464 5.4129555e-06
1 1.12897046e-10 1.0
1 0.9999987 1.303176e-06
1 0.001973934 0.9980261
1 1.4271407e-11 1.0
1 1.1121814e-11 1.0
1 1.5312678e-11 1.0
1 0.00234237 0.99765766
1 1.2668243e-11 1.0
1 4.1256953e-11 1.0
1 0.028775498 0.97122455
1 0.96846217 0.03153786
1 4.075318e-12 1.0
1 1.801857e-11 1.0
1 2.680466e-11 1.0
1 2.7584397e-12 1.0
1 2.0911027e-12 1.0
1 1.0 2.0705127e-08
1 4.751602e-10 1.0
1 1.3600332e-10 1.0
1 0.8568403 0.14315972
1 9.984088e-12 1.0
1 0.99999964 3.3954518e-07
1 1.0 1.8040593e-13
1 0.9999608 3.922009e-05
1 1.4425005e-09 1.0
1 3.462473e-12 1.0
1 2.938553e-11 1.0
1 6.9334016e-10 1.0
1 0.9999949 5.1493753e-06
1 0.00010345874 0.9998965
1 1.0 1.4992477e-17
1 0.15265512 0.8473448
1 1.3659274e-09 1.0
1 3.6463776e-10 1.0
1 0.5906752 0.40932485
1 6.758768e-12 1.0
1 7.1850442e-12 1.0
1 1.4501459e-11 1.0
1 6.268712e-12 1.0
1 3.3571537e-12 1.0
1 9.3840855e-12 1.0
1 7.9298607e-10 1.0
1 0.99999964 2.9878862e-07
1 2.5438915e-11 1.0
1 8.963704e-08 0.9999999
1 0.9999999 9.591993e-08
1 4.38838e-11 1.0
1 0.9999497 5.0277267e-05
1 1.8277002e-10 1.0
1 8.8409245e-12 1.0
1 6.3518615e-05 0.99993646
1 1.0 1.023964e-08
1 7.425121e-12 1.0
1 6.0901497e-12 1.0
1 8.149622e-10 1.0
1 7.831281e-08 0.9999999
1 0.09114228 0.90885776
1 1.0 2.7296894e-09
1 3.479648e-11 1.0
1 2.9409752e-11 1.0
1 2.309934e-08 1.0
1 7.5694034e-12 1.0
1 5.561138e-12 1.0
1 1.0446962e-11 1.0
1 1.5687856e-08 1.0
1 1.3648414e-09 1.0
1 3.4927627e-10 1.0
1 1.0 1.5635684e-10
1 1.589507e-09 1.0
1 1.0734289e-11 1.0
1 0.008141234 0.9918588
1 1.0 1.07875015e-20
1 4.2157435e-06 0.9999958
1 3.17635e-12 1.0
1 1.0 2.8153083e-16
1 5.178333e-12 1.0
1 1.0 1.6143278e-10
1 8.156274e-11 1.0
1 0.9999987 1.3040561e-06
1 2.4021138e-10 1.0
1 3.1570597e-11 1.0
1 3.0062196e-11 1.0
1 1.0 1.419974e-09
1 6.082697e-12 1.0
1 3.592421e-10 1.0
1 0.5206828 0.4793172
1 9.096547e-12 1.0
1 0.9897606 0.010239446
1 0.9999789 2.1051543e-05
1 6.032481e-09 1.0
1 6.113599e-05 0.99993885
1 2.4990733e-08 1.0
1 1.1178065e-11 1.0
1 7.858866e-10 1.0
1 2.8898488e-09 1.0
1 3.053647e-08 1.0
1 2.6894395e-10 1.0
1 8.691318e-12 1.0
1 2.4719257e-10 1.0
1 1.6657556e-11 1.0
1 4.7437965e-10 1.0
1 0.9077256 0.09227436
1 0.005697195 0.99430287
1 9.769078e-12 1.0
1 1.7518476e-11 1.0
1 7.242723e-12 1.0
1 1.9336449e-11 1.0
1 2.4349858e-10 1.0
1 0.99999976 2.3478643e-07
1 1.0750886e-11 1.0
1 0.979811 0.020188993
1 2.7064698e-12 1.0
1 0.0043477165 0.99565226
1 0.99274194 0.007258035
1 1.0 4.582211e-13
1 2.1128616e-11 1.0
1 8.0009777e-10 1.0
1 3.56389e-12 1.0
1 6.9851425e-10 1.0
1 0.9911816 0.008818362
1 0.9999982 1.7697931e-06
1 1.094566e-09 1.0
1 0.0010932873 0.99890673
1 0.001059702 0.9989403
1 1.4043619e-10 1.0
1 0.0028763863 0.99712366
1 0.9999982 1.8414664e-06
1 7.22722e-10 1.0
1 3.5511372e-10 1.0
1 2.1196548e-11 1.0
1 1.4243398e-11 1.0
1 0.012783752 0.9872162
1 0.9989392 0.0010607843
1 4.0541858e-11 1.0
1 6.027837e-12 1.0
1 5.94547e-10 1.0
1 1.0 5.6574255e-12
1 2.5701852e-10 1.0
1 1.5409424e-11 1.0
1 5.6593735e-10 1.0
1 1.1035854e-11 1.0
1 5.6762104e-12 1.0
1 0.9999999 1.5001318e-07
1 7.888097e-12 1.0
1 2.479084e-10 1.0
1 1.2372754e-11 1.0
1 2.9904013e-11 1.0
1 0.9999871 1.283429e-05
1 0.9999999 1.2083305e-07
1 4.231728e-10 1.0
1 2.884214e-10 1.0
1 1.0 1.2662144e-13
1 1.0003612e-10 1.0
1 1.6031772e-10 1.0
1 8.570733e-12 1.0
1 3.015195e-11 1.0
1 4.8019216e-10 1.0
1 1.4110818e-11 1.0
1 0.9999757 2.426393e-05
1 1.2190556e-07 0.9999999
1 0.8542926 0.1457074
1 1.2942913e-11 1.0
1 0.71841896 0.28158107
1 8.859561e-12 1.0
1 4.227368e-07 0.9999995
1 2.8234788e-11 1.0
1 7.876239e-11 1.0
1 1.135234e-11 1.0
1 1.0 4.9309454e-09
1 2.8070168e-10 1.0
1 5.252867e-10 1.0
1 1.0 3.4729797e-10
1 2.1858734e-10 1.0
1 0.32866356 0.6713365
1 5.8800994e-12 1.0
1 2.4955734e-11 1.0
1 9.0750405e-08 0.9999999
1 0.9968791 0.0031208463
1 0.0010744992 0.9989255
1 0.993159 0.0068410593
1 0.99999917 8.711929e-07
1 1.0385493e-11 1.0
1 0.9388341 0.061165906
1 2.794727e-12 1.0
1 0.9992679 0.00073210796
1 1.0 1.981611e-08
1 7.449045e-10 1.0
1 4.5030188e-10 1.0
1 1.0 2.2704627e-09
1 4.434149e-12 1.0
1 2.4609915e-11 1.0
1 1.0830362e-09 1.0
1 6.1289073e-12 1.0
1 0.998979 0.001021064
1 8.1062995e-12 1.0
1 0.8195156 0.18048447
1 0.0048281453 0.99517184
1 3.7117912e-10 1.0
1 2.740633e-10 1.0
1 4.036678e-11 1.0
1 5.6820443e-10 1.0
1 6.591079e-08 0.9999999
1 0.9999999 1.7005289e-07
1 1.4815028e-11 1.0
1 3.2151667e-11 1.0
1 2.1235488e-10 1.0
1 4.80472e-12 1.0
1 1.2032363e-11 1.0
1 1.9458365e-10 1.0
1 0.9998319 0.00016800911
1 5.5457366e-12 1.0
1 3.2925426e-11 1.0
1 1.0 4.3342814e-09
1 0.000112755326 0.9998872
1 2.9533797e-12 1.0
1 1.2137795e-07 0.9999999
1 4.0765096e-11 1.0
1 2.4286392e-11 1.0
0 1.0 4.6114927e-14
0 0.9999515 4.8481652e-05
0 0.9994 0.0006000232
0 0.99999607 3.877153e-06
0 0.7794593 0.22054066
0 1.0 3.2298106e-09
0 0.7888852 0.21111484
0 0.9999268 7.313094e-05
0 0.9999981 1.8776838e-06
0 1.0 4.5192614e-11
0 0.9999913 8.743902e-06
0 0.00016380296 0.9998362
0 0.9999807 1.9277655e-05
0 0.99891007 0.0010899454
0 0.99974316 0.0002568607
0 1.0 3.1111107e-14
0 0.99999833 1.6327332e-06
0 1.0 9.345982e-09
0 0.9999858 1.4166578e-05
0 1.0 5.4374643e-09
0 1.0 4.0977384e-14
0 0.99101746 0.008982512
0 0.99976796 0.00023199455
0 1.0 1.2575983e-12
0 1.0 5.1409246e-09
0 0.9999995 4.509676e-07
0 1.0 1.188666e-09
0 1.0 4.5475257e-08
0 0.35798454 0.64201546
0 1.0 8.6627674e-16
0 0.99999106 8.963574e-06
0 0.8682067 0.13179332
0 1.0 1.5917164e-08
0 1.0 3.0983533e-15
0 0.9997601 0.00023989948
0 0.9999056 9.444803e-05
0 1.0 4.2540275e-08
0 1.0 1.9751316e-12
0 0.9976482 0.0023518542
0 1.0 1.1756387e-08
0 0.9087259 0.09127409
0 1.0 1.5381226e-12
0 1.0 9.836636e-15
0 0.9999988 1.2302316e-06
0 0.7494337 0.2505662
0 0.9999963 3.7033344e-06
0 0.9778651 0.022134911
0 1.0 1.2492992e-17
0 1.0 4.5382154e-10
0 1.0 3.5413654e-20
0 0.040603355 0.9593966
0 0.9999981 1.879954e-06
0 0.99999595 4.0864916e-06
0 1.0 2.2643257e-13
0 1.0 6.1381166e-15
0 0.93472886 0.06527118
0 1.0 2.0230132e-11
0 1.0 2.3903656e-08
0 0.9959925 0.004007605
0 0.9999982 1.7838253e-06
0 0.99999595 4.0794594e-06
0 1.0 4.4238246e-20
0 0.99999964 3.2664144e-07
0 0.99845564 0.0015443977
0 0.99999666 3.310253e-06
0 0.99698085 0.0030191406
0 0.9995486 0.0004513063
0 0.9999999 1.0494193e-07
0 1.0 4.1207438e-17
0 1.0 4.4810886e-16
0 0.99950445 0.0004955407
0 0.9999999 1.1284231e-07
0 1.0 6.90426e-11
0 1.0 5.534419e-16
0 0.9999305 6.945127e-05
0 0.9999989 1.1213465e-06
0 1.0 3.6643e-15
0 1.0 1.428089e-10
0 0.9999999 9.191897e-08
0 0.99995446 4.5567504e-05
0 0.6939756 0.30602437
0 0.99996626 3.3706383e-05
0 1.0 3.23394e-17
0 0.99999833 1.695515e-06
0 0.9999645 3.5571415e-05
0 1.0 4.552895e-13
0 1.0 3.3762045e-13
0 0.9999939 6.1254764e-06
0 6.273161e-05 0.9999373
0 0.9999999 7.7983096e-08
0 1.0 4.3618202e-14
0 1.0 4.2851065e-14
0 1.0 1.07175235e-13
0 1.0 6.2411647e-12
0 1.0 1.1981595e-14
0 0.9998938 0.00010625435
0 0.9825194 0.01748064
0 1.0 4.96617e-09
0 0.99991536 8.467569e-05
0 0.9978902 0.0021098496
0 1.0 9.288938e-12
0 0.99989426 0.000105670515
0 0.9999999 1.2341984e-07
0 1.0 2.9906296e-11
0 0.99957055 0.0004294393
0 0.0004832029 0.99951684
0 1.0 4.5675542e-23
0 0.9997218 0.0002781699
0 1.0 2.7451465e-11
0 0.99974567 0.00025436707
0 1.0 7.362267e-16
0 1.0 2.4192195e-09
0 0.8192986 0.18070135
0 0.99999976 2.8216482e-07
0 0.9999995 5.0834575e-07
0 0.99969757 0.0003024949
0 1.0 6.739404e-13
0 1.0 1.9129063e-09
0 1.0 4.192935e-19
0 0.9998841 0.000115888506
0 0.99999976 2.0789561e-07
0 1.0 4.179632e-08
0 0.99999034 9.5985915e-06
0 1.0 1.4694108e-29
0 0.12620573 0.8737943
0 0.99864167 0.001358315
0 1.0 1.0079797e-11
0 0.999884 0.00011599321
0 0.99999785 2.1577714e-06
0 1.0 6.8909527e-09
0 0.999951 4.8957125e-05
0 0.42335635 0.57664365
0 1.0 2.8940503e-10
0 0.9999515 4.8484195e-05
0 0.9999256 7.4426665e-05
0 1.0 7.355037e-09
0 1.0 4.7587605e-09
0 0.99999976 2.5517102e-07
0 1.0 9.832669e-13
0 1.0 2.6251266e-09
0 1.0 2.5811947e-10
0 1.0 1.0037944e-09
0 0.99999666 3.3736012e-06
0 0.9994672 0.0005328651
0 0.99999833 1.6286556e-06
0 0.9999193 8.071032e-05
0 0.9998016 0.00019840655
0 0.9999777 2.226002e-05
0 1.0 1.565779e-11
0 1.0 1.1852548e-12
0 0.99998784 1.2126416e-05
0 1.0 9.009191e-24
0 0.99950874 0.0004912592
0 0.9999962 3.766456e-06
0 0.99987257 0.00012740698
0 0.8165481 0.18345182
0 0.99994147 5.8489437e-05
0 0.99785256 0.0021474098
0 1.0 7.2513556e-10
0 0.9999684 3.1601026e-05
0 0.99468684 0.005313092
0 1.0 2.1570946e-12
0 0.95730966 0.042690363
0 0.009446046 0.9905539
0 1.0 3.0755124e-20
0 0.9999753 2.4696421e-05
0 0.99999094 9.101759e-06
0 0.99999547 4.5268703e-06
0 1.0 8.3487465e-13
0 1.0 4.1691636e-11
0 1.0 1.5725155e-08
0 0.8142649 0.18573515
0 0.026171936 0.97382814
0 1.0 2.7087166e-08
0 0.96933806 0.030661952
0 0.9999889 1.103042e-05
0 1.0 4.0281357e-21
0 0.99999714 2.8984066e-06
0 0.8665914 0.13340858
0 0.99999976 2.259944e-07
0 1.0 2.5028675e-14
0 1.0 3.6502447e-11
0 0.99999917 8.841041e-07
0 0.99997437 2.5619816e-05
0 0.9999999 8.474986e-08
0 1.0 2.2511273e-09
0 7.1113636e-06 0.99999285
0 1.0 1.1796968e-13
0 0.9999031 9.686605e-05
0 0.99765515 0.0023448754
0 0.99999547 4.575211e-06
0 1.0 2.8980731e-09
0 1.0 3.3312854e-14
0 1.0 6.044024e-12
0 1.0 2.7304234e-09
0 0.999966 3.3971646e-05
0 1.0 3.2179357e-21
0 1.0 2.101803e-12
0 0.9999982 1.8018342e-06
0 1.0 3.1692468e-11
0 1.0 1.2799754e-16
0 1.0 3.55549e-24
0 1.0 4.747831e-11
0 0.99999905 9.43615e-07
0 1.0 4.8487574e-14
0 0.9993754 0.0006246209
0 1.0 7.7751585e-15
0 1.0 3.922772e-11
0 1.0 1.7899998e-09
0 1.0 4.1818324e-12
0 1.0 1.5608434e-12
0 0.99999976 1.7937778e-07
0 0.99999833 1.7081435e-06
0 0.06286551 0.93713456
0 1.0 1.1729681e-13
0 0.75959605 0.24040394
0 0.97954047 0.02045962
0 1.0 8.601181e-11
0 1.0 4.9184823e-12
0 1.0 2.5078234e-10
0 0.9997882 0.00021178233
0 0.9969902 0.0030097752
0 0.66863155 0.33136848
0 0.37001365 0.62998635
0 1.0 3.4737057e-19
0 0.9999969 3.1185696e-06
0 0.9999995 5.168432e-07
0 1.0 1.2547889e-14
0 0.64702934 0.35297066
0 1.0 1.3726106e-09
0 1.0 3.214875e-17
0 0.99999416 5.87282e-06
0 1.0 1.931784e-14
0 1.0 9.450855e-15
1 5.4045607e-10 1.0
1 1.4197755e-10 1.0
1 6.5507075e-09 1.0
1 0.1293517 0.87064826
1 1.0 3.0720372e-08
1 6.8507986e-09 1.0
1 5.533254e-10 1.0
1 0.99995863 4.137326e-05
1 8.06778e-09 1.0
1 0.9998803 0.00011964272
1 9.9839506e-09 1.0
1 1.4963863e-08 1.0
1 1.0 3.7161775e-13
1 9.401275e-10 1.0
1 9.572461e-11 1.0
1 1.0 4.675062e-18
1 1.4106762e-10 1.0
1 4.1175707e-09 1.0
1 8.567215e-09 1.0
1 1.9816563e-08 1.0
1 6.405845e-10 1.0
1 5.2456284e-10 1.0
1 1.0109638e-08 1.0
1 1.448919e-10 1.0
1 1.7900774e-10 1.0
1 0.50316197 0.49683797
1 4.1051336e-09 1.0
1 3.948853e-10 1.0
1 3.6651605e-11 1.0
1 5.618023e-06 0.9999944
1 5.6591687e-10 1.0
1 1.0 1.4691259e-09
1 0.96578336 0.034216594
1 1.6160948e-08 1.0
1 1.0 1.083394e-12
1 2.9737263e-10 1.0
1 8.339199e-09 1.0
1 0.7891389 0.21086112
1 0.9671358 0.032864165
1 7.771683e-09 1.0
1 8.3140175e-11 1.0
1 1.0 3.4316672e-10
1 1.1753439e-10 1.0
1 0.98067564 0.019324396
1 0.29288334 0.7071166
1 1.0 1.1121762e-09
1 1.16553345e-08 1.0
1 1.7656625e-10 1.0
1 0.22432415 0.7756758
1 8.296972e-11 1.0
1 3.886307e-09 1.0
1 6.694532e-11 1.0
1 1.3698591e-09 1.0
1 3.026247e-05 0.9999697
1 9.35513e-09 1.0
1 1.5055746e-10 1.0
1 0.99999905 1.0087911e-06
1 5.5322724e-10 1.0
1 0.04376939 0.95623064
1 0.13608532 0.86391467
1 6.9448103e-10 1.0
1 1.2513845e-08 1.0
1 0.9999999 6.77078e-08
1 0.055374242 0.94462574
1 9.1407285e-11 1.0
1 3.6410785e-08 1.0
1 5.7247495e-11 1.0
1 0.013438342 0.9865617
1 0.33513385 0.66486615
1 4.18356e-10 1.0
1 1.0 2.8058538e-11
1 0.9992537 0.0007463369
1 1.2548974e-09 1.0
1 1.6683765e-10 1.0
1 2.6128466e-10 1.0
1 4.3420052e-11 1.0
1 3.9001577e-08 1.0
1 0.6088268 0.3911732
1 1.342569e-10 1.0
1 7.7633233e-10 1.0
1 1.9299945e-10 1.0
1 5.81392e-09 1.0
1 1.21005e-09 1.0
1 8.6278895e-09 1.0
1 0.009392567 0.9906074
1 0.99999547 4.510495e-06
1 5.0706306e-10 1.0
1 3.6393807e-10 1.0
1 0.99902475 0.00097530585
1 7.6886114e-05 0.9999231
1 1.0309395e-10 1.0
1 1.615571e-08 1.0
1 1.0746402e-10 1.0
1 1.1033871e-08 1.0
1 1.319037e-10 1.0
1 5.104224e-10 1.0
1 0.99998426 1.575351e-05
1 7.4467155e-10 1.0
1 1.0 8.6710855e-34
1 4.540514e-05 0.9999546
1 5.349403e-11 1.0
1 1.0 1.7335382e-20
1 0.99999964 3.7621734e-07
1 6.6826705e-10 1.0
1 5.947804e-11 1.0
1 3.7066388e-11 1.0
1 1.2229413e-09 1.0
1 7.2703114e-11 1.0
1 2.8062366e-09 1.0
1 6.141338e-11 1.0
1 3.3283804e-08 1.0
1 3.5967818e-10 1.0
1 1.1570004e-10 1.0
1 4.3725808e-11 1.0
1 1.00989696e-10 1.0
1 7.2872006e-09 1.0
1 0.005251366 0.99474865
1 0.999998 2.074808e-06
1 5.462704e-09 1.0
1 1.2266785e-10 1.0
1 3.5798356e-10 1.0
1 0.99968255 0.00031744098
1 3.2555043e-08 1.0
1 2.0112932e-08 1.0
1 0.959955 0.040044956
1 1.12617355e-08 1.0
1 3.678146e-10 1.0
1 0.92800885 0.07199115
1 0.0020103748 0.99798965
1 5.5700605e-10 1.0
1 2.799953e-10 1.0
1 7.729779e-11 1.0
1 3.6558225e-09 1.0
1 0.9995871 0.0004128473
1 6.341883e-11 1.0
1 0.999608 0.00039202385
1 1.0 1.0309051e-08
1 4.02259e-11 1.0
1 7.5041154e-11 1.0
1 1.8739378e-08 1.0
1 0.7154777 0.2845223
1 1.1169686e-08 1.0
1 6.6353845e-10 1.0
1 5.447022e-10 1.0
1 0.9997967 0.00020328135
1 1.695327e-08 1.0
1 3.5174068e-09 1.0
1 2.4549357e-10 1.0
1 2.9849694e-08 1.0
1 0.0009658811 0.99903417
1 9.443856e-09 1.0
1 1.4741186e-10 1.0
1 4.0952153e-10 1.0
1 1.236441e-10 1.0
1 0.9999994 6.478666e-07
1 1.8892152e-08 1.0
1 1.2645323e-09 1.0
1 8.4343404e-10 1.0
1 6.0582495e-10 1.0
1 1.1902519e-09 1.0
1 7.2570977e-10 1.0
1 0.9999993 7.3367124e-07
1 5.929318e-11 1.0
1 1.0 3.8627108e-20
1 0.038954034 0.961046
1 2.0608951e-08 1.0
1 2.0855442e-10 1.0
1 0.9998729 0.0001270944
1 2.9791094e-09 1.0
1 1.0927101e-08 1.0
1 0.9999963 3.723481e-06
1 4.6801642e-11 1.0
1 1.4856506e-08 1.0
1 0.9999999 8.305407e-08
1 1.0564923e-08 1.0
1 0.99980146 0.00019854472
1 1.0 3.3897968e-11
1 5.995654e-11 1.0
1 5.720408e-10 1.0
1 1.0 5.2281038e-08
1 6.787972e-10 1.0
1 8.551941e-11 1.0
1 3.3170533e-09 1.0
1 0.999985 1.5025608e-05
1 0.97953475 0.020465292
1 6.614005e-10 1.0
1 5.509895e-10 1.0
1 1.0 1.1865202e-14
1 1.3469705e-10 1.0
1 1.3461023e-10 1.0
1 2.538504e-09 1.0
1 7.083888e-11 1.0
1 8.228406e-10 1.0
1 1.341975e-10 1.0
1 1.0 2.1815999e-10
1 0.005462628 0.9945373
1 0.94017595 0.059824053
1 7.342891e-11 1.0
1 0.1015315 0.89846855
1 6.659373e-10 1.0
1 1.0 1.3707322e-09
1 1.0 4.6869043e-24
1 0.36440012 0.6355999
1 0.9998073 0.0001927493
1 1.7633353e-08 1.0
1 0.7051455 0.29485458
1 3.8842446e-10 1.0
1 0.9969283 0.0030717612
1 0.9999038 9.619658e-05
1 1.3773529e-08 1.0
1 1.0 5.629542e-21
1 0.99999 1.00478055e-05
1 9.036623e-09 1.0
1 1.08438536e-10 1.0
1 3.6591133e-10 1.0
1 6.245538e-11 1.0
1 7.458169e-11 1.0
1 1.2518995e-09 1.0
1 1.2855628e-10 1.0
1 1.0 5.6762483e-14
1 9.067805e-09 1.0
1 0.9695171 0.030482912
1 7.869625e-09 1.0
1 1.0 8.545224e-11
1 1.2031509e-08 1.0
1 0.9999999 1.3418028e-07
1 1.5561957e-10 1.0
1 1.0 5.795427e-14
1 2.1692724e-10 1.0
1 4.87879e-09 1.0
1 0.99999964 3.1085403e-07
1 0.894832 0.10516804
1 1.0 9.4501696e-15
0 1.0 1.19127315e-14
0 1.0 7.036769e-11
0 1.0 7.0519508e-15
0 0.99999547 4.4775793e-06
0 0.9923098 0.0076902458
0 1.0 2.081431e-14
0 1.0 1.6757618e-11
0 0.9999995 4.6603338e-07
0 0.99943894 0.0005610877
0 0.9945456 0.0054544457
0 1.0 2.9948576e-16
0 1.0 6.431389e-23
0 1.0 8.988365e-14
0 1.0 1.4463248e-16
0 0.9715821 0.028417898
0 0.9999999 1.6176375e-07
0 1.0 2.9917466e-08
0 0.9999999 1.1287696e-07
0 0.9999999 1.2091547e-07
0 0.99999845 1.5240229e-06
0 1.0 5.6396278e-08
0 0.9999999 9.864344e-08
0 0.16086173 0.8391383
0 0.9999987 1.3066754e-06
0 0.048761014 0.95123905
0 0.9999999 1.103257e-07
0 1.0 9.844966e-12
0 1.0 5.4874844e-13
0 0.99999917 8.0380454e-07
0 0.36748183 0.6325182
0 1.0 9.87283e-09
0 1.0 5.045243e-16
0 0.9987393 0.0012607157
0 0.9999989 1.0376973e-06
0 1.0 7.995538e-31
0 0.9988176 0.0011823372
0 1.0 4.4474375e-16
0 0.9995129 0.00048707417
0 1.0 8.6256635e-10
0 0.9578196 0.04218041
0 1.0 1.7839022e-09
0 0.999742 0.0002580342
0 1.0 6.298849e-14
0 0.9994861 0.0005139364
0 0.9995726 0.00042736388
0 0.98697203 0.013027956
0 0.99999595 4.107034e-06
0 1.0 3.9184584e-14
0 0.9999931 6.921806e-06
0 1.0 4.924186e-21
0 0.9999932 6.8112195e-06
0 0.9999999 1.2175242e-07
0 1.0 3.0116576e-09
0 0.99979144 0.00020860785
0 1.0 6.0415864e-25
0 1.0 3.8172302e-19
0 1.0 5.307141e-09
0 0.9999875 1.2461189e-05
0 1.0 7.488967e-09
0 1.0 7.0267665e-14
0 1.0 1.4701669e-15
0 1.0 8.681763e-22
0 1.0 1.5444911e-11
0 0.9999994 6.107914e-07
0 1.0 1.7197639e-22
0 0.9999839 1.6043086e-05
0 0.9998672 0.0001327469
0 1.0 9.179917e-15
0 0.9999932 6.735533e-06
0 1.0 1.6198414e-19
0 1.0 9.9425135e-11
0 1.0 2.464826e-10
0 1.0 1.2619564e-13
0 1.0 1.2618772e-09
0 1.0 8.1271786e-17
0 1.0 4.9476246e-11
0 0.9999999 1.4753597e-07
0 1.0 5.1930037e-11
0 0.99999905 9.565143e-07
0 1.0 6.997193e-11
0 1.0 2.6048678e-08
0 0.9999858 1.4236721e-05
0 0.013365797 0.98663425
0 0.9997706 0.00022942576
0 1.0 2.8110495e-15
0 1.0 5.2374937e-20
0 1.0 7.871086e-19
0 0.9870619 0.012938072
0 1.0 5.724127e-11
0 0.99971443 0.00028550214
0 0.9999485 5.1454135e-05
0 0.89267546 0.10732451
0 0.9999962 3.8713315e-06
0 0.99998116 1.8825982e-05
0 0.9626376 0.037362408
0 0.9999994 6.013655e-07
0 0.9998367 0.00016327262
0 0.9999987 1.332981e-06
0 0.9999995 4.8844163e-07
0 0.98874915 0.011250904
0 0.9987379 0.0012621996
0 1.0 3.4306297e-12
0 0.9995784 0.00042153607
0 0.99446785 0.00553216
0 0.00865082 0.99134916
0 1.0 1.3787274e-12
0 1.0 1.9411552e-32
0 0.9995196 0.00048042086
0 1.0 1.8671326e-17
0 0.99700314 0.002996888
0 0.9999981 1.935757e-06
0 1.0 9.569922e-15
0 1.0 3.0405685e-09
0 0.9998759 0.00012404626
0 1.0 9.370101e-19
0 1.0 2.48752e-21
0 0.9999988 1.1612395e-06
0 0.9885865 0.011413522
0 0.99999905 1.0018431e-06
0 0.9999975 2.502437e-06
0 0.6512345 0.34876552
0 0.9999993 6.793327e-07
0 1.0 2.3145272e-10
0 1.0 8.031285e-13
0 0.9999999 1.1833038e-07
0 1.0 1.4119087e-18
0 1.0 9.164871e-15
0 1.0 1.3668832e-25
0 0.9999809 1.9098004e-05
0 0.9999951 4.930477e-06
0 1.0 2.1213648e-08
0 0.9999211 7.894607e-05
0 0.9612671 0.0387329
0 0.9962607 0.003739221
0 1.0 1.5811711e-12
0 1.0 7.5354497e-16
0 1.0 4.5599613e-09
0 0.20296295 0.79703707
0 0.99946123 0.00053877174
0 0.89227015 0.10772988
0 0.9999999 9.492945e-08
0 1.0 4.3572074e-13
0 1.0 1.284727e-21
0 1.0 1.509031e-09
0 1.0 3.0695773e-08
0 0.99818027 0.0018197014
0 1.0 2.0894753e-09
0 1.0 1.1009669e-09
0 0.9999902 9.784481e-06
0 0.46391797 0.536082
0 1.0 1.7675009e-19
0 1.0 1.7163664e-10
0 0.84161735 0.15838262
0 1.0 8.070218e-15
0 0.9999664 3.3637443e-05
0 1.0 3.8222464e-17
0 1.0 5.1924312e-14
0 1.0 8.851766e-10
0 0.99999964 3.4013374e-07
0 0.9999906 9.432674e-06
0 1.0 1.8667722e-14
0 0.9999685 3.143055e-05
0 1.0 9.422692e-10
0 1.0 1.7148135e-12
0 0.98794484 0.012055107
0 1.0 1.7741902e-17
0 1.0 3.2530205e-16
0 0.99999976 1.901141e-07
0 1.0 1.2282946e-09
0 1.0 3.464038e-16
0 1.0 0.0
0 1.0 2.0658373e-09
0 1.0 4.353428e-13
0 0.9997392 0.00026074567
0 0.9997009 0.00029913886
0 1.0 2.2571722e-09
0 0.029167062 0.9708329
0 0.9999982 1.8072724e-06
0 1.0 7.0061307e-10
0 1.0 2.8804543e-17
0 0.99995625 4.3690434e-05
0 0.7134567 0.28654337
0 0.9999808 1.9151223e-05
0 1.0 1.2630114e-20
0 1.0 1.9537179e-09
0 0.92702967 0.07297034
0 1.0 8.878681e-11
0 1.0 1.3008226e-11
0 1.0 2.5678357e-12
0 0.9999745 2.5512589e-05
0 0.9916596 0.008340391
0 0.86016405 0.13983592
0 0.9847527 0.015247319
0 0.99927217 0.0007278215
0 1.0 4.1463186e-10
0 0.99989426 0.00010568281
0 0.99999976 2.114387e-07
0 0.9999989 1.0346045e-06
0 0.99999976 2.2944387e-07
0 0.9643702 0.03562974
0 1.0 4.7784905e-12
0 0.99732924 0.00267079
0 1.0 2.252662e-19
0 1.0 4.005513e-09
0 0.99979275 0.00020723871
0 0.9999 9.9960525e-05
0 1.0 2.0062145e-25
0 1.0 6.0869323e-16
0 0.9999999 6.341759e-08
0 0.99999976 1.8033093e-07
0 1.0 8.538433e-14
0 1.0 4.8345483e-09
0 1.0 1.9240045e-09
0 0.99621224 0.0037878267
0 1.0 3.4703593e-09
0 1.0 1.5285256e-10
0 1.0 9.110503e-13
0 1.0 5.4374254e-08
0 0.9994356 0.00056432467
0 0.999987 1.2946118e-05
0 0.99999845 1.571741e-06
0 1.0 5.6972155e-10
0 0.9999999 6.503353e-08
0 0.9999871 1.2872155e-05
0 0.99212897 0.00787103
0 0.99999774 2.2312463e-06
0 0.9999999 1.778833e-07
0 1.0 5.90335e-12
0 1.0 8.4822096e-13
0 0.99990916 9.086095e-05
0 1.0 9.505112e-10
0 1.0 7.2151853e-09
0 0.98041713 0.019582804
1 1.2273847e-11 1.0
1 5.2790463e-12 1.0
1 2.0808348e-11 1.0
1 0.99999976 2.3336155e-07
1 1.7732509e-12 1.0
1 0.9508001 0.049199834
1 1.9756084e-10 1.0
1 1.8063818e-11 1.0
1 1.0 2.948803e-20
1 0.22264159 0.77735835
1 3.9839573e-13 1.0
1 9.448562e-12 1.0
1 7.478303e-13 1.0
1 7.414851e-11 1.0
1 4.0915514e-11 1.0
1 2.6159606e-12 1.0
1 3.0002566e-11 1.0
1 0.9548017 0.045198336
1 2.2806949e-11 1.0
1 4.9830542e-11 1.0
1 7.192335e-13 1.0
1 0.00019621765 0.99980384
1 1.1832308e-12 1.0
1 1.5898026e-11 1.0
1 4.5785636e-11 1.0
1 0.97283125 0.02716874
1 2.1820566e-11 1.0
1 1.0 9.406502e-16
1 6.575681e-13 1.0
1 3.3722497e-11 1.0
1 2.2398854e-12 1.0
1 4.197433e-11 1.0
1 3.2119043e-12 1.0
1 1.1959062e-10 1.0
1 0.9693387 0.030661317
1 8.2769685e-13 1.0
1 7.5987643e-13 1.0
1 0.98357093 0.016429111
1 4.266185e-11 1.0
1 0.00040408148 0.99959594
1 9.4237795e-12 1.0
1 1.9608548e-10 1.0
1 1.0 8.425769e-14
1 2.239438e-11 1.0
1 0.27741358 0.7225864
1 1.5602339e-11 1.0
1 1.2108151e-11 1.0
1 6.361324e-12 1.0
1 0.988473 0.011526997
1 0.998395 0.0016049433
1 3.6570046e-11 1.0
1 3.8710943e-10 1.0
1 2.0639948e-12 1.0
1 2.2411002e-11 1.0
1 9.019493e-05 0.99990976
1 1.4709574e-12 1.0
1 2.4066069e-11 1.0
1 4.8642437e-11 1.0
1 2.467633e-11 1.0
1 1.2321009e-12 1.0
1 1.0 5.3884154e-12
1 9.334471e-13 1.0
1 1.0 4.273733e-08
1 0.9999958 4.2153456e-06
1 1.26345575e-11 1.0
1 0.9999995 4.5805535e-07
1 2.2639124e-12 1.0
1 0.9998197 0.0001803154
1 0.99998903 1.0916478e-05
1 0.004231648 0.9957684
1 1.5319215e-12 1.0
1 6.4292976e-10 1.0
1 1.043867e-12 1.0
1 2.871208e-12 1.0
1 0.0013462161 0.99865377
1 0.9999219 7.802252e-05
1 2.6326401e-11 1.0
1 4.627421e-11 1.0
1 4.498484e-11 1.0
1 1.36056695e-11 1.0
1 0.14907382 0.85092616
1 6.9059584e-11 1.0
1 0.93513846 0.06486158
1 2.9072052e-11 1.0
1 1.5369914e-11 1.0
1 3.1572103e-11 1.0
1 4.8080663e-12 1.0
1 2.4352215e-11 1.0
1 3.3111443e-12 1.0
1 0.030468829 0.96953124
1 0.99986994 0.0001300038
1 1.4674825e-12 1.0
1 4.5670072e-11 1.0
1 0.00020751594 0.9997925
1 0.99962234 0.00037758608
1 2.1907159e-13 1.0
1 1.0 1.3751294e-12
1 1.4819175e-12 1.0
1 7.493256e-12 1.0
1 5.5033533e-13 1.0
1 1.2224177e-07 0.9999999
1 4.5725745e-12 1.0
1 4.1452727e-11 1.0
1 1.5132297e-10 1.0
1 7.678613e-11 1.0
1 1.0 1.6975469e-19
1 0.9999999 1.06305194e-07
1 1.1042017e-12 1.0
1 4.8785365e-10 1.0
1 0.0020064865 0.9979936
1 1.3202066e-11 1.0
1 0.9999964 3.6224494e-06
1 1.6952339e-11 1.0
1 9.368467e-13 1.0
1 1.5512104e-11 1.0
1 0.0042712586 0.9957287
1 1.0 1.1473036e-12
1 1.2514393e-12 1.0
1 0.00060090225 0.99939907
1 1.2738419e-10 1.0
1 7.246141e-05 0.9999275
1 1.5171826e-11 1.0
1 6.9959045e-13 1.0
1 7.118039e-13 1.0
1 2.4912123e-11 1.0
1 1.0616411e-12 1.0
1 2.2004115e-12 1.0
1 0.000100770114 0.99989927
1 1.1870834e-11 1.0
1 1.5475636e-11 1.0
1 5.874542e-11 1.0
1 3.5398842e-10 1.0
1 2.068536e-11 1.0
1 1.7383206e-11 1.0
1 7.6882225e-12 1.0
1 0.024228146 0.97577184
1 2.582119e-11 1.0
1 0.99999714 2.8481204e-06
1 8.762358e-12 1.0
1 1.6488904e-12 1.0
1 1.0 6.2333942e-09
1 0.99919254 0.0008074559
1 2.0029789e-11 1.0
1 1.2690541e-11 1.0
1 0.12870203 0.871298
1 5.683591e-11 1.0
1 0.99937385 0.00062614796
1 3.827697e-13 1.0
1 4.3338198e-12 1.0
1 1.8629336e-11 1.0
1 1.6384609e-11 1.0
1 6.841507e-11 1.0
1 3.134737e-12 1.0
1 0.99447745 0.0055225934
1 5.1467768e-11 1.0
1 2.764762e-11 1.0
1 1.6194364e-12 1.0
1 0.99998903 1.0916478e-05
1 4.5090563e-12 1.0
1 0.7226788 0.27732128
1 1.160872e-12 1.0
1 1.1173482e-11 1.0
1 5.918852e-12 1.0
1 0.9999958 4.2153415e-06
1 0.0007272117 0.99927276
1 4.528874e-11 1.0
1 3.8771736e-11 1.0
1 3.1429106e-11 1.0
1 6.6458617e-13 1.0
1 3.610537e-13 1.0
1 1.0361591e-11 1.0
1 0.9999987 1.3510083e-06
1 8.026725e-12 1.0
1 1.4487608e-11 1.0
1 0.9999962 3.859399e-06
1 2.3832386e-10 1.0
1 0.1565166 0.84348345
1 1.6851371e-11 1.0
1 1.5892016e-05 0.99998415
1 1.4278813e-11 1.0
1 5.09086e-12 1.0
1 6.427476e-12 1.0
1 0.0015292867 0.9984707
1 6.514194e-11 1.0
1 1.470041e-11 1.0
1 0.00010076992 0.99989927
1 1.2924971e-12 1.0
1 1.0 2.1175303e-10
1 6.6457603e-13 1.0
1 1.4357493e-11 1.0
1 6.389465e-11 1.0
1 1.0 3.0385642e-08
1 0.99979955 0.00020051203
1 6.3700416e-12 1.0
1 3.3338138e-11 1.0
1 0.9999995 5.1321103e-07
1 7.429212e-13 1.0
1 2.3580162e-11 1.0
1 1.7532974e-12 1.0
1 1.0 8.631313e-09
1 2.0106687e-11 1.0
1 1.193283e-11 1.0
1 3.2445266e-07 0.99999964
1 3.2445266e-07 0.99999964
1 2.2273062e-11 1.0
1 6.146148e-13 1.0
1 5.1807634e-12 1.0
1 3.3116575e-11 1.0
1 0.0003322341 0.99966776
1 1.9992804e-11 1.0
1 1.1462374e-10 1.0
1 8.720709e-12 1.0
1 1.2027361e-11 1.0
1 0.2762698 0.7237302
1 1.4878517e-11 1.0
1 1.654963e-11 1.0
1 7.036873e-12 1.0
1 3.1214576e-11 1.0
1 1.0435604e-12 1.0
1 2.3394429e-11 1.0
1 1.9690306e-12 1.0
1 2.1015614e-13 1.0
1 6.9511674e-11 1.0
1 0.95453596 0.04546406
1 1.3774355e-10 1.0
1 2.6914446e-11 1.0
1 0.88722306 0.11277691
1 1.6286836e-11 1.0
1 1.2838756e-12 1.0
1 0.009132288 0.99086773
1 2.2696896e-11 1.0
1 5.017153e-13 1.0
1 0.13118027 0.8688197
0 0.9998708 0.00012918623
0 0.9999969 3.0869587e-06
0 1.0 6.1709304e-10
0 1.0 4.9711996e-10
0 0.99650574 0.0034943463
0 0.9999987 1.2953759e-06
0 0.88707256 0.112927385
0 1.0 1.8432336e-10
0 0.99999964 3.4766921e-07
0 1.0 2.0657994e-15
0 0.9999994 5.3834435e-07
0 1.0 1.7356082e-10
0 0.9996408 0.00035913044
0 1.0 9.0473753e-11
0 0.28319216 0.7168078
0 0.9999999 6.800834e-08
0 1.0 1.4405622e-20
0 0.9837452 0.016254753
0 1.0 5.514215e-14
0 1.0 3.3398603e-11
0 0.9956045 0.0043955576
0 1.0 4.612217e-09
0 0.5346937 0.4653063
0 0.99428177 0.005718191
0 0.87441075 0.12558924
0 0.99877983 0.0012201326
0 0.9998529 0.00014704847
0 1.0 8.568722e-12
0 1.0 1.3080639e-13
0 1.0 5.50429e-16
0 0.067043826 0.93295616
0 0.99707186 0.00292816
0 0.99964345 0.00035657626
0 0.9925983 0.0074017285
0 0.98454326 0.015456702
0 1.0 5.361275e-10
0 1.0 5.4648074e-17
0 0.99927086 0.0007291064
0 1.0 8.677015e-10
0 1.0 1.2615412e-15
0 1.0 1.4451716e-13
0 1.0 1.4343998e-26
0 0.758285 0.24171506
0 1.0 1.0455844e-20
0 0.9999857 1.4293449e-05
0 1.0 5.0971636e-09
0 1.0 2.1657195e-19
0 0.3244024 0.67559755
0 0.99999976 1.8445408e-07
0 0.9636634 0.03633664
0 1.0 6.1713655e-14
0 1.0 1.6178489e-09
0 0.9846005 0.015399568
0 1.0 1.2766008e-09
0 0.96139634 0.038603712
0 1.0 9.5766e-16
0 0.2805438 0.71945626
0 1.0 1.0737089e-12
0 0.92629814 0.073701836
0 1.0 1.5516796e-09
0 1.0 1.0231235e-10
0 0.9775293 0.022470662
0 1.0 1.5651116e-13
0 0.9348507 0.06514931
0 0.9995803 0.0004197079
0 1.0 1.8430381e-31
0 0.9811183 0.018881662
0 0.99999964 3.0423803e-07
0 0.99999714 2.82694e-06
0 0.9575251 0.042474937
0 0.9999982 1.7633002e-06
0 0.50746435 0.4925357
0 0.18836585 0.8116341
0 1.0 5.6600027e-09
0 1.0 4.45828e-10
0 1.0 2.3439226e-11
0 0.9999895 1.0468885e-05
0 0.2724843 0.7275157
0 0.99996805 3.191825e-05
0 0.9999901 9.92251e-06
0 0.010170819 0.9898291
0 0.99999154 8.487597e-06
0 1.0 7.529521e-11
0 1.0 4.6458904e-17
0 1.0 1.20808024e-17
0 1.0 6.981546e-10
0 0.91237605 0.087623976
0 1.0 8.990171e-09
0 1.0 1.3072282e-17
0 1.0 2.7018165e-09
0 1.0 3.554135e-16
0 1.0 1.0383784e-12
0 1.0 2.9074702e-08
0 0.9324408 0.06755912
0 0.93444645 0.06555352
0 1.0 5.7560365e-09
0 1.0 2.484023e-08
0 1.0 1.345217e-21
0 0.9974853 0.00251465
0 0.9799693 0.020030629
0 0.99978715 0.0002128508
0 0.99999154 8.48865e-06
0 0.999943 5.6964054e-05
0 0.9999987 1.2920644e-06
0 1.0 2.8058017e-10
0 1.0 2.7393069e-24
0 0.9982906 0.0017093761
0 1.0 9.334864e-09
0 1.0 8.8253327e-10
0 1.0 5.3402127e-09
0 1.0 3.397357e-11
0 1.0 2.5926776e-13
0 1.0 2.5394824e-09
0 1.0 7.9042704e-20
0 0.99999976 1.9679163e-07
0 0.99982125 0.00017880653
0 1.0 2.7068016e-11
0 0.9988181 0.0011818926
0 0.99505675 0.0049432996
0 0.9999999 8.079133e-08
0 0.99235487 0.0076451213
0 0.019173693 0.98082626
0 0.9973398 0.0026601697
0 1.0 5.1138532e-17
0 1.0 1.05544256e-20
0 1.0 7.314703e-24
0 0.99999976 2.8136083e-07
0 0.99999976 2.6166703e-07
0 0.8475949 0.15240505
0 0.9999999 8.2762945e-08
0 0.9999999 7.558655e-08
0 1.0 9.001839e-09
0 0.9999982 1.8324671e-06
0 0.9999771 2.292954e-05
0 0.99981564 0.00018439647
0 0.43528226 0.5647177
0 0.9999999 1.5551312e-07
0 0.9999552 4.4809894e-05
0 1.0 2.5899341e-17
0 0.99978095 0.00021910315
0 1.0 1.0994355e-08
0 1.0 1.6527186e-09
0 1.0 1.365217e-08
0 1.0 1.1403338e-15
0 0.9999764 2.3648226e-05
0 1.0 2.894466e-09
0 1.0 1.5775816e-14
0 1.0 9.005892e-09
0 1.0 1.3459026e-13
0 0.47221905 0.5277809
0 1.0 9.574951e-17
0 1.0 2.5871213e-16
0 0.99389344 0.006106533
0 0.99662685 0.003373193
0 1.0 4.831398e-12
0 1.0 4.5922228e-08
0 1.0 6.079901e-16
0 0.17774883 0.82225114
0 0.9946215 0.0053784805
0 0.015658254 0.9843418
0 1.0 1.4993221e-17
0 0.98566425 0.014335737
0 1.0 2.1279357e-10
0 0.9999999 9.685773e-08
0 1.0 6.518775e-09
0 1.0 1.177936e-10
0 1.0 3.8026907e-22
0 0.99997413 2.5812182e-05
0 0.99559855 0.0044013998
0 1.0 4.3100115e-09
0 0.9999988 1.145065e-06
0 1.0 1.1956113e-15
0 0.9997222 0.00027777714
0 0.99934 0.0006599576
0 1.0 2.738329e-21
0 1.0 6.4617096e-12
0 0.3921989 0.6078011
0 0.99999595 4.0320087e-06
0 1.0 7.5198785e-14
0 0.9689325 0.031067507
0 0.98434514 0.015654903
0 1.0 1.5082423e-13
0 1.0 1.1122547e-09
0 1.0 2.068322e-08
0 1.0 7.9883105e-09
0 0.027261754 0.97273827
0 1.0 3.7682266e-12
0 0.99825746 0.0017425183
0 0.99999905 9.4529753e-07
0 0.99960905 0.00039093356
0 1.0 9.7971846e-11
0 1.0 1.7335727e-11
0 0.99998116 1.8806117e-05
0 0.99999964 3.5993799e-07
0 1.0 5.1567464e-20
0 0.99917275 0.0008272798
0 1.0 2.0248275e-11
0 0.99997866 2.1318972e-05
0 0.9995603 0.00043964086
0 1.0 2.721148e-13
0 1.0 8.413585e-09
0 1.0 3.831347e-14
0 0.9914151 0.008584892
0 1.0 6.9333905e-13
0 0.99997056 2.9480243e-05
0 0.98742735 0.012572683
0 0.9999987 1.337295e-06
0 1.0 5.7892074e-10
0 1.0 6.9583345e-10
0 0.9999467 5.323688e-05
0 0.98696196 0.013038052
0 0.5654393 0.43456075
0 0.95731854 0.04268148
0 0.99991703 8.300297e-05
0 0.9998685 0.00013148702
0 0.9999999 8.760704e-08
0 1.0 7.1633655e-13
0 1.0 2.7883723e-10
0 0.9999995 4.898322e-07
0 0.9999994 6.1678185e-07
0 1.0 2.7869406e-11
0 1.0 7.451834e-24
0 0.42965373 0.5703463
0 0.99635494 0.0036450203
0 0.9916997 0.008300327
0 1.0 5.6487757e-09
0 0.99991703 8.296364e-05
0 1.0 6.9569697e-13
0 1.0 3.5798056e-19
0 1.0 4.4481514e-08
0 0.9999286 7.139933e-05
0 1.0 4.4283292e-14
0 1.0 1.0393554e-08
1 1.827377e-09 1.0
1 7.449898e-10 1.0
1 9.419682e-05 0.9999058
1 0.009311082 0.9906889
1 0.90595347 0.094046585
1 0.011968291 0.98803174
1 4.448064e-09 1.0
1 1.8087557e-09 1.0
1 1.9495051e-08 1.0
1 8.553675e-10 1.0
1 1.9932094e-09 1.0
1 0.944507 0.055492993
1 5.8006975e-08 1.0
1 0.8633641 0.13663587
1 1.8819926e-09 1.0
1 6.0032006e-09 1.0
1 0.9990011 0.0009989453
1 7.3026034e-09 1.0
1 0.99990416 9.583136e-05
1 0.9995565 0.00044349083
1 0.9994265 0.00057356554
1 0.2715503 0.72844976
1 6.8755526e-09 1.0
1 2.1880102e-09 1.0
1 0.9963486 0.0036513605
1 1.0 4.0687665e-14
1 0.00024033079 0.9997596
1 0.0034064127 0.99659353
1 2.8161349e-09 1.0
1 0.009171017 0.990829
1 7.054215e-10 1.0
1 1.12065855e-07 0.9999999
1 5.665126e-05 0.9999434
1 7.8335876e-07 0.99999917
1 3.1596052e-09 1.0
1 3.7735832e-09 1.0
1 0.9999348 6.514852e-05
1 4.3717238e-10 1.0
1 2.559489e-08 1.0
1 0.27276027 0.72723967
1 0.0009598987 0.99904007
1 2.8661786e-09 1.0
1 0.81203425 0.1879657
1 1.0334541e-09 1.0
1 6.288466e-10 1.0
1 5.4799304e-10 1.0
1 5.8249867e-09 1.0
1 0.80307513 0.19692491
1 1.3993592e-05 0.99998605
1 3.0464713e-07 0.99999964
1 1.4542662e-09 1.0
1 1.375059e-05 0.9999863
1 1.7883717e-07 0.99999976
1 1.00797735e-08 1.0
1 0.9999685 3.1441676e-05
1 2.9535139e-09 1.0
1 4.9365468e-08 1.0
1 9.549165e-09 1.0
1 5.9181615e-09 1.0
1 1.0 5.522273e-08
1 1.2022338e-07 0.9999999
1 3.6451695e-09 1.0
1 4.8740674e-08 1.0
1 0.9999324 6.764068e-05
1 0.24700709 0.7529929
1 2.0820279e-09 1.0
1 9.4722505e-09 1.0
1 2.4311014e-10 1.0
1 2.5356648e-08 1.0
1 3.0969212e-09 1.0
1 1.3417043e-09 1.0
1 4.246318e-08 1.0
1 5.9672294e-09 1.0
1 6.04935e-09 1.0
1 8.7050467e-10 1.0
1 2.3919013e-09 1.0
1 5.0722906e-07 0.9999995
1 1.4560897e-09 1.0
1 2.2089438e-08 1.0
1 7.4609006e-11 1.0
1 0.9980317 0.0019683158
1 6.2189026e-10 1.0
1 0.9993574 0.0006426123
1 1.4573066e-09 1.0
1 0.21822685 0.78177315
1 0.9984139 0.0015860285
1 1.3308145e-08 1.0
1 3.4515721e-09 1.0
1 4.2334072e-10 1.0
1 1.477052e-09 1.0
1 6.0411516e-09 1.0
1 8.205881e-07 0.99999917
1 0.53460467 0.46539536
1 5.2041016e-10 1.0
1 8.164278e-10 1.0
1 6.999456e-09 1.0
1 5.2766387e-09 1.0
1 7.609731e-09 1.0
1 1.9842838e-09 1.0
1 0.0790322 0.9209678
1 8.4864445e-07 0.99999917
1 1.1750367e-10 1.0
1 2.5493243e-09 1.0
1 3.319927e-09 1.0
1 1.3450379e-09 1.0
1 7.521637e-08 0.9999999
1 0.006434078 0.993566
1 0.0010621096 0.9989379
1 0.30266303 0.697337
1 0.9999982 1.8282185e-06
1 5.533813e-10 1.0
1 2.2479682e-10 1.0
1 1.0 4.119851e-08
1 2.6426514e-07 0.99999976
1 4.658154e-09 1.0
1 7.2186954e-09 1.0
1 0.026993148 0.97300684
1 5.670124e-07 0.9999994
1 2.2560808e-07 0.99999976
1 0.99998355 1.6429594e-05
1 2.7174206e-08 1.0
1 0.98673356 0.01326642
1 0.9850659 0.014934131
1 0.9995041 0.0004959433
1 1.462654e-08 1.0
1 1.5940672e-09 1.0
1 2.1773495e-08 1.0
1 2.5904076e-10 1.0
1 0.00036322544 0.99963677
1 3.570863e-09 1.0
1 1.700914e-08 1.0
1 2.2041291e-08 1.0
1 7.566582e-10 1.0
1 2.0766024e-09 1.0
1 1.5176297e-09 1.0
1 2.3104836e-09 1.0
1 1.5848894e-10 1.0
1 1.4063953e-08 1.0
1 0.9985417 0.0014582812
1 5.1844374e-05 0.99994814
1 2.9977598e-09 1.0
1 2.159436e-09 1.0
1 4.839035e-07 0.9999995
1 4.322552e-08 1.0
1 9.477451e-10 1.0
1 1.883464e-10 1.0
1 9.880139e-09 1.0
1 5.035721e-06 0.999995
1 0.99295855 0.0070414925
1 0.944507 0.055492993
1 0.9999579 4.21064e-05
1 9.806023e-08 0.9999999
1 1.3645049e-10 1.0
1 6.4511783e-09 1.0
1 6.0559184e-09 1.0
1 1.0941027e-09 1.0
1 0.9908222 0.009177836
1 4.5626933e-09 1.0
1 0.9910767 0.008923318
1 3.2738924e-08 1.0
1 0.9999944 5.561113e-06
1 8.795555e-10 1.0
1 4.639259e-09 1.0
1 0.9999734 2.654309e-05
1 0.37507555 0.62492454
1 7.7154366e-10 1.0
1 0.8884639 0.11153612
1 3.201194e-09 1.0
1 2.8086156e-08 1.0
1 6.807216e-09 1.0
1 6.171719e-10 1.0
1 3.1134335e-09 1.0
1 1.1084939e-08 1.0
1 6.951728e-10 1.0
1 3.4216103e-09 1.0
1 1.9333446e-09 1.0
1 1.1583622e-07 0.9999999
1 1.2143111e-09 1.0
1 3.4685443e-10 1.0
1 8.450318e-09 1.0
1 1.0 6.0677917e-13
1 6.447822e-08 0.9999999
1 0.5391596 0.4608405
1 1.0 5.5386173e-10
1 0.9999348 6.514852e-05
1 0.99972063 0.000279392
1 4.8149495e-08 1.0
1 1.8853529e-08 1.0
1 8.777963e-05 0.99991226
1 0.06475527 0.9352447
1 0.9990963 0.0009037184
1 2.2235529e-08 1.0
1 1.1255787e-08 1.0
1 3.231043e-09 1.0
1 6.837897e-10 1.0
1 2.0838118e-09 1.0
1 0.9999896 1.0393173e-05
1 2.1867836e-09 1.0
1 1.1319147e-08 1.0
1 1.7369106e-09 1.0
1 1.1219328e-08 1.0
1 9.398908e-10 1.0
1 2.564532e-08 1.0
1 0.9999982 1.8170454e-06
1 1.0 5.1071676e-09
1 1.4156094e-09 1.0
1 0.010585441 0.9894146
1 0.9999999 1.4597282e-07
1 1.2956092e-09 1.0
1 1.5696618e-09 1.0
1 2.4396078e-09 1.0
1 9.521625e-10 1.0
1 0.000118972406 0.999881
1 4.918502e-08 1.0
1 8.361907e-10 1.0
1 1.393121e-08 1.0
1 0.99997175 2.8310487e-05
1 4.4326502e-09 1.0
1 3.3940444e-09 1.0
1 2.9015301e-09 1.0
1 1.3418886e-09 1.0
1 1.0056269e-08 1.0
1 0.99986565 0.00013431713
1 0.99707186 0.0029280914
1 1.6685173e-09 1.0
1 2.2520463e-09 1.0
1 3.141937e-09 1.0
1 2.6836506e-09 1.0
1 6.7545863e-10 1.0
1 1.0 1.789188e-12
1 3.1054568e-09 1.0
1 7.825798e-09 1.0
1 9.276359e-10 1.0
0 0.98306435 0.016935702
0 1.0 5.0186105e-12
0 0.9999974 2.6227715e-06
0 0.9065357 0.09346437
0 0.99999964 3.7630272e-07
0 0.999987 1.294881e-05
0 1.0 2.9952976e-12
0 0.0001870686 0.9998129
0 1.0 2.1699231e-09
0 1.0 3.8603515e-10
0 0.99003124 0.009968801
0 1.0 4.5831787e-14
0 0.9993063 0.00069366227
0 0.947699 0.05230101
0 0.99999416 5.815891e-06
0 0.5376463 0.46235374
0 0.9999887 1.1272263e-05
0 0.98307633 0.016923726
0 1.0 3.8033957e-10
0 1.0 1.2703884e-15
0 0.99767405 0.0023259604
0 0.9343686 0.065631464
0 0.505477 0.49452296
0 0.9881016 0.011898411
0 1.0 5.161722e-10
0 0.9999614 3.8605507e-05
0 0.9643418 0.035658155
0 0.9983571 0.0016428618
0 0.9807587 0.01924123
0 0.75365335 0.24634667
0 0.35576984 0.6442301
0 1.0 1.8654623e-14
0 0.9863316 0.013668422
0 0.19297005 0.8070299
0 1.0 1.8285057e-10
0 1.0 9.7447265e-14
0 1.0 3.5465847e-12
0 1.0 1.0838596e-11
0 0.9999976 2.437543e-06
0 1.0 7.3091975e-12
0 0.9507868 0.049213164
0 0.99991083 8.911831e-05
0 0.99990106 9.888494e-05
0 0.99999344 6.578621e-06
0 0.99999917 7.792822e-07
0 0.76051676 0.23948327
0 0.98402405 0.015975995
0 0.99999034 9.632393e-06
0 0.9999987 1.3558538e-06
0 0.9998977 0.000102239
0 0.9997744 0.00022563503
0 0.94786114 0.052138902
0 1.0 5.2289356e-14
0 1.0 1.085827e-08
0 1.0 1.2758461e-09
0 0.99998987 1.013057e-05
0 0.9222497 0.07775032
0 0.99999964 3.3771926e-07
0 1.0 5.062513e-10
0 0.99998105 1.895909e-05
0 0.9999975 2.492952e-06
0 0.9987907 0.0012093697
0 1.0 6.262898e-10
0 0.99820185 0.0017981165
0 1.0 1.2619205e-09
0 1.0 1.0455574e-11
0 1.0 4.854514e-10
0 0.9999987 1.3645722e-06
0 1.0 2.1598219e-14
0 1.0 1.4912917e-08
0 0.9992556 0.0007443871
0 0.9997843 0.00021569281
0 0.10684925 0.8931507
0 1.0 4.433464e-08
0 0.92059106 0.079408966
0 0.9999993 6.829613e-07
0 1.0 9.105083e-13
0 0.9999919 8.130864e-06
0 1.0 8.739611e-15
0 1.0 3.1994067e-12
0 0.99999607 3.932989e-06
0 0.9998541 0.00014586604
0 0.9999522 4.7750174e-05
0 0.99999917 8.657002e-07
0 1.0 1.9496287e-11
0 0.9999994 5.785399e-07
0 0.9999963 3.7266393e-06
0 0.99999964 4.1687372e-07
0 0.9946641 0.0053359144
0 1.0 8.280965e-09
0 0.99991465 8.5333966e-05
0 0.9999999 1.4188491e-07
0 0.9998908 0.000109194094
0 1.0 1.1034796e-08
0 0.9995486 0.00045130434
0 0.9999999 7.750251e-08
0 0.99999917 7.9422557e-07
0 0.99995637 4.3607266e-05
0 0.9999975 2.495188e-06
0 1.0 6.846824e-10
0 0.9998247 0.00017532898
0 0.99999344 6.5493878e-06
0 0.995544 0.004456027
0 0.9999995 4.3693777e-07
0 0.9999989 1.0444954e-06
0 0.9919687 0.008031276
0 0.99999607 3.8816597e-06
0 1.0 1.2820187e-15
0 0.99981636 0.00018367071
0 1.0 1.1207788e-10
0 1.0 2.9579308e-11
0 0.19678544 0.8032146
0 0.9759636 0.024036478
0 0.9999987 1.365516e-06
0 1.0 7.272017e-11
0 0.9999975 2.4701856e-06
0 0.99456066 0.0054393783
0 0.9999913 8.758883e-06
0 1.0 4.391734e-09
0 0.9832879 0.016712068
0 1.0 3.9448633e-10
0 0.9997334 0.00026663468
0 0.9999994 5.969645e-07
0 0.9999434 5.6670877e-05
0 0.99886847 0.0011315926
0 1.0 1.952885e-11
0 0.98148936 0.0185106
0 0.9999645 3.548474e-05
0 0.99933016 0.00066990417
0 1.0 3.492702e-14
0 0.9999999 7.602813e-08
0 0.9999988 1.167715e-06
0 1.0 1.2132166e-08
0 0.9999964 3.5904395e-06
0 1.0 1.46637475e-08
0 0.98568267 0.014317341
0 1.0 1.4282069e-09
0 0.9974407 0.0025592512
0 0.20620365 0.79379636
0 0.9999962 3.8023516e-06
0 1.0 3.76737e-09
0 0.8076537 0.19234627
0 1.0 5.294334e-08
0 1.0 2.0690925e-11
0 0.99999845 1.5330609e-06
0 0.9999963 3.6634299e-06
0 0.9997905 0.00020958374
0 0.999967 3.2980945e-05
0 0.9997433 0.00025670373
0 1.0 1.4511467e-12
0 0.99996734 3.2619417e-05
0 0.9732503 0.026749643
0 0.99994576 5.4284348e-05
0 0.99998355 1.6483535e-05
0 0.999923 7.70354e-05
0 0.99999976 1.8130609e-07
0 0.9999894 1.0652289e-05
0 0.94735044 0.052649606
0 0.9601634 0.039836586
0 0.9977087 0.0022913446
0 1.0 3.633279e-09
0 1.0 3.0323054e-08
0 0.63417375 0.3658263
0 0.9978999 0.0021000928
0 0.9404035 0.05959652
0 1.0 1.1727198e-13
0 6.496776e-07 0.9999994
0 0.99999905 9.861736e-07
0 0.9995907 0.00040925952
0 0.9916774 0.00832266
0 0.9999981 1.8490827e-06
0 1.0 3.5591967e-08
0 0.032173324 0.9678267
0 0.9982071 0.0017928948
0 0.99999964 3.48667e-07
0 0.9994696 0.0005304
0 1.0 9.652498e-13
0 1.0 1.1024882e-09
0 0.9911634 0.008836607
0 0.9997695 0.00023047002
0 0.99995255 4.744248e-05
0 0.9999163 8.372048e-05
0 0.99997675 2.3268864e-05
0 0.9918839 0.008116167
0 0.99998224 1.7771094e-05
0 0.9999999 8.655733e-08
0 1.0 6.2808206e-13
0 1.0 1.6925904e-08
0 0.99988675 0.000113281254
0 0.9999708 2.914869e-05
0 1.0 8.17026e-10
0 0.99950516 0.00049479114
0 0.99999976 2.024082e-07
0 0.9999993 7.45793e-07
0 0.9998155 0.00018450622
0 0.9863598 0.013640223
0 1.0 3.1097168e-25
0 1.0 4.668598e-12
0 0.06047536 0.93952465
0 0.99999857 1.449412e-06
0 0.99990284 9.7167096e-05
0 1.0 5.369672e-08
0 0.9990376 0.0009624033
0 0.9992021 0.00079793535
0 0.8076361 0.19236398
0 0.99985886 0.00014108689
0 1.0 4.578852e-11
0 1.0 4.5459974e-09
0 1.0 1.2045176e-11
0 0.99982965 0.00017033661
0 1.0 4.900737e-12
0 0.969786 0.030214008
0 0.9999964 3.5581218e-06
0 0.9157244 0.084275566
0 1.0 5.7504867e-08
0 0.9999999 1.7851293e-07
0 0.9999479 5.2106076e-05
0 0.9965978 0.003402213
0 0.96981615 0.030183842
0 1.0 5.1168884e-13
0 1.0 3.607035e-12
0 0.9820041 0.01799589
0 1.0 4.0604604e-08
0 0.99985445 0.000145491
0 0.99999475 5.242976e-06
0 0.9994351 0.00056486094
0 0.7539601 0.24603993
0 1.0 1.3677412e-10
0 0.86003035 0.13996966
0 0.99999976 2.5163098e-07
0 0.99999964 3.79692e-07
0 0.9999999 6.490527e-08
0 0.9999795 2.0513382e-05
