0.000984662 0.99901533
0.0058308705 0.9941691
0.0017499834 0.99824995
0.018991113 0.9810089
0.035759307 0.96424073
0.10273862 0.8972614
0.00079652236 0.9992035
0.084392294 0.9156077
0.012348411 0.9876516
0.0041948818 0.99580514
0.00016735199 0.99983263
0.11685414 0.88314587
0.0035799863 0.99642
0.048120454 0.95187956
0.052172557 0.9478274
0.3829328 0.61706716
9.269469e-08 0.9999999
0.009177121 0.9908229
0.9171455 0.08285455
0.12483331 0.8751667
0.00031129533 0.99968874
0.0024722824 0.9975278
0.8751591 0.12484097
0.23846936 0.76153064
0.07698902 0.92301095
0.0014704361 0.99852955
0.9554112 0.04458878
0.0041045053 0.9958955
0.9548695 0.045130465
1.0695826e-05 0.9999893
0.87414694 0.12585303
0.18245047 0.81754947
0.088050865 0.91194916
0.95757306 0.042426977
0.0005609412 0.99943906
0.87590677 0.1240933
0.08207616 0.91792375
0.17674313 0.82325685
0.0055513545 0.99444866
0.030449133 0.96955085
0.8730108 0.1269892
0.0029988317 0.9970011
0.0017460993 0.9982539
7.629876e-07 0.9999993
0.0026731177 0.99732685
0.0060820403 0.99391794
0.032997873 0.9670021
0.85086393 0.14913608
0.023879504 0.97612053
0.008239846 0.9917602
0.6684095 0.33159044
0.063758105 0.9362419
0.92984253 0.070157506
0.00047052046 0.9995295
0.841826 0.15817392
0.024923597 0.97507644
0.013258458 0.9867416
0.17616212 0.8238379
0.0008614127 0.9991386
0.11466031 0.88533974
0.9064346 0.09356535
0.02228927 0.97771066
0.0003484642 0.99965155
3.1986693e-07 0.99999964
0.0013026567 0.99869734
0.9702073 0.029792763
0.045550458 0.9544495
0.00082725537 0.99917275
0.9060693 0.093930684
0.09038146 0.90961856
0.0020632984 0.9979367
0.06789393 0.9321061
0.28743443 0.71256554
0.037314262 0.96268576
0.0704488 0.9295512
0.0028180853 0.9971819
0.011232411 0.98876756
0.002321714 0.99767834
0.014036763 0.9859633
0.02979663 0.97020334
0.06581991 0.93418
0.2635989 0.73640114
0.0014326839 0.99856734
0.011893529 0.9881065
7.5718954e-06 0.9999924
0.90744364 0.09255638
0.059058707 0.9409413
0.45904842 0.54095155
0.008398541 0.9916014
0.002132768 0.9978672
0.87549025 0.12450972
0.0008698538 0.9991302
0.010999032 0.9890009
0.26008815 0.7399118
0.005207416 0.9947925
0.015699161 0.9843008
0.10582749 0.89417255
0.0017962183 0.99820375
0.014075426 0.98592454
0.0048565785 0.9951434
0.008202661 0.9917973
0.06430923 0.93569076
0.00077245466 0.9992275
0.02539867 0.9746013
0.2776372 0.72236276
0.002812459 0.99718755
7.2078e-06 0.99999285
0.77444065 0.22555934
0.0012766953 0.9987233
0.84685725 0.15314272
0.051369086 0.94863087
0.080257796 0.91974217
0.0071251313 0.99287486
0.16238636 0.8376137
0.04580685 0.9541932
0.35744762 0.6425523
0.103230506 0.8967695
0.0034223644 0.9965777
0.0046805386 0.9953194
5.7041584e-06 0.9999943
0.011951027 0.988049
0.00062255556 0.9993774
0.022829479 0.97717047
0.0010386034 0.99896145
0.18123236 0.8187676
0.06011713 0.9398829
0.005064186 0.99493575
2.067839e-06 0.999998
0.0050956057 0.9949044
0.97256124 0.027438773
0.013528191 0.98647183
0.0052367323 0.9947633
2.1598862e-05 0.9999784
0.030397123 0.96960294
0.00018842322 0.9998116
0.24535897 0.75464106
0.22620933 0.77379066
0.01385674 0.9861433
0.0028842262 0.99711573
5.739534e-07 0.9999994
0.002415311 0.9975847
0.0152664315 0.9847335
0.0025642896 0.99743575
0.004812209 0.99518776
0.0019160103 0.99808395
0.008704605 0.99129534
0.34423992 0.65576
0.056201834 0.9437981
1.1292189e-05 0.9999887
0.10897903 0.891021
0.07225752 0.92774254
0.109742574 0.8902574
0.009256585 0.99074346
0.072906785 0.9270932
0.0056894105 0.9943106
0.013933857 0.98606616
0.05545032 0.9445497
0.09283359 0.9071664
0.009828492 0.9901715
0.08860419 0.9113958
0.004919345 0.9950807
0.009946866 0.9900531
0.20185001 0.79815006
0.18245047 0.81754947
0.03919807 0.96080196
3.894887e-08 1.0
0.82640725 0.17359275
0.94955564 0.05044442
0.100796774 0.8992032
0.0053317826 0.9946682
0.027225057 0.9727749
0.0005348486 0.99946517
0.26570144 0.7342985
0.0051526767 0.9948473
0.015416198 0.98458385
0.58858854 0.41141146
0.0062606963 0.99373937
0.9982095 0.0017905683
0.095973715 0.90402627
0.06297832 0.9370217
0.00070397643 0.99929595
0.39265525 0.60734475
0.013960003 0.98604
0.0010975134 0.99890244
0.00028977764 0.99971014
0.00217134 0.99782866
0.26088455 0.7391154
0.7125889 0.28741112
0.002565053 0.9974349
9.36679e-09 1.0
0.9043441 0.09565592
0.004622404 0.99537754
0.0007549109 0.99924517
0.07705998 0.92294
0.01173096 0.988269
0.10238737 0.8976126
0.0054181865 0.99458176
0.9999969 3.0560177e-06
0.027666941 0.9723331
9.127297e-06 0.9999908
0.84252167 0.15747839
0.2776372 0.72236276
0.25370058 0.7462994
0.046910577 0.9530894
0.6464427 0.35355732
0.08769895 0.912301
0.9956132 0.0043867407
0.16401768 0.8359823
0.005803726 0.9941963
0.053344447 0.9466555
0.043426767 0.95657325
0.016193798 0.98380625
0.95221615 0.047783908
0.11519855 0.88480145
0.026508266 0.97349167
0.08343266 0.9165674
0.24785541 0.75214463
0.089516185 0.91048384
0.7544664 0.24553362
0.2965379 0.70346206
0.28163204 0.71836793
0.029233575 0.9707664
0.055393968 0.94460607
0.011477211 0.98852277
0.016300075 0.98369986
0.0015521417 0.9984478
0.09441659 0.9055834
0.009721293 0.99027866
0.02345257 0.9765474
0.04858761 0.95141244
0.84301186 0.15698813
0.042287268 0.95771277
0.46814457 0.53185546
0.0007675549 0.9992324
0.976458 0.023542015
0.07706754 0.92293245
6.875284e-05 0.9999312
0.32975417 0.67024577
0.0043489966 0.99565107
0.008986992 0.991013
0.28351924 0.71648073
9.1299206e-08 0.9999999
0.08062728 0.91937274
0.0015581985 0.99844176
0.06526472 0.9347353
0.9515351 0.048464898
0.062341403 0.9376586
0.8011896 0.19881038
0.004376008 0.995624
0.02856409 0.97143584
0.0010347102 0.99896526
0.68010014 0.3198999
0.9126681 0.08733191
0.00019746253 0.99980253
0.001004848 0.9989951
0.7263538 0.27364615
0.010514918 0.9894851
0.019145712 0.9808543
0.020862976 0.97913706
0.015255382 0.9847446
0.00060229737 0.99939775
0.0001420651 0.9998579
0.15707028 0.8429297
0.013055549 0.9869444
0.13457634 0.8654237
2.484638e-05 0.9999752
0.00014667276 0.99985325
0.87142617 0.12857388
0.059636015 0.94036394
0.02212053 0.97787946
0.18245047 0.81754947
0.11157295 0.888427
0.092517525 0.90748245
0.022540467 0.9774596
0.001201049 0.99879897
0.049085196 0.9509148
0.0071515525 0.9928484
0.0024926164 0.9975074
0.099824764 0.9001753
0.5975855 0.4024144
0.058755036 0.941245
0.16933842 0.8306616
0.015450746 0.9845493
0.9394835 0.06051647
0.0025327539 0.9974673
0.005062834 0.9949372
0.5316803 0.46831974
0.87072545 0.1292746
0.008681373 0.99131864
0.0012255517 0.99877447
0.35558587 0.6444141
0.00013295645 0.9998671
0.030702678 0.9692973
0.12744904 0.87255096
0.013209849 0.9867901
0.017772848 0.98222715
0.040809855 0.95919013
0.0013871995 0.99861276
0.1536516 0.84634846
0.0063966615 0.9936033
0.9889607 0.011039326
0.07731883 0.9226812
0.5615906 0.43840936
0.0034831741 0.9965168
0.98486346 0.015136528
0.066545136 0.9334549
0.24351312 0.7564869
0.0022711798 0.9977289
1.4353305e-05 0.9999857
0.007459316 0.99254066
0.38539204 0.61460793
0.7096616 0.29033843
0.08450297 0.91549706
0.024518799 0.9754812
0.0633374 0.9366626
0.4278537 0.5721463
0.018563341 0.98143667
0.05012845 0.94987154
0.010917708 0.98908234
0.011602424 0.98839754
0.006152549 0.9938474
0.0020544697 0.9979455
0.04729506 0.95270497
0.04721915 0.9527808
0.09080206 0.909198
0.019828606 0.98017144
0.09974974 0.9002503
0.118454985 0.881545
0.00041778604 0.99958223
0.09225692 0.9077431
0.06437779 0.9356222
0.19346137 0.8065386
0.0019659633 0.99803406
0.02160255 0.9783975
0.004610747 0.9953892
0.014289757 0.98571026
0.008654654 0.9913454
0.04829426 0.9517058
0.0038910098 0.99610895
0.013321551 0.9866785
0.8010564 0.19894357
0.010667175 0.9893328
0.155652 0.8443481
0.0058625867 0.9941374
0.18158011 0.8184199
0.003875796 0.9961242
0.17169014 0.8283099
0.016545128 0.9834548
0.04836016 0.95163983
0.06704851 0.93295145
0.6092005 0.39079952
0.25752726 0.7424727
0.019730562 0.9802695
0.030268496 0.9697315
0.017993838 0.9820062
0.000102742124 0.99989724
0.23636508 0.7636349
0.011575038 0.9884249
0.9656295 0.03437046
0.002645398 0.9973546
0.009530649 0.9904694
0.08978613 0.91021395
0.009130036 0.99086994
0.017868744 0.98213124
0.32861632 0.6713837
0.0007320657 0.9992679
0.007234942 0.9927651
0.038948793 0.9610513
0.12965691 0.8703431
0.0141337905 0.9858662
0.0068457965 0.99315417
0.057470817 0.9425292
0.023426218 0.9765738
0.035018377 0.96498156
0.0019946708 0.99800533
0.41633695 0.5836631
1.3685911e-07 0.9999999
0.4154475 0.5845524
0.44592005 0.55407995
0.0013297215 0.99867034
0.0022138276 0.99778616
0.0045987894 0.99540114
0.03729409 0.9627059
0.003612136 0.99638784
6.5245884e-05 0.9999348
0.26045567 0.7395443
0.003785684 0.99621433
0.99606735 0.0039326474
0.017162725 0.9828373
0.26255804 0.73744196
8.494653e-05 0.999915
1.0204564e-06 0.9999989
0.008799065 0.9912009
0.34475777 0.65524226
0.20262714 0.7973729
0.07070531 0.92929476
0.8864558 0.11354421
0.045478724 0.9545213
0.117165744 0.88283426
0.17825465 0.82174534
0.015171619 0.9848284
0.1788778 0.82112217
0.052216034 0.94778395
0.0061889477 0.9938111
0.0005271075 0.9994729
0.0017925159 0.99820745
0.021441214 0.9785588
0.6331771 0.36682293
0.9144017 0.085598335
0.4423125 0.55768746
0.0035331151 0.9964669
0.15077986 0.84922016
0.07502186 0.92497814
0.07977221 0.9202278
0.096026726 0.9039733
0.0037188139 0.9962812
0.063229114 0.93677086
0.056209628 0.9437904
0.011006732 0.9889932
0.070766576 0.9292334
0.006378576 0.9936214
0.0044163615 0.9955837
3.2223168e-06 0.9999968
0.730726 0.269274
0.10634832 0.89365166
0.68182796 0.318172
0.090627834 0.90937215
0.890536 0.10946397
0.01166892 0.988331
0.015178232 0.98482174
0.0015824091 0.9984176
0.103826895 0.8961731
0.034047473 0.9659525
0.0056086113 0.9943914
0.03263894 0.9673611
0.006930015 0.99306995
0.9728928 0.027107164
0.013297153 0.9867028
0.057674393 0.9423256
0.05709805 0.9429019
0.020520395 0.9794796
0.52371544 0.4762845
0.058463845 0.9415362
0.10927182 0.8907282
0.07213127 0.9278687
0.0019256164 0.9980744
0.07291384 0.9270861
0.0054955697 0.9945044
0.00037598392 0.999624
0.017030496 0.9829695
0.008848667 0.9911513
0.0023294892 0.9976705
0.0049406006 0.9950594
0.033828422 0.96617156
1.8403027e-07 0.99999976
0.033547893 0.9664521
0.00020986107 0.99979013
1.9974053e-05 0.99998
0.0034586508 0.9965413
0.2191596 0.7808404
1.5574705e-06 0.99999845
0.2776372 0.72236276
0.005860233 0.9941398
0.005323083 0.99467695
0.9636266 0.036373366
0.31106797 0.68893206
0.007727384 0.9922726
0.06499146 0.9350086
0.14400284 0.8559972
0.061222773 0.9387772
0.14530429 0.85469574
4.546433e-05 0.9999546
0.0038218647 0.99617815
0.014050687 0.98594934
0.06280124 0.9371987
0.9550724 0.044927657
0.8190603 0.18093966
0.36986643 0.63013357
0.9456203 0.05437974
0.017999629 0.9820004
0.83994853 0.1600515
0.009448255 0.9905517
0.015954023 0.984046
0.025542889 0.9744571
0.067426056 0.9325739
0.042998265 0.9570017
0.9954033 0.004596644
0.10131927 0.89868075
0.009347633 0.9906523
0.7986576 0.20134243
0.007156643 0.99284333
0.015598541 0.9844015
0.34863633 0.6513637
0.010412907 0.98958707
0.0021145088 0.9978855
0.019248312 0.98075175
0.0009669556 0.9990331
0.013571076 0.98642886
0.019732606 0.9802674
0.009875574 0.9901244
0.06201722 0.9379828
0.045958996 0.954041
1.673546e-10 1.0
1.8582502e-10 1.0
0.06775123 0.9322487
0.01354407 0.9864559
0.048308745 0.9516912
0.00678315 0.9932168
0.0037295953 0.9962704
7.437127e-08 0.9999999
0.00012912464 0.9998709
0.16099389 0.8390061
0.0044285967 0.99557143
0.03969445 0.9603056
0.56916994 0.43083006
0.08966742 0.91033256
0.022107376 0.9778926
0.0076666586 0.9923334
0.2097225 0.79027754
0.0004583136 0.99954176
0.0051613487 0.99483865
7.0343766e-08 0.9999999
0.06759692 0.9324031
0.075576656 0.9244233
0.013393561 0.9866064
0.0015473062 0.99845266
0.11934565 0.8806544
0.06503742 0.93496263
0.009365924 0.9906341
0.99753904 0.002460925
0.008231208 0.99176884
0.000574646 0.9994254
0.0034815855 0.9965184
0.33592537 0.66407466
0.018128054 0.9818719
0.02593873 0.9740613
0.008151636 0.99184835
0.06007195 0.93992805
0.00072606566 0.99927396
0.009406803 0.99059325
0.004218179 0.9957818
0.00018664156 0.9998134
0.0065829796 0.993417
0.47958547 0.5204145
0.0024239514 0.99757606
0.012309231 0.9876908
0.2776372 0.72236276
3.92402e-06 0.99999607
3.046927e-08 1.0
0.004154675 0.9958454
0.51019526 0.48980474
0.0426201 0.95737994
0.11619509 0.8838049
0.017113792 0.98288614
0.08728651 0.91271347
0.39716405 0.602836
0.0008905661 0.99910945
0.000981299 0.99901867
0.107593775 0.8924062
0.009279491 0.9907205
0.01173022 0.9882698
0.13439366 0.8656063
0.008200086 0.9917999
7.4241407e-06 0.9999926
0.44290262 0.55709743
0.015753139 0.98424685
0.79523593 0.20476407
0.118728034 0.881272
0.027537677 0.97246236
1.332236e-07 0.9999999
0.20799106 0.79200894
0.08515384 0.9148462
0.8147998 0.18520024
0.01092666 0.98907334
0.18245047 0.81754947
0.006415151 0.9935848
0.048647255 0.9513527
0.24380061 0.7561994
0.110233374 0.8897667
0.023472913 0.9765271
0.004395954 0.99560404
0.011947908 0.9880521
0.0042421655 0.9957579
0.19144937 0.80855066
0.011688762 0.98831123
0.9939511 0.0060488866
0.4727408 0.52725923
0.041600633 0.95839936
0.08351963 0.91648036
0.59751916 0.40248084
0.0670521 0.9329478
0.07184352 0.9281565
0.96212655 0.03787348
0.008823861 0.9911761
0.011944677 0.9880553
0.006517363 0.99348265
0.21452193 0.78547806
0.024676003 0.97532403
0.0034723696 0.9965276
0.012618948 0.9873811
0.99190676 0.00809329
0.24375485 0.7562452
0.11009487 0.88990515
0.036576893 0.96342313
0.08124816 0.9187519
1.6777848e-09 1.0
0.00029624335 0.9997037
0.030003952 0.96999604
0.009371464 0.99062854
0.9814051 0.018594895
0.66282403 0.337176
0.01973218 0.9802679
0.012381814 0.9876182
4.1571006e-05 0.9999584
0.06641271 0.9335873
0.07530677 0.9246932
0.0026490274 0.99735093
0.04072917 0.9592709
0.9802176 0.01978241
0.20703931 0.79296076
0.009377248 0.9906227
0.0019495228 0.99805045
0.071066715 0.9289333
0.02588061 0.9741194
0.056817364 0.94318265
0.00263067 0.9973693
0.8471856 0.15281445
0.0008788581 0.9991211
0.0072699464 0.9927301
0.030461354 0.9695386
0.7326953 0.26730466
0.07480966 0.9251903
0.0029592123 0.9970408
0.0024659636 0.99753404
0.093281746 0.90671825
0.000967092 0.999033
0.49786204 0.50213796
0.018999673 0.9810003
0.57260233 0.4273977
0.006249276 0.99375075
0.19585349 0.8041465
0.19778295 0.80221707
0.19028418 0.8097158
0.016467936 0.9835321
0.027008688 0.97299135
0.20184714 0.79815286
0.0014815488 0.9985184
0.0051468476 0.9948532
0.015415684 0.9845843
0.011905617 0.9880944
0.009584905 0.9904151
0.08914689 0.9108531
0.0015324864 0.9984675
0.0273034 0.97269654
0.56862205 0.431378
0.12197594 0.8780241
0.77197975 0.2280203
0.9699845 0.030015578
0.027608417 0.97239155
0.06487808 0.9351219
0.073018454 0.9269815
0.91129667 0.08870334
0.04420709 0.9557929
0.21512643 0.7848736
0.0022273213 0.99777263
0.0022049684 0.9977951
3.7033096e-06 0.9999963
0.025751993 0.97424805
0.35567117 0.6443288
0.0016759814 0.998324
0.019257722 0.9807422
0.0037452178 0.9962548
0.009090375 0.99090964
0.08951992 0.9104801
0.009705433 0.9902946
0.0011633338 0.9988367
0.14152558 0.8584744
0.9234793 0.07652065
0.0020085033 0.99799156
0.07741085 0.9225892
0.0011348278 0.99886525
0.07332436 0.9266756
0.15518898 0.84481096
0.028188013 0.97181195
0.006520325 0.9934797
0.20517768 0.79482234
0.0027526282 0.9972474
0.02127127 0.9787288
2.4647145e-06 0.9999975
0.012332301 0.9876676
0.009130804 0.99086916
0.080319494 0.9196805
0.0038393342 0.9961606
0.00022078585 0.9997793
1.4022521e-07 0.9999999
0.0018355105 0.9981645
0.0003939893 0.9996061
3.0825293e-05 0.9999691
0.0036670712 0.9963329
0.0057497965 0.9942502
0.30379176 0.6962083
0.09017757 0.9098224
0.0017495203 0.9982504
0.005959891 0.99404013
0.002968172 0.9970318
1.3777958e-05 0.9999862
0.9371862 0.062813856
0.0048701484 0.9951298
0.16022167 0.83977836
0.0485076 0.95149237
0.015106587 0.9848934
0.29016462 0.70983535
0.016690187 0.9833098
0.00046024908 0.99953973
0.89405304 0.105946936
0.18018775 0.8198123
0.0107532665 0.9892468
0.49138162 0.5086184
0.024711587 0.97528845
0.0039321766 0.99606776
0.9032771 0.09672287
0.0047549903 0.99524504
0.0076823607 0.9923177
0.10850013 0.8914999
0.012789459 0.9872105
0.0057152472 0.9942847
0.63934034 0.36065963
0.01869653 0.98130345
0.19998936 0.8000107
0.46536645 0.5346336
0.10776741 0.89223266
0.023705864 0.9762941
0.6309587 0.36904135
0.7724783 0.22752176
0.100561954 0.899438
0.086528175 0.9134718
0.84142065 0.15857936
0.8677357 0.13226432
0.00020558827 0.9997944
0.09948503 0.9005149
0.9531492 0.046850834
0.0032247917 0.9967752
0.89688593 0.103114046
0.09061443 0.90938556
0.030593198 0.96940684
0.095788285 0.9042117
2.695446e-06 0.99999726
0.78702813 0.21297182
0.028898153 0.9711019
0.0048093577 0.9951906
5.382038e-08 1.0
0.018468574 0.9815314
0.0005704935 0.9994295
1.0505714e-06 0.9999989
0.15647922 0.84352076
0.003318724 0.9966813
0.06359099 0.93640906
0.90244025 0.09755977
0.009233435 0.9907665
0.005598071 0.994402
0.0014317898 0.9985682
0.0018265567 0.9981735
0.31765774 0.6823423
0.02642476 0.9735753
0.0028579808 0.997142
0.02613367 0.97386634
0.021727754 0.9782722
0.007354657 0.9926454
0.9477137 0.05228627
0.0010509334 0.9989491
0.012686378 0.98731357
0.014194621 0.98580533
0.87206703 0.12793301
0.0018692199 0.99813074
0.7464323 0.25356767
0.004072233 0.99592775
0.0114444895 0.9885555
0.033059917 0.96694005
1.0307301e-06 0.9999989
0.06438193 0.9356181
0.96730864 0.032691352
0.9542657 0.04573437
0.9204151 0.07958491
0.99748456 0.002515375
0.99800533 0.0019946878
0.88764936 0.112350576
0.01043739 0.9895626
0.8844939 0.115506105
0.08020134 0.9197987
0.9279101 0.072089836
0.956881 0.043119043
0.99999964 3.5883232e-07
0.998979 0.0010210868
0.96513337 0.034866653
0.89131695 0.10868305
0.96860015 0.031399842
0.9929652 0.007034741
0.83336556 0.16663444
0.9801381 0.019861896
0.6184113 0.38158873
0.96298903 0.03701099
0.99820936 0.0017907005
0.9547653 0.04523467
0.25531152 0.7446885
0.9522842 0.047715817
0.9078338 0.092166126
0.99382013 0.006179906
0.25813437 0.7418656
0.99435365 0.005646362
0.9990546 0.0009454272
0.9958424 0.0041575604
0.9208981 0.0791019
0.70938647 0.29061353
0.9999962 3.8149337e-06
0.96908486 0.030915143
0.9966558 0.0033441652
0.98590547 0.014094591
0.9932346 0.006765427
0.06739235 0.93260765
0.9086009 0.09139905
0.91492134 0.08507867
0.9991316 0.00086834986
0.5885428 0.41145718
0.8120442 0.1879558
0.9035167 0.096483305
0.9017332 0.09826674
0.9848215 0.015178496
0.9908793 0.009120663
0.9782973 0.02170263
0.9398276 0.060172413
0.9295709 0.07042907
0.9953127 0.0046873386
0.97795576 0.022044247
0.9460348 0.053965185
0.98359376 0.01640625
0.6124846 0.38751546
0.20817164 0.7918284
0.68612117 0.31387877
0.99651104 0.0034889404
0.9997429 0.00025708685
0.9679184 0.032081623
0.9905083 0.009491675
0.93029296 0.06970706
0.9449736 0.05502646
0.9797339 0.020266106
0.954247 0.045753013
0.99749446 0.0025056195
0.98815876 0.0118412925
0.98084706 0.019152936
0.9068641 0.093135886
0.0031730174 0.99682695
0.98649013 0.013509863
0.87613 0.123870045
0.9998307 0.00016926932
0.9647866 0.035213456
0.9210076 0.078992434
0.49568242 0.5043176
0.998552 0.0014479595
0.9759177 0.024082297
0.99375993 0.0062401
0.95641 0.04359
0.83107066 0.16892935
0.19897412 0.80102587
0.9251292 0.07487085
0.97436553 0.025634427
0.99500644 0.004993482
0.9904991 0.009500977
0.961394 0.038606014
0.68963313 0.31036687
0.99999964 3.2082133e-07
0.37519026 0.62480974
0.9985575 0.0014425438
0.7091965 0.29080352
0.07026551 0.9297345
0.9997069 0.00029309525
0.78738254 0.21261753
0.93394935 0.0660506
0.90793574 0.09206422
0.9983181 0.0016819936
0.99997866 2.1285392e-05
0.492644 0.507356
0.99615073 0.003849316
0.11000312 0.8899969
0.99813616 0.0018638658
0.9984195 0.0015804749
0.8799581 0.12004188
0.3067024 0.6932976
0.7411721 0.2588279
0.9895174 0.010482645
0.4167391 0.5832609
0.9519329 0.04806704
0.9898168 0.010183217
0.5894479 0.4105521
0.8762417 0.1237583
0.8299828 0.17001717
0.91739595 0.082604066
0.99716187 0.0028382097
0.9003853 0.099614725
0.79873407 0.20126595
0.99828655 0.0017133956
0.92965704 0.07034296
0.24692586 0.7530741
0.8571539 0.1428461
0.9505975 0.04940249
0.84876734 0.15123267
0.77199715 0.22800286
0.060200877 0.9397991
0.92212903 0.077870965
0.99605465 0.003945375
0.99999833 1.6316078e-06
0.98910123 0.01089876
0.9988148 0.001185206
0.054932218 0.9450678
0.96245325 0.037546694
0.9977514 0.0022486357
0.9942076 0.00579231
0.9957027 0.004297296
0.93473196 0.06526802
0.070625074 0.92937493
0.99003184 0.009968151
0.9788921 0.021107893
0.9838324 0.01616751
0.99993944 6.058874e-05
0.99763715 0.002362816
0.06184812 0.9381519
0.97799915 0.02200081
0.99926156 0.00073839654
0.927002 0.07299804
0.9463422 0.053657793
0.8837345 0.116265506
0.88892823 0.11107174
0.8615538 0.13844624
0.9668787 0.03312128
0.97853094 0.02146907
0.9747406 0.02525935
0.8045613 0.19543873
0.81802934 0.1819706
0.9643886 0.03561144
0.9091797 0.090820365
0.93435526 0.06564472
1.0 1.0217088e-08
0.75414723 0.24585278
0.9508655 0.049134485
0.9806488 0.019351263
0.95844954 0.041550446
0.99999964 3.563796e-07
0.9903403 0.009659764
0.71885526 0.28114477
0.97269285 0.027307214
0.9851773 0.014822755
0.9923807 0.0076193134
0.8466824 0.1533176
0.8834567 0.11654323
0.48240015 0.5175999
0.71759117 0.2824088
0.86662334 0.13337663
0.99518186 0.004818109
0.9806768 0.019323193
0.9999933 6.667743e-06
0.9003594 0.09964057
0.9402001 0.05979995
0.99976975 0.00023022798
0.6429557 0.35704428
0.996736 0.0032639415
0.9052949 0.09470509
0.9632144 0.0367856
0.7044865 0.2955135
0.95906764 0.040932395
0.016604433 0.9833956
0.9900383 0.009961787
0.99798393 0.0020160924
0.9898477 0.010152296
0.98166025 0.018339748
0.9060369 0.093963034
0.84696686 0.15303317
0.95035934 0.04964067
0.9131696 0.0868304
0.998259 0.0017409878
0.6998701 0.3001299
0.8629806 0.13701944
0.9073686 0.09263146
0.9529243 0.047075626
0.99647444 0.0035255132
0.9589771 0.04102289
0.99900573 0.0009942846
0.8558701 0.14412987
0.99622774 0.0037722476
0.9963056 0.003694436
0.9344396 0.06556042
0.90891546 0.0910845
0.9043901 0.09560985
0.9761982 0.023801727
0.383492 0.616508
0.9884918 0.011508248
0.96530515 0.034694806
0.99200726 0.007992674
0.9975987 0.0024012348
0.9876017 0.012398237
0.9627374 0.037262645
0.9985885 0.0014114534
0.997743 0.0022570472
0.11277867 0.8872214
0.9984529 0.001547134
0.9961408 0.003859215
0.9716581 0.028341873
0.951131 0.048869025
0.912875 0.08712502
0.97967887 0.020321107
0.94807386 0.05192612
0.8790993 0.12090074
0.46312177 0.5368783
0.9802474 0.019752614
0.97244024 0.02755979
0.9670176 0.032982416
0.91900754 0.08099243
0.38546365 0.61453635
0.29229632 0.7077037
0.86074615 0.13925385
0.9493987 0.050601296
0.35282663 0.64717335
0.93594676 0.06405329
0.99457693 0.005423032
0.9782694 0.021730654
0.94902825 0.05097174
0.894041 0.10595899
0.6914206 0.3085794
0.99845994 0.0015400773
0.9238901 0.07610987
0.91075855 0.08924149
0.78242856 0.21757145
0.9998196 0.00018042342
0.015783634 0.9842164
0.81734216 0.18265791
0.96787673 0.032123294
0.8398688 0.16013116
0.99266136 0.00733865
0.99562377 0.0043763076
0.35704532 0.6429547
0.9986916 0.0013084525
0.99327725 0.0067227664
0.90194947 0.098050565
0.99095225 0.00904771
0.9999099 9.0114045e-05
0.91613936 0.083860636
0.992607 0.0073930277
0.77827376 0.22172625
0.7510406 0.24895938
0.038244464 0.9617556
0.9660324 0.03396755
0.9999993 7.3309496e-07
0.998086 0.001914091
0.91738313 0.082616895
0.0018475341 0.99815243
0.81045985 0.18954016
0.9444382 0.055561814
0.87108105 0.12891899
0.8464781 0.15352191
0.85577685 0.14422311
0.87353253 0.12646744
0.99759287 0.0024071604
0.9636882 0.03631175
0.7085924 0.29140761
0.9914498 0.008550169
0.10581371 0.89418626
0.19611846 0.8038815
0.989799 0.010201041
0.90860546 0.091394514
0.98769915 0.012300827
0.99981946 0.00018056798
0.8207346 0.17926537
0.9962676 0.0037324617
0.9340996 0.065900385
0.9386342 0.061365813
0.9600945 0.03990543
0.8791218 0.120878294
0.9999999 1.345832e-07
0.97043085 0.029569173
0.998679 0.0013209757
0.9699249 0.030075138
0.9596426 0.040357403
0.9786687 0.021331297
0.97183096 0.028169027
0.9042804 0.095719606
0.9750259 0.024974113
0.9992386 0.0007614503
0.98810136 0.011898607
0.9999962 3.8137223e-06
0.91043097 0.08956903
0.7726139 0.22738615
0.85287267 0.14712738
0.975159 0.024841012
0.9983146 0.0016854465
0.9374398 0.06256021
0.99992096 7.902515e-05
0.9475879 0.05241207
0.9628964 0.03710362
0.973465 0.026535034
0.90932643 0.09067363
0.9971353 0.0028647087
0.91455483 0.08544515
0.8665308 0.13346921
0.8770967 0.12290327
0.8419447 0.15805535
0.9929395 0.007060505
0.98209023 0.017909829
0.96964407 0.030355966
0.9984646 0.0015354663
0.9838935 0.016106555
0.99992394 7.6032185e-05
0.9258579 0.07414205
0.8474206 0.15257937
0.41197664 0.5880233
0.916659 0.083340935
0.990923 0.009077035
0.96694636 0.033053577
0.9980406 0.001959409
0.97112286 0.028877096
0.99797696 0.0020230648
0.94484967 0.05515034
0.99992526 7.4723706e-05
0.096949525 0.9030504
0.9171878 0.08281215
0.75615025 0.24384977
0.93020386 0.06979622
0.93468195 0.065318055
0.46415797 0.5358421
0.99986625 0.00013375438
0.9491389 0.05086116
0.056127373 0.9438727
0.9958157 0.004184276
0.88082165 0.11917834
0.9963219 0.0036781493
0.9965391 0.0034609179
0.515178 0.484822
0.80144393 0.19855604
0.96979403 0.030205924
0.973809 0.026190987
0.975927 0.024073021
0.9996855 0.00031453362
0.99969876 0.00030127916
0.88804704 0.11195294
0.9385231 0.061476886
0.9893133 0.010686677
0.9238551 0.076144956
0.99700195 0.002998068
0.8641482 0.13585186
0.9857034 0.014296602
0.99546164 0.0045383177
0.9702064 0.029793603
0.98575324 0.014246761
0.5080091 0.4919909
0.86025643 0.1397436
0.884682 0.115318
0.99706346 0.002936568
0.96727383 0.032726094
0.5085702 0.49142978
0.6542387 0.34576136
0.92477936 0.075220585
0.95251274 0.047487263
0.9476849 0.05231512
0.99362046 0.006379513
0.93995017 0.060049832
0.9627175 0.03728257
0.99832577 0.0016741776
0.989553 0.010447033
0.9854043 0.0145957405
0.9764364 0.023563562
0.9361336 0.06386641
0.99902403 0.00097597926
0.992358 0.007641909
0.99926025 0.0007396825
0.99480444 0.005195523
0.78631896 0.21368103
0.72180086 0.2781991
0.9999999 7.202868e-08
0.95597446 0.044025578
0.9774507 0.022549326
0.96457976 0.035420254
0.9996074 0.00039264004
0.4797491 0.5202509
0.9989857 0.0010143308
0.9976036 0.0023963933
0.9798852 0.020114852
0.99823016 0.0017698962
0.9986237 0.0013762676
0.9941691 0.0058309427
0.99588025 0.00411978
0.95587367 0.04412627
0.9658045 0.034195494
0.845924 0.154076
0.9810512 0.018948825
0.91300803 0.086991996
0.80864877 0.19135122
0.7192308 0.2807692
0.99605185 0.003948125
0.9838976 0.016102321
0.96168137 0.038318634
0.889209 0.110791005
0.9992225 0.0007774686
0.9357547 0.064245276
0.9835618 0.01643812
0.9972479 0.0027521136
0.99812096 0.0018790335
0.9104853 0.08951464
0.9729793 0.027020745
0.99697196 0.0030280338
0.964043 0.035956983
0.96362025 0.03637979
0.98423475 0.015765298
0.96900505 0.03099496
0.850687 0.14931299
0.37708312 0.62291694
0.9571203 0.042879734
0.99599624 0.004003703
0.9519304 0.048069566
0.95632833 0.04367168
0.63147366 0.36852634
0.97878015 0.021219859
0.9847125 0.01528753
0.88837624 0.111623734
0.029900828 0.9700992
0.9879166 0.012083469
0.99788886 0.0021111018
0.904356 0.095644
0.9329513 0.06704876
0.9337765 0.06622349
0.9982963 0.0017037385
0.999884 0.00011602972
0.99854624 0.0014537805
0.99774456 0.0022555154
0.97395396 0.02604607
0.9691423 0.030857727
0.9416409 0.058359087
0.8187785 0.18122144
0.86675113 0.13324884
0.64581466 0.3541853
0.8166235 0.18337655
0.9631478 0.03685219
0.99982446 0.00017554779
0.88140917 0.11859084
0.97730803 0.022691987
0.9846165 0.015383503
0.8947095 0.10529044
0.99999964 3.3108486e-07
0.67932844 0.32067153
0.8492971 0.15070291
0.99433434 0.005665692
0.89531094 0.104689024
0.92330164 0.076698355
0.99999976 2.602053e-07
0.87541515 0.12458481
0.99401045 0.005989632
0.98293674 0.017063271
0.99996066 3.936923e-05
0.9198224 0.08017758
0.8846374 0.11536258
0.8514626 0.14853732
0.93362087 0.066379085
0.87144834 0.12855165
0.9977538 0.0022462073
0.17162031 0.82837963
0.9977888 0.002211217
0.97944367 0.020556336
0.42342806 0.57657194
0.289022 0.71097803
0.9993887 0.00061126164
0.8615896 0.13841037
0.9999634 3.6569374e-05
0.9085893 0.091410734
0.9713198 0.028680267
0.9833371 0.016662851
0.8604532 0.1395468
0.86653286 0.13346712
0.55293596 0.44706404
0.98932403 0.01067598
0.9979194 0.0020806359
0.99747807 0.0025218786
0.98226845 0.01773153
0.9995678 0.00043224028
0.9822119 0.017788172
0.93844837 0.06155165
0.7467808 0.25321925
0.93949354 0.06050653
0.961613 0.03838705
1.0 3.434801e-08
0.687028 0.31297198
0.95717716 0.04282286
0.92980886 0.070191145
0.9628016 0.037198376
0.9515765 0.048423577
0.7324437 0.26755634
0.9983333 0.0016666932
0.9882118 0.011788182
0.9855664 0.014433573
0.98502976 0.014970201
0.9664614 0.03353852
0.960293 0.039706975
0.85641587 0.14358416
0.97111267 0.028887386
0.43080756 0.56919247
0.9895738 0.010426232
0.624587 0.37541303
0.4768446 0.5231554
0.9931196 0.006880437
0.92173046 0.07826951
0.9855483 0.014451662
0.9593512 0.040648818
0.9987061 0.0012938534
0.9714882 0.028511828
0.7437888 0.25621122
0.8099779 0.19002211
0.9645423 0.03545775
0.9543143 0.04568569
0.9605688 0.03943122
0.96456635 0.0354336
0.8828426 0.11715741
0.9722207 0.027779317
0.99876595 0.001234113
0.9274306 0.072569415
0.896091 0.10390897
0.97063047 0.029369462
0.76934767 0.23065229
0.9739958 0.026004188
0.6535513 0.3464487
0.9969459 0.0030541169
0.9294597 0.07054035
0.9508551 0.04914496
0.8771329 0.122867025
0.9887123 0.011287637
0.8843627 0.11563737
0.8844022 0.115597844
0.86614746 0.13385253
0.9284388 0.07156124
0.9940984 0.0059015695
0.9304407 0.06955924
0.9997054 0.00029460862
0.18197605 0.8180239
0.95522565 0.044774387
0.9938554 0.0061445446
0.9806302 0.019369733
0.96743125 0.03256878
0.42465827 0.57534176
0.35284927 0.64715075
0.8985032 0.101496786
0.98970836 0.010291584
0.96923167 0.030768383
0.9191185 0.080881484
0.99999917 7.8081763e-07
0.98082227 0.01917773
0.847366 0.15263401
0.055965476 0.9440346
0.985508 0.014491902
0.6627827 0.3372173
0.99726236 0.0027376448
0.67511773 0.32488224
0.86905164 0.1309483
0.89768004 0.10231995
0.24193238 0.7580676
0.7994475 0.20055252
0.0010996264 0.9989004
0.98284954 0.01715052
0.9463283 0.05367167
0.9883106 0.011689434
0.29555225 0.7044478
0.9960343 0.0039657345
0.88698995 0.11301005
0.99431807 0.0056819534
0.9710888 0.028911155
0.9739605 0.02603949
0.95329165 0.04670834
0.9954529 0.004547128
0.97298175 0.027018243
0.9782907 0.021709273
0.9872442 0.012755831
0.6995725 0.30042753
0.94833744 0.051662505
0.97932476 0.020675205
0.09025405 0.90974593
0.8740643 0.12593564
0.94790304 0.05209704
0.8800458 0.119954236
0.8996659 0.100334115
0.9923483 0.007651661
0.9225471 0.077452965
0.98306745 0.016932573
0.9998441 0.00015592288
0.9961797 0.0038203222
0.98377764 0.016222334
0.9685939 0.031406123
0.9780739 0.0219261
0.994549 0.005451001
0.91724277 0.082757205
0.9968797 0.0031203125
0.88013 0.11987
0.9997887 0.00021136437
0.9498913 0.050108638
0.9400575 0.0599425
0.50233376 0.49766618
0.9905346 0.0094653405
0.8163971 0.18360297
0.99998116 1.8845185e-05
0.99958295 0.00041701988
0.28328088 0.7167191
0.9709099 0.029090084
0.9726141 0.027385898
0.9372825 0.06271754
0.9956963 0.0043036807
0.99999774 2.3090545e-06
0.9810606 0.018939413
0.92197883 0.078021094
0.87423277 0.12576726
0.9890394 0.0109606
0.7953876 0.20461236
0.9564828 0.043517165
0.99919003 0.0008099983
0.9995776 0.0004224032
0.89066917 0.10933082
0.99981755 0.00018246245
0.15205428 0.8479457
0.8873048 0.11269518
0.93586904 0.06413097
0.66930753 0.33069247
0.9736266 0.026373396
0.95522875 0.044771276
0.8947046 0.105295405
0.8907434 0.109256595
0.9088347 0.09116533
0.042176515 0.95782346
0.9385727 0.061427344
0.9928451 0.0071549327
0.8593022 0.14069776
0.9963727 0.003627275
0.9955837 0.0044162837
0.14092635 0.8590737
0.9999887 1.1331338e-05
0.9494679 0.050532028
0.9355344 0.06446554
0.40814456 0.5918554
0.98517054 0.01482942
1.0 4.0279564e-11
0.83899254 0.16100752
0.99998534 1.46888315e-05
0.94459826 0.055401698
0.99605453 0.0039454666
0.95717794 0.042822078
0.99911445 0.00088559475
0.8596061 0.14039387
0.7499503 0.25004965
0.5097518 0.4902482
0.033643477 0.9663566
0.99944276 0.00055721554
0.59429467 0.40570533
0.9999355 6.4496555e-05
1.0 4.2528995e-08
0.9938579 0.0061420873
0.75711733 0.24288265
0.94244725 0.057552706
0.9799728 0.020027243
0.87233037 0.12766966
0.9990933 0.00090670824
0.93003696 0.06996308
0.99986434 0.0001356048
0.74328125 0.25671872
0.98011154 0.019888485
0.8369895 0.16301048
0.99609226 0.0039077178
0.8567231 0.14327686
0.9554886 0.04451144
0.8102282 0.18977176
0.9994166 0.0005834659
0.98213905 0.017860888
0.9601682 0.03983181
0.98082316 0.019176843
0.59914035 0.4008597
0.7746675 0.22533244
0.9254911 0.07450885
0.9855076 0.014492434
0.9954353 0.0045646443
0.49313784 0.5068622
0.95419186 0.04580812
0.8689278 0.13107216
0.9309646 0.06903545
0.72016054 0.27983943
0.9989753 0.001024771
0.99999976 2.9298863e-07
0.99407816 0.005921824
0.97354794 0.02645205
0.9806521 0.019347932
0.9496264 0.05037362
0.96729046 0.032709517
0.95379424 0.04620576
0.9186854 0.081314646
0.95329726 0.046702724
0.8950831 0.10491692
0.9388286 0.061171427
0.99732554 0.0026744376
0.79512465 0.20487535
0.99947244 0.0005275805
0.7406816 0.25931838
0.9582141 0.041785866
0.97626024 0.023739764
0.9908057 0.009194275
0.04384751 0.9561525
0.9560638 0.043936215
0.99902487 0.0009751697
0.99936837 0.0006316973
0.99993765 6.238798e-05
0.9997627 0.0002373036
0.9990608 0.0009391955
0.97482115 0.025178853
0.9635733 0.036426753
0.9984427 0.0015572669
0.9959046 0.0040954617
0.9428421 0.057157803
0.56349593 0.43650407
0.6681444 0.3318556
0.93744475 0.06255529
0.8274399 0.1725601
0.99756396 0.002435999
0.918516 0.08148403
0.8854089 0.11459118
0.7848081 0.21519192
0.60498285 0.39501718
0.5834226 0.41657743
0.96447253 0.03552751
0.9529294 0.047070622
0.9642473 0.03575278
0.9998677 0.00013230338
0.44227606 0.557724
0.9821223 0.017877657
0.059752163 0.94024783
0.6206517 0.3793483
0.99999964 3.568605e-07
0.41644457 0.5835554
0.8092638 0.19073614
0.8868876 0.11311236
0.95953083 0.04046913
0.18713082 0.81286913
0.9973822 0.0026177408
0.9470284 0.05297163
0.9992418 0.0007582205
0.85974616 0.1402538
0.9811473 0.01885274
0.93425393 0.065746136
1.0 1.5478259e-08
0.8263764 0.17362358
0.9999963 3.659348e-06
0.106799036 0.893201
0.99560475 0.0043952675
1.0 1.977022e-10
0.9790799 0.020920109
0.8633181 0.13668187
1.0 5.0204108e-08
0.94594145 0.054058485
0.3417023 0.6582977
0.9414718 0.05852814
0.94846255 0.051537417
0.1338675 0.86613244
0.9472735 0.052726474
0.35004142 0.6499586
0.99993324 6.67465e-05
0.924681 0.07531905
0.8114061 0.18859398
0.8816476 0.11835243
0.91716754 0.08283248
0.9971623 0.002837717
0.8933139 0.10668604
0.6800906 0.31990942
0.8486667 0.15133329
0.8412518 0.15874824
0.9958252 0.0041749068
0.99623615 0.0037639316
0.9585682 0.041431714
0.99997807 2.1930473e-05
0.9677219 0.03227818
0.94154835 0.05845174
0.962737 0.037262976
0.30898413 0.6910159
0.908772 0.091228046
0.84458727 0.15541273
0.9988778 0.0011221584
0.9809123 0.01908774
0.99605966 0.003940426
0.95130086 0.0486992
0.9918914 0.008108593
0.98389626 0.016103698
0.49884808 0.5011519
0.9087371 0.091262884
0.9864139 0.013586021
0.99942636 0.00057370664
0.9810363 0.018963713
0.84596497 0.15403506
0.99291706 0.007082975
0.99993134 6.865843e-05
0.96444017 0.035559837
0.8748136 0.12518632
0.9659007 0.034099296
0.95841765 0.041582335
0.8762011 0.12379897
0.9985061 0.001493874
0.9984736 0.0015263748
0.18345425 0.8165457
0.9692211 0.030778805
0.92416877 0.07583121
0.94240236 0.057597656
0.71157664 0.28842336
0.9357404 0.06425956
0.9479208 0.05207924
0.9791972 0.02080286
0.9538588 0.046141237
0.9328084 0.067191646
0.8894372 0.110562764
0.9946614 0.005338625
0.99924445 0.0007555698
0.9663146 0.03368539
0.8756094 0.12439056
0.3891883 0.6108117
1.0 4.4224002e-08
0.91004497 0.08995499
0.9241998 0.0758002
0.9999974 2.6488635e-06
0.99355465 0.006445289
0.99993575 6.428091e-05
0.76683104 0.23316894
0.9257915 0.0742085
0.94043535 0.059564717
0.06542744 0.9345725
0.9952663 0.004733668
0.9787707 0.021229342
0.9996499 0.000350115
0.91392314 0.08607692
0.997827 0.0021730112
0.99943596 0.00056396576
