0.1532016 0.8467984
0.0002761658 0.99972385
0.35704595 0.6429541
0.27724907 0.72275096
2.1438298e-06 0.99999785
3.7987093e-07 0.99999964
0.0050859544 0.99491405
0.02288162 0.9771184
0.88674074 0.11325927
6.641292e-05 0.9999336
0.03698177 0.96301824
7.042147e-09 1.0
0.0003044751 0.99969554
5.092726e-05 0.9999491
0.0 1.0
0.00031220182 0.9996878
0.0010251948 0.9989748
0.0055358415 0.9944641
0.08924906 0.9107509
4.2588214e-05 0.99995744
0.014525733 0.9854742
5.7985377e-09 1.0
2.0822368e-05 0.99997914
0.002574677 0.9974253
0.032063697 0.9679363
0.007418233 0.9925817
0.1198851 0.880115
0.0010826942 0.99891734
0.002517587 0.9974825
0.0016581228 0.9983419
5.887697e-05 0.9999411
0.046251647 0.9537484
1.5038747e-06 0.99999845
0.035207286 0.96479267
0.623201 0.37679896
4.0129784e-08 1.0
0.00011343506 0.9998865
5.8040953e-08 1.0
0.057849336 0.94215065
8.73068e-05 0.99991274
0.121290565 0.8787094
0.015776452 0.98422354
0.17622869 0.8237713
0.05174621 0.9482538
8.5363254e-08 0.9999999
2.852266e-17 1.0
0.0040831165 0.9959169
0.0009888211 0.99901116
0.42453793 0.5754621
0.7147202 0.28527975
0.089474745 0.91052526
2.420642e-12 1.0
0.15166992 0.84833014
0.0012791661 0.9987208
0.09937675 0.9006232
0.06874958 0.93125045
1.0438556e-07 0.9999999
0.002354629 0.9976453
3.436021e-11 1.0
0.17833833 0.8216617
0.027635826 0.9723642
0.00059148733 0.9994085
0.17997779 0.8200223
0.89611894 0.10388105
7.127689e-08 0.9999999
0.3442244 0.6557756
0.0119961435 0.98800385
0.60057414 0.3994259
0.007979181 0.9920208
0.013674536 0.98632544
0.000540585 0.99945945
0.30356067 0.6964393
0.21632053 0.7836794
1.8578074e-06 0.9999981
0.006350746 0.9936493
0.36656377 0.63343626
0.06894859 0.9310515
0.020628275 0.9793717
0.001434676 0.9985654
0.3831176 0.61688244
5.3261188e-06 0.99999464
0.12014117 0.87985885
0.056159344 0.9438406
0.4580165 0.5419834
0.026034253 0.9739657
0.36888683 0.6311131
0.132011 0.86798906
0.007915533 0.9920845
0.0010032739 0.9989967
0.084710576 0.9152894
9.355399e-05 0.9999064
1.4198445e-05 0.9999858
1.9204225e-09 1.0
0.049100164 0.9508998
0.12794064 0.8720593
0.36937097 0.630629
5.850059e-17 1.0
0.041470613 0.95852935
0.95134324 0.048656773
0.00012889018 0.99987113
7.6282547e-10 1.0
0.047142297 0.95285773
0.042815845 0.9571842
0.7116621 0.28833792
0.112450555 0.88754946
6.847105e-06 0.9999932
0.0005668397 0.9994331
0.00053304463 0.99946696
0.012276969 0.987723
0.97832835 0.02167169
0.27604955 0.72395045
2.039194e-08 1.0
0.0094522955 0.9905477
0.014900491 0.9850995
0.044601113 0.9553989
0.0013828453 0.9986172
1.0258387e-08 1.0
0.2926888 0.7073112
0.96090496 0.03909503
5.5003416e-06 0.9999945
0.00022213173 0.99977785
0.010591426 0.9894086
0.97114605 0.028853904
0.030421969 0.969578
0.09526135 0.9047386
0.085920565 0.9140795
8.240525e-05 0.9999176
0.07134508 0.92865497
0.47211683 0.52788323
0.9663649 0.03363503
3.1320906e-07 0.99999964
0.012662548 0.9873375
0.036250204 0.96374977
0.017506834 0.98249316
5.7413537e-05 0.99994254
2.8853952e-07 0.99999976
0.00077151705 0.9992285
4.94633e-06 0.9999951
2.3467443e-05 0.9999765
0.00039309173 0.9996069
0.17970333 0.82029665
0.00062210625 0.99937785
0.71705496 0.282945
0.0689319 0.9310681
0.010899171 0.9891009
0.007687779 0.99231225
0.032705482 0.9672945
0.005127444 0.9948725
0.0014133501 0.99858665
0.9593465 0.040653482
0.004591836 0.9954081
0.05757408 0.94242597
0.010049883 0.9899502
0.67022467 0.32977533
0.11249037 0.88750964
0.0002745392 0.9997254
0.09698907 0.90301096
0.00014447475 0.9998555
0.821398 0.17860195
0.03953715 0.96046287
0.004077067 0.9959229
0.8605817 0.13941832
0.25278777 0.74721223
0.9330552 0.066944756
0.0007412731 0.9992587
0.329975 0.670025
0.47221613 0.5277839
0.044189155 0.95581084
0.002630918 0.99736905
0.69034743 0.30965248
0.11226625 0.88773376
0.024081161 0.9759188
0.48430154 0.51569843
0.028145371 0.9718546
0.00054266554 0.9994573
0.0013587213 0.9986413
0.776746 0.22325404
2.5306398e-12 1.0
0.05913661 0.9408634
0.8550634 0.14493655
0.0122166285 0.9877834
0.024565326 0.9754346
0.24204165 0.7579583
0.00289512 0.9971048
0.037174407 0.96282554
0.00096464134 0.99903536
0.860651 0.139349
0.0034051146 0.99659485
0.08483677 0.9151633
0.03460436 0.96539557
4.6837792e-07 0.9999995
0.44433936 0.5556606
0.8433549 0.15664515
4.18145e-08 1.0
0.6505108 0.34948918
0.0014940874 0.99850595
0.19810893 0.801891
0.028569171 0.9714308
0.01381636 0.98618364
0.009223687 0.99077636
0.02357873 0.9764213
0.04394062 0.95605934
1.3662684e-05 0.9999863
0.71674913 0.28325093
0.19525945 0.8047406
0.95577276 0.04422723
0.00076880236 0.9992312
0.034808412 0.96519166
0.030581096 0.96941894
0.6506873 0.3493128
4.7006508e-26 1.0
0.08275793 0.91724205
0.0011574004 0.9988426
0.0010640849 0.9989359
1.4741427e-05 0.9999852
0.036914 0.963086
0.073642865 0.9263571
0.38512555 0.6148745
0.017524574 0.9824754
0.028445182 0.97155476
0.09249872 0.9075013
0.00012820742 0.99987173
0.27724907 0.72275084
0.004778115 0.9952219
0.0024605773 0.9975394
0.7273975 0.27260247
0.013160563 0.9868395
0.011414734 0.9885853
0.0001274393 0.99987257
0.0 1.0
0.9582159 0.041784164
0.00052812987 0.99947184
0.036701694 0.9632983
2.908979e-08 1.0
0.026060497 0.9739395
0.08495404 0.915046
0.14528894 0.85471106
0.2859843 0.7140157
0.0048017 0.9951983
0.054930035 0.9450699
4.0026833e-11 1.0
9.94643e-05 0.9999006
0.03235504 0.96764493
0.11607911 0.88392085
0.020703573 0.9792964
0.028772844 0.9712271
0.44544932 0.55455065
0.68133426 0.31866568
0.00053213397 0.9994679
0.0018863776 0.99811363
0.0 1.0
0.021641467 0.9783585
0.074658096 0.92534184
0.0040578013 0.9959422
5.706326e-11 1.0
0.17311804 0.82688195
0.025835656 0.9741643
6.311997e-05 0.9999368
0.4902992 0.50970083
1.3511807e-09 1.0
0.6990621 0.30093792
0.42714226 0.57285774
0.4157616 0.58423835
0.0006370831 0.9993629
0.061380945 0.938619
0.00021203895 0.999788
0.040989198 0.95901084
0.8026273 0.19737272
0.7062304 0.29376963
0.9215198 0.078480184
0.095045105 0.9049549
0.46276122 0.5372388
0.054581825 0.9454181
0.007855004 0.992145
0.0019965675 0.9980034
0.0571452 0.94285476
0.005416597 0.9945834
0.023183106 0.97681695
0.012171797 0.98782814
6.966527e-07 0.9999993
0.0072578425 0.9927422
0.00044867772 0.99955136
0.0038256044 0.99617434
0.9017093 0.098290704
0.24488394 0.75511605
0.004496484 0.9955035
0.025979966 0.97402
0.017340789 0.9826592
0.0074854433 0.99251455
0.09968769 0.90031236
0.52092683 0.47907314
0.026159938 0.9738401
0.24901807 0.7509819
0.113599785 0.8864002
0.007881126 0.99211884
0.0064973375 0.9935027
0.0004260342 0.999574
0.15051608 0.8494839
0.012288921 0.987711
0.0035241952 0.99647576
0.14921606 0.85078394
0.062599175 0.9374008
0.84451306 0.15548694
0.025376713 0.97462326
0.0075100055 0.99249
0.06568186 0.9343181
0.042165942 0.95783406
5.9611524e-05 0.9999404
0.043156426 0.95684355
2.351436e-15 1.0
0.022529852 0.97747016
8.049723e-08 0.9999999
0.9474573 0.05254269
0.07704697 0.922953
0.27724907 0.72275096
1.8381943e-05 0.99998164
0.0062003024 0.99379975
3.7471998e-11 1.0
0.037317857 0.9626821
0.04330975 0.9566902
0.0046259444 0.995374
0.034701243 0.9652987
0.22431731 0.7756827
0.003747779 0.99625224
0.48265308 0.51734686
0.006629509 0.99337053
0.035242002 0.964758
0.0001512652 0.9998487
0.0054101623 0.9945898
0.0532011 0.9467989
4.379539e-05 0.99995625
1.0116063e-15 1.0
6.559293e-05 0.99993443
0.2012597 0.7987402
0.0025868767 0.9974131
0.0364105 0.96358943
0.0008742719 0.9991258
0.16044107 0.8395589
1.9363736e-06 0.9999981
0.19714084 0.8028591
0.026071317 0.97392863
0.02747896 0.97252107
0.015996847 0.9840031
0.0 1.0
0.8907063 0.109293625
0.15638149 0.8436186
0.074703075 0.92529696
0.14939635 0.85060364
0.0016328637 0.99836713
0.0 1.0
0.010362493 0.9896375
0.0029225477 0.99707747
0.00013233908 0.9998677
0.46023437 0.53976566
8.405984e-07 0.99999917
0.0035544373 0.9964456
0.3621103 0.6378897
2.9518043e-07 0.99999976
0.03447401 0.96552604
0.015342138 0.98465794
0.007313609 0.9926864
8.9450674e-07 0.99999905
7.512646e-05 0.9999249
0.04119256 0.9588074
0.03639342 0.9636066
0.03365987 0.9663401
1.2668311e-08 1.0
0.058912717 0.94108725
0.014543681 0.9854563
9.3983145e-18 1.0
0.25259134 0.7474086
0.27724907 0.72275096
0.024167709 0.97583234
0.008244956 0.991755
0.007278568 0.9927214
0.33343726 0.66656274
1.3137667e-10 1.0
0.002124304 0.9978757
0.0408024 0.9591976
0.0024714582 0.9975286
0.4199347 0.5800653
0.031040087 0.9689599
0.051429562 0.9485705
0.08452164 0.91547835
0.4910826 0.50891745
0.004469753 0.9955303
4.4657142e-08 1.0
0.19770636 0.8022936
0.0033051858 0.9966948
2.7437603e-05 0.9999726
9.055923e-06 0.99999094
0.00014344591 0.9998566
4.571099e-09 1.0
0.5134814 0.4865186
0.03884664 0.9611533
2.0794499e-07 0.99999976
0.3300936 0.6699064
0.0015957761 0.9984042
7.5088497e-16 1.0
0.7775714 0.22242859
0.00042485018 0.9995752
0.27724907 0.72275096
0.19552226 0.80447775
0.0018483083 0.9981517
0.012938687 0.9870613
0.042114235 0.95788574
0.41305012 0.5869499
0.037342463 0.9626575
0.00367305 0.996327
0.058204398 0.9417956
0.0022866172 0.99771345
9.176453e-22 1.0
0.00089567277 0.9991043
0.4342687 0.56573135
0.8892884 0.110711545
1.9935412e-08 1.0
0.06221619 0.9377838
1.6699605e-08 1.0
0.05124923 0.9487508
0.22884816 0.77115184
0.059781924 0.9402181
0.13273247 0.86726755
0.052533977 0.94746596
0.00547904 0.9945209
0.85999286 0.14000714
0.94480044 0.05519956
0.003710659 0.9962894
0.06785254 0.9321474
0.021530204 0.9784697
0.04518033 0.9548196
0.0052190484 0.99478096
0.50454074 0.49545935
0.11986854 0.8801315
0.14612368 0.8538763
0.7934981 0.2065019
0.32058913 0.6794109
8.604905e-05 0.99991393
0.0035970942 0.99640286
0.8749121 0.12508795
0.00029539893 0.99970454
8.139872e-07 0.99999917
0.0041462695 0.9958538
0.0 1.0
0.07021569 0.9297843
3.7522875e-06 0.9999963
0.9056427 0.09435733
0.020190947 0.9798091
0.05672662 0.9432734
0.0076261056 0.9923739
0.0054859202 0.9945141
0.052172583 0.9478274
4.3006457e-05 0.99995697
0.2747474 0.72525257
0.03667711 0.9633229
0.8950795 0.1049205
0.00018165281 0.9998184
0.00094317837 0.9990569
0.99893504 0.0010650008
0.32595974 0.6740403
0.9460565 0.053943526
5.1329307e-06 0.9999949
0.15354411 0.8464559
0.08226719 0.9177328
0.0024706235 0.99752945
8.7928995e-05 0.999912
0.0 1.0
0.12796803 0.87203205
0.008447743 0.99155223
0.9990952 0.0009048407
0.023551732 0.97644824
0.034383282 0.9656167
0.050163954 0.949836
0.040245097 0.9597549
0.007256091 0.99274397
0.0018832022 0.99811685
0.009215537 0.9907844
0.9376245 0.0623754
0.95812505 0.041875012
0.03817392 0.961826
0.00066206366 0.999338
0.24314661 0.7568534
0.0013570886 0.99864286
3.148442e-07 0.99999964
0.053823773 0.9461762
0.020614574 0.9793855
5.540007e-07 0.9999994
0.002903692 0.9970963
5.984414e-06 0.99999404
0.4651445 0.5348555
0.004511259 0.9954887
8.901802e-09 1.0
0.16205443 0.8379456
0.6277348 0.37226525
0.0010811441 0.9989189
0.008047689 0.99195224
0.0015160895 0.99848396
0.28048974 0.7195103
0.012338442 0.9876616
0.039871253 0.9601287
0.0098926965 0.9901073
0.6959619 0.3040381
0.0043724035 0.99562764
0.013201399 0.9867986
0.520813 0.47918695
0.009654101 0.9903459
9.980881e-21 1.0
0.013537153 0.9864629
0.0020848468 0.9979151
2.4870246e-07 0.99999976
0.93032795 0.06967201
0.0037908957 0.99620914
1.9857915e-12 1.0
0.033792157 0.96620786
2.1930184e-06 0.99999785
1.0173393e-08 1.0
0.0013895353 0.9986105
0.003204655 0.99679536
0.0010770602 0.9989229
0.84131914 0.1586809
0.37444592 0.6255541
0.12211636 0.8778836
6.237593e-06 0.9999938
0.986615 0.013385007
1.7157372e-07 0.9999999
0.81851274 0.18148725
8.055867e-12 1.0
0.013268305 0.9867317
0.2821086 0.7178914
0.009888311 0.99011165
0.007249598 0.9927504
0.0052536554 0.9947463
0.12968646 0.8703136
0.051858135 0.9481418
0.0031693864 0.99683064
0.0059245788 0.9940754
0.22174847 0.7782515
6.430186e-07 0.9999994
0.27724907 0.72275096
0.006078309 0.99392176
0.07932959 0.9206704
0.420219 0.579781
0.017031452 0.9829685
0.4336025 0.5663974
0.1917608 0.8082392
0.03439218 0.9656078
0.0062218206 0.9937782
0.008895118 0.9911049
0.00011060748 0.9998894
0.06519976 0.93480027
0.5016632 0.49833682
0.0073120035 0.99268806
0.949857 0.050143037
0.0025823663 0.99741757
0.06919264 0.93080735
0.005631296 0.99436873
1.4542309e-08 1.0
0.04819298 0.95180696
0.007082841 0.9929172
0.07779574 0.92220426
1.1762979e-06 0.9999988
0.19733524 0.8026647
0.49631977 0.50368017
0.046612736 0.9533873
0.013410124 0.9865899
0.017644506 0.98235554
0.5250378 0.47496212
0.882575 0.117425
0.15475027 0.8452497
0.039520014 0.9604799
0.0032532413 0.9967468
0.0002548521 0.9997452
0.014070241 0.9859298
0.014035805 0.9859642
0.03740065 0.9625994
0.0006194937 0.99938047
0.98020977 0.019790146
0.038996715 0.96100324
2.8706158e-05 0.9999713
0.6778144 0.3221856
3.292821e-05 0.9999671
0.98037875 0.019621205
1.3725191e-06 0.99999857
0.009051295 0.99094874
8.039249e-06 0.999992
0.13003013 0.8699699
0.061839886 0.93816006
0.031011999 0.96898806
0.088534616 0.9114654
0.07674014 0.92325985
2.8958316e-06 0.99999714
0.0002573907 0.99974257
0.0022294247 0.99777055
8.5624485e-12 1.0
9.481505e-09 1.0
2.3686862e-06 0.9999976
0.01293504 0.98706496
0.0014928926 0.9985071
0.9365283 0.063471675
0.0002666929 0.99973327
0.92844445 0.07155555
0.9973207 0.0026793468
0.042617872 0.95738214
4.0570845e-12 1.0
0.062968306 0.93703175
2.130876e-06 0.99999785
0.43686727 0.56313276
1.2090446e-05 0.99998796
0.011206602 0.98879343
0.9654965 0.034503493
0.015928186 0.9840718
0.028837703 0.9711623
0.016417934 0.98358214
0.027256584 0.97274345
0.06216136 0.9378386
0.30129737 0.6987026
3.2046624e-10 1.0
0.56214964 0.4378504
0.18616821 0.8138318
0.8209403 0.17905962
0.1926838 0.8073162
0.04084228 0.9591577
0.11034033 0.88965964
0.1154202 0.8845798
0.00015271314 0.9998473
0.033178385 0.96682155
0.05604674 0.9439533
0.08763003 0.91236997
9.981038e-07 0.99999905
0.048464485 0.9515355
5.4995467e-16 1.0
2.193545e-05 0.99997807
0.00016951756 0.9998305
0.004258564 0.9957415
0.27724907 0.72275096
0.0013439634 0.99865603
0.011745419 0.98825455
0.0050855973 0.9949144
0.016946422 0.9830536
0.0053110286 0.994689
7.8700425e-05 0.9999213
0.011264141 0.98873585
4.3114913e-05 0.99995685
0.12746376 0.87253624
0.96522796 0.03477208
0.060217693 0.9397823
0.01338262 0.9866174
0.00015799659 0.9998419
0.058498878 0.9415011
0.00011142494 0.99988854
0.21059813 0.78940195
0.072571665 0.92742836
0.024994487 0.9750055
0.00043385845 0.99956614
0.17202486 0.82797515
0.09491499 0.9050851
0.41258302 0.58741695
0.26397482 0.7360252
0.24174508 0.75825495
0.003907653 0.9960924
0.000116989606 0.99988306
0.37430957 0.62569046
0.0032754927 0.99672455
0.3360567 0.6639433
0.027990734 0.97200924
0.0021439448 0.9978561
0.2295544 0.7704456
0.00074698933 0.999253
0.27724907 0.72275096
0.00010909179 0.9998909
4.5105164e-05 0.99995494
0.021084277 0.97891575
0.30008063 0.6999194
8.27005e-06 0.9999918
0.05823418 0.94176584
1.1377586e-05 0.9999887
0.7749731 0.22502688
0.016268898 0.98373115
0.07533141 0.92466855
0.08436347 0.91563654
0.9377843 0.06221576
0.0010378981 0.99896204
6.0865375e-05 0.9999391
0.026564676 0.9734353
0.059958793 0.9400412
3.602915e-09 1.0
0.0050160685 0.9949839
5.184091e-17 1.0
0.99061865 0.009381349
0.08553921 0.91446084
0.2807715 0.7192285
0.002867952 0.99713206
6.237147e-06 0.9999938
0.92440456 0.07559549
0.04430317 0.9556968
0.84116924 0.15883079
0.084000885 0.9159991
0.0306408 0.9693592
0.11406497 0.88593507
0.46017805 0.5398219
0.0057968963 0.99420315
5.0986513e-09 1.0
0.38044244 0.6195575
0.05904252 0.9409575
0.8903753 0.10962462
4.9846934e-05 0.9999502
0.032757718 0.9672423
0.019981118 0.9800189
0.9203514 0.07964859
7.709684e-14 1.0
0.10314889 0.8968511
0.40856376 0.59143627
0.4643695 0.53563046
0.3030485 0.6969515
0.23018622 0.76981384
0.49893948 0.50106055
0.13818142 0.8618186
0.5594728 0.44052714
0.09576525 0.9042348
0.1760418 0.8239582
0.048849717 0.9511503
5.145325e-05 0.9999485
0.8160461 0.18395394
0.8840812 0.11591875
1.4846302e-06 0.99999857
0.043354407 0.9566456
0.021472137 0.97852784
0.008026197 0.9919739
0.9660551 0.033944856
0.0039843624 0.9960156
0.00074177195 0.9992582
1.1709865e-11 1.0
1.8403938e-06 0.9999982
0.0112896385 0.98871034
0.090877175 0.9091228
0.00096538704 0.99903464
0.0018556755 0.9981444
0.038705844 0.9612941
0.05164995 0.9483501
2.932553e-07 0.99999976
2.567009e-07 0.99999976
8.3961715e-10 1.0
0.11921049 0.8807896
8.87797e-05 0.9999112
0.16795965 0.83204037
0.034550507 0.96544945
0.0030331367 0.9969669
0.005063824 0.9949361
0.12724644 0.87275356
0.13082594 0.869174
0.18180381 0.8181962
0.042558644 0.95744133
6.5266475e-05 0.9999347
2.8755037e-05 0.9999713
9.987945e-05 0.9999001
0.85888785 0.14111216
0.00019012488 0.9998099
0.002872521 0.9971275
0.014352537 0.98564744
2.1818482e-07 0.99999976
0.14699 0.85301
0.010815357 0.9891846
0.20619301 0.793807
0.0007392065 0.9992607
0.0078207785 0.99217916
3.7907257e-06 0.9999962
9.0348606e-10 1.0
0.018954787 0.98104525
0.061995447 0.9380045
0.0004194735 0.99958056
0.02890597 0.971094
8.789354e-09 1.0
0.09821796 0.90178204
0.00016388451 0.9998361
0.036448825 0.96355116
0.05784033 0.94215965
0.0011035417 0.9988965
0.83355945 0.16644056
0.017455664 0.98254436
3.4670627e-10 1.0
0.0065240352 0.993476
0.87201595 0.12798402
0.71844524 0.28155485
0.83690614 0.16309392
0.99976176 0.00023822056
0.99320036 0.0067996047
0.9563024 0.043697618
0.9305736 0.069426425
0.95446134 0.045538623
0.94291073 0.057089243
1.0 6.6783475e-11
0.99999976 2.0882754e-07
0.38266963 0.6173304
0.98957974 0.010420216
0.92061895 0.079381086
0.999713 0.0002869323
0.95620525 0.04379478
0.98343015 0.016569883
0.9964246 0.0035753744
0.96330786 0.036692213
0.4545025 0.5454975
0.9773956 0.022604387
0.9999999 8.894593e-08
0.9777092 0.022290846
0.9931908 0.0068092085
0.6967311 0.3032689
0.9921869 0.007813071
0.8813587 0.11864137
0.42272618 0.57727385
0.99886596 0.0011340972
0.9676693 0.032330673
0.89716464 0.10283537
0.6065215 0.39347854
0.999992 8.004632e-06
0.95466644 0.045333635
0.45096368 0.54903626
0.98128015 0.018719781
0.990939 0.009060991
0.92287976 0.07712019
0.9346078 0.06539219
0.9369005 0.063099526
0.9921887 0.0078112935
0.27724907 0.72275096
0.9726642 0.027335787
0.89001447 0.109985575
0.9883741 0.011625857
0.99871755 0.0012824808
0.9932267 0.0067733433
0.96725947 0.03274059
0.99998903 1.1016407e-05
0.999132 0.00086804305
0.8659033 0.13409674
0.99979156 0.00020847659
0.8754002 0.124599874
0.9999995 4.3435608e-07
0.9999974 2.6673179e-06
0.9521867 0.047813267
0.99999595 4.105342e-06
0.95282257 0.047177427
0.994766 0.005233988
0.22702499 0.772975
0.9999014 9.858357e-05
0.96558297 0.03441702
0.9201743 0.07982568
0.99077106 0.009228886
0.99233574 0.007664213
0.9636022 0.03639785
0.9908059 0.009194067
0.9910419 0.008958044
0.99683005 0.0031699482
0.99985445 0.00014554163
0.1655046 0.83449537
0.9296917 0.070308335
0.99980253 0.00019753147
0.999385 0.00061497843
0.44720605 0.552794
0.9514363 0.04856372
0.3428573 0.6571427
0.96559805 0.03440192
0.9999893 1.0716921e-05
0.93671525 0.06328481
0.8730866 0.12691343
0.8300822 0.16991782
0.9998559 0.0001440714
0.5362447 0.4637553
0.99998343 1.6549262e-05
0.8972272 0.10277281
0.91003895 0.089961104
0.02016152 0.9798385
0.97073966 0.029260296
0.9706631 0.029336948
0.880047 0.11995306
0.90834403 0.09165598
0.8534272 0.14657281
0.9995534 0.00044654278
0.13882735 0.8611727
0.9593226 0.04067748
0.48872966 0.51127034
0.9975817 0.0024182792
0.814723 0.18527701
0.9869616 0.013038383
0.9995515 0.00044848805
0.94775 0.05224999
0.40159038 0.59840965
0.42076015 0.57923985
0.9999596 4.044562e-05
1.0 1.088396e-08
0.99989283 0.00010719756
0.97520614 0.024793876
0.9536804 0.046319623
0.99873346 0.001266573
0.89049053 0.10950948
0.9989998 0.001000291
0.983844 0.016156025
0.9427929 0.057207167
0.9776741 0.022325875
0.9891398 0.010860208
0.866753 0.13324696
0.74423134 0.25576872
0.9959143 0.004085739
0.92124367 0.07875638
0.40943983 0.5905602
0.9998894 0.00011058143
0.5402159 0.4597841
0.365894 0.63410604
0.999998 2.0681919e-06
0.99996066 3.9321316e-05
0.98824114 0.011758883
0.9986614 0.0013385727
0.99885964 0.0011403967
0.9071527 0.09284726
0.5735665 0.4264335
0.99996305 3.689986e-05
0.97322583 0.026774138
0.9121909 0.08780903
0.9833915 0.016608436
0.9998723 0.00012766554
0.99992573 7.428166e-05
0.99150497 0.008495066
0.97824746 0.021752555
0.20223466 0.7977654
0.9998752 0.00012485287
0.5083255 0.49167445
0.887846 0.11215394
0.92655474 0.07344519
0.8763732 0.12362682
0.99997544 2.4551018e-05
0.97851175 0.021488301
0.91817826 0.08182172
0.994325 0.005674972
0.9999852 1.4765684e-05
0.18655396 0.81344604
0.96055603 0.039443985
0.20413965 0.7958604
0.9944992 0.0055007637
0.970213 0.029786967
0.92441106 0.07558889
0.9323549 0.0676451
0.8552246 0.14477545
0.7858989 0.21410105
0.99982893 0.00017108227
0.9409685 0.05903153
0.95073247 0.049267534
0.6560355 0.34396455
0.9400401 0.059959877
0.9946068 0.005393196
0.9975326 0.0024673808
0.78766197 0.21233803
0.9915896 0.008410392
0.053248737 0.94675124
0.9997112 0.00028880572
0.93654394 0.06345604
0.99981886 0.00018116435
0.21791697 0.78208303
0.9991227 0.0008773261
0.9499555 0.050044518
0.6783433 0.3216567
0.9361514 0.06384859
0.45707002 0.54292995
0.99458116 0.005418868
0.9506557 0.049344264
0.91196114 0.0880389
0.8596752 0.14032477
0.4730427 0.5269573
0.9124008 0.087599196
0.95735645 0.042643514
0.98155403 0.018445954
0.9657993 0.03420073
0.967041 0.032959007
0.99035746 0.009642482
0.88481796 0.11518206
0.6646493 0.33535066
0.972385 0.027614985
0.9860576 0.01394237
0.00930701 0.99069303
0.9436898 0.056310203
0.7880817 0.21191835
0.99904686 0.0009531421
0.99416405 0.0058359895
0.9779847 0.022015266
0.9953969 0.0046031224
0.8244052 0.1755948
0.85926896 0.1407311
0.21570858 0.7842914
0.23659497 0.763405
0.9496458 0.05035422
0.9968214 0.0031786226
0.9899244 0.010075647
0.9263258 0.07367424
0.9999169 8.305348e-05
0.99999785 2.169655e-06
0.9170854 0.082914524
0.999491 0.0005089682
0.9197497 0.08025038
1.0 3.2170808e-11
0.8674476 0.13255242
0.99999976 2.465558e-07
0.99999976 2.1102957e-07
0.9937769 0.006223056
0.82674176 0.17325822
0.89742285 0.1025772
0.9038902 0.09610979
0.9987224 0.0012776064
0.97076786 0.02923211
0.9875072 0.0124928355
0.9936951 0.006304869
0.97814447 0.021855539
0.5683157 0.43168426
0.9975551 0.0024449097
0.9551397 0.044860303
0.9988318 0.0011682254
0.98428637 0.015713677
0.96509326 0.03490668
0.9459914 0.05400862
0.9887571 0.011242917
0.9907505 0.009249564
0.95082897 0.04917099
0.23585396 0.76414603
0.9399419 0.060058184
0.90837777 0.091622196
9.577088e-05 0.9999043
0.9937569 0.006243158
0.9287272 0.071272776
0.99999976 1.855529e-07
0.9786078 0.02139226
0.9540422 0.045957793
0.94626427 0.053735744
0.9925929 0.00740715
0.9882153 0.011784682
0.97698873 0.023011215
0.99942636 0.00057366036
0.99980825 0.00019176253
0.7792486 0.22075145
0.873347 0.12665303
0.52731776 0.47268227
0.9999993 6.69569e-07
0.75165284 0.24834712
0.9993936 0.0006063631
0.99320906 0.006790958
0.8773508 0.12264921
0.8820961 0.11790385
0.24487056 0.75512946
0.6287531 0.37124687
0.9532315 0.046768453
0.97541374 0.024586234
0.8837124 0.116287634
0.8279425 0.17205755
0.8556007 0.14439929
0.99495345 0.005046513
0.9744903 0.025509782
0.99136215 0.008637871
0.971866 0.028134039
0.8707447 0.12925532
0.31974372 0.68025625
0.97685075 0.023149315
0.99992716 7.2886025e-05
0.98080486 0.019195177
0.9770348 0.022965224
0.9253783 0.07462167
0.9083307 0.09166932
0.9436806 0.05631937
0.12148655 0.87851346
0.98488116 0.0151187945
0.99750346 0.0024965676
0.73927814 0.26072186
0.96299446 0.03700553
0.94119006 0.05880992
0.6774193 0.3225807
0.765655 0.23434505
0.96834296 0.03165702
0.9624237 0.037576262
0.99584985 0.004150158
0.9999988 1.241858e-06
0.9086345 0.09136547
0.99998534 1.4721732e-05
0.9611288 0.03887121
0.8660471 0.13395293
0.99997985 2.0202293e-05
0.936047 0.063953035
0.9933149 0.0066851014
0.99986255 0.00013745527
0.7069929 0.29300705
0.9486505 0.051349454
0.9921043 0.007895643
0.9309725 0.069027424
0.23175399 0.768246
0.9375056 0.062494397
0.9230454 0.0769546
0.819198 0.18080199
0.97257644 0.027423576
0.98286694 0.01713306
0.99384993 0.0061500943
0.3215774 0.67842263
0.9726585 0.027341506
0.9429878 0.05701227
0.99999833 1.705866e-06
0.9917427 0.008257266
0.84758943 0.1524106
0.9985305 0.0014694666
1.0 3.2760208e-09
0.92441833 0.07558169
0.86627984 0.13372013
0.39005142 0.6099486
0.98735493 0.012645097
0.15296318 0.84703684
0.75862026 0.24137975
0.9999968 3.2212045e-06
0.7286555 0.2713445
0.96924746 0.030752493
0.9814802 0.018519832
0.25184944 0.7481505
0.74621075 0.25378925
0.7331857 0.2668143
0.9946563 0.005343646
0.99960774 0.0003923241
0.026254106 0.97374594
0.99879694 0.0012030293
0.64169306 0.358307
0.99999976 2.2858661e-07
0.84466237 0.15533766
0.99824893 0.0017511176
0.9376499 0.062350087
0.9996996 0.00030048913
0.85420454 0.14579552
0.9617904 0.038209647
0.1827845 0.81721556
0.98759615 0.01240385
0.99266714 0.007332883
0.8162601 0.18373986
0.9200296 0.079970375
0.1418936 0.85810643
0.6373099 0.36269012
0.93892497 0.06107503
0.9974498 0.0025501905
0.9957247 0.004275378
0.9971464 0.0028536045
0.80393 0.19607008
0.99953854 0.00046143384
0.8026697 0.19733027
0.99988186 0.00011806895
0.7159655 0.28403446
0.9865405 0.013459484
0.9865622 0.013437797
0.87450695 0.12549302
0.9914636 0.00853641
0.92102164 0.07897831
0.9789958 0.021004213
0.99899584 0.0010042168
0.9915891 0.008410878
0.24235104 0.757649
0.99774504 0.002255037
0.72631955 0.27368045
0.97766256 0.022337396
0.9999999 7.157824e-08
0.91757137 0.08242866
0.9976567 0.0023433086
0.9964306 0.0035694253
0.9744013 0.025598727
0.9998319 0.00016804389
0.9995396 0.00046042484
0.9998067 0.00019337519
0.8715305 0.12846956
0.93762213 0.06237789
0.90755785 0.09244218
0.9520708 0.04792927
0.9308481 0.06915187
1.0 1.4175093e-12
0.9926473 0.007352693
0.15413404 0.8458659
0.9940666 0.0059333383
0.98442286 0.015577101
0.99946254 0.0005374108
0.80130583 0.19869415
0.90823513 0.091764845
0.86952037 0.13047965
0.98110354 0.018896412
0.7795861 0.22041398
0.21566467 0.7843354
0.8886611 0.11133887
1.0 5.2680633e-08
0.8845474 0.1154526
0.9999913 8.746988e-06
0.9820072 0.017992832
0.99330103 0.006699023
0.94417363 0.055826385
0.9988538 0.0011461731
0.994692 0.0053079105
0.8349141 0.16508588
0.49973756 0.5002624
0.90986997 0.090130016
0.9972234 0.0027766533
0.99994314 5.6882145e-05
0.97465444 0.02534553
0.8472465 0.15275347
0.9962825 0.003717443
0.7846531 0.21534689
0.7244631 0.2755369
0.9802459 0.019754129
0.9842343 0.015765697
0.99036986 0.009630114
0.87859106 0.12140894
0.9152618 0.08473817
0.9928034 0.0071965395
0.93610936 0.06389061
0.99994576 5.418137e-05
0.9377926 0.062207423
0.9232868 0.07671322
0.9996972 0.00030277183
0.9999896 1.0336781e-05
0.98042905 0.01957088
0.9541427 0.04585729
0.9978459 0.0021541354
0.97609895 0.023900997
0.99923456 0.0007654006
0.9939831 0.006016962
0.99115527 0.008844696
0.7909601 0.2090399
0.9962446 0.0037553278
0.8014495 0.19855054
0.92441463 0.07558538
0.9888946 0.011105438
0.99807954 0.0019204618
0.8700464 0.12995362
0.9776765 0.02232352
0.9846943 0.015305621
0.96769553 0.032304447
0.69342935 0.30657068
0.98154324 0.018456798
0.9882434 0.011756662
0.9999496 5.0467344e-05
0.9725797 0.02742023
0.76371455 0.23628545
0.9382141 0.06178587
0.9984257 0.0015743582
0.9459552 0.054044735
0.96899664 0.031003349
1.0 6.9582184e-09
0.9933535 0.0066464776
0.9157294 0.084270544
0.9769713 0.023028702
0.9861102 0.013889749
0.8282385 0.17176148
0.9771895 0.022810461
0.9996778 0.00032223182
0.9999906 9.358831e-06
0.6685878 0.33141217
0.9953661 0.004633853
0.99986887 0.00013112703
0.9696149 0.03038505
0.99740523 0.0025947406
0.9264993 0.07350068
0.9472031 0.05279686
0.9976956 0.0023042983
0.9470715 0.052928552
0.99511343 0.004886556
1.0 2.3141896e-08
0.9962584 0.003741672
0.9899046 0.010095442
0.9914022 0.008597825
0.9999951 4.8895613e-06
0.9087657 0.09123429
0.9968412 0.0031587577
0.95758003 0.04241996
0.95068526 0.049314775
0.7131598 0.28684017
0.9972703 0.002729645
0.93820906 0.061790954
0.8445402 0.1554599
0.6814249 0.31857505
0.876468 0.12353197
0.9999535 4.6533558e-05
0.9530969 0.04690312
0.83949286 0.16050711
0.19858609 0.80141395
0.9944582 0.0055417535
0.99974734 0.0002527134
0.99603516 0.003964804
0.83977425 0.16022576
0.9432431 0.056756947
0.9792985 0.020701542
0.99802375 0.001976313
0.85325956 0.14674042
0.81233 0.18766999
0.8907977 0.10920233
0.9986332 0.0013668038
0.98790705 0.012092972
0.30719435 0.69280565
0.99960274 0.00039727087
0.9473735 0.052626427
0.998147 0.0018530524
0.9763298 0.023670157
0.99698645 0.0030135177
0.87196404 0.12803599
0.3632937 0.6367063
0.9994649 0.00053504255
0.9667467 0.033253293
0.84899884 0.15100111
0.98386407 0.016135976
0.9812976 0.018702392
0.9467697 0.053230293
0.9740891 0.025910886
0.89660233 0.10339764
0.9894286 0.010571406
0.99999917 8.928841e-07
0.88387257 0.11612746
0.9607137 0.039286353
0.6447387 0.3552613
0.7668726 0.23312746
0.8162539 0.18374611
0.017601712 0.98239833
0.99923253 0.00076744484
0.9937318 0.006268224
0.97611403 0.023885984
0.32785258 0.6721474
0.6873745 0.3126255
0.9815021 0.018497888
0.8573357 0.14266428
0.9638133 0.036186695
0.9874873 0.012512716
0.8145773 0.18542269
0.9091295 0.090870515
0.8722373 0.12776266
0.9861799 0.013820084
0.97953814 0.020461831
0.994709 0.005290982
0.98994863 0.010051406
0.994776 0.0052239276
0.9708172 0.029182818
0.21677843 0.7832216
0.95678 0.043219987
0.37428054 0.6257195
0.99599564 0.0040042996
0.9960075 0.003992538
0.9973928 0.0026071698
0.27724907 0.72275096
0.8736575 0.12634248
0.99722457 0.002775477
0.98830205 0.011697948
0.21445702 0.785543
0.9999945 5.520705e-06
0.82786894 0.17213105
0.9987865 0.001213518
0.8103449 0.18965513
0.79211056 0.20788942
0.994843 0.0051569506
0.7913744 0.20862561
0.9590171 0.040982857
0.8705279 0.12947214
0.93048865 0.06951138
0.4270645 0.57293546
0.98188895 0.018111072
0.31099546 0.6890046
0.99909675 0.000903229
0.9427648 0.05723526
0.99999416 5.8738283e-06
0.9908969 0.009103141
0.97941405 0.020585887
0.99980444 0.00019562304
0.98131 0.018689996
0.9862417 0.013758305
0.99998224 1.7813632e-05
0.8620871 0.1379129
0.9999988 1.1491959e-06
0.99331105 0.006688953
0.9382205 0.061779454
0.9551542 0.044845887
0.99960524 0.0003948082
0.99920493 0.0007951039
0.03514443 0.9648556
0.99124485 0.008755094
0.025148155 0.97485185
0.87064904 0.12935089
0.9465746 0.053425312
0.98928356 0.010716433
0.97974443 0.020255528
0.98337424 0.016625773
0.9989015 0.0010984495
0.96390986 0.036090143
1.0 4.7495952e-08
0.97767043 0.022329569
0.9976476 0.002352409
0.91376954 0.08623048
0.99999833 1.7058628e-06
0.97301143 0.026988564
0.80047065 0.19952941
0.9630379 0.03696214
0.9999783 2.1665515e-05
0.8558936 0.14410646
0.9998043 0.00019576
0.28057894 0.7194211
0.88202024 0.117979765
0.9937011 0.006298937
0.9739875 0.0260124
0.24912554 0.75087446
0.8522983 0.14770167
1.0 5.536994e-09
0.88374645 0.116253525
0.9919459 0.008054125
0.19076201 0.809238
0.9621061 0.037893932
0.99187636 0.008123609
0.6804783 0.3195217
0.9960542 0.0039458075
0.99986494 0.00013505263
0.8440841 0.15591592
0.90667766 0.0933223
0.9991315 0.0008685017
0.98798066 0.012019378
0.9367826 0.063217364
0.41434556 0.5856544
0.9894503 0.0105497725
0.97216684 0.027833143
0.99998677 1.31741235e-05
0.9571441 0.04285586
0.91613775 0.08386223
0.942964 0.05703594
0.74104846 0.25895151
0.9894266 0.010573463
0.8831017 0.116898224
0.982991 0.017008996
0.99990237 9.759722e-05
0.9921118 0.007888139
0.9999889 1.1070329e-05
0.84318 0.15682001
0.8229446 0.17705548
0.9302348 0.06976526
0.9970511 0.0029488264
0.98242295 0.017577006
0.9707164 0.029283639
0.906351 0.09364902
0.4687716 0.53122836
0.97885793 0.021142095
0.8989765 0.101023495
0.98920804 0.010791956
0.99934846 0.00065155036
0.96905094 0.030949099
0.9139071 0.08609287
0.8776007 0.122399285
0.9907189 0.009281074
0.5309516 0.4690484
0.9718062 0.0281938
0.8748004 0.12519954
0.99951243 0.00048758028
0.5332001 0.46679994
0.97643536 0.023564592
0.9889854 0.011014547
0.9380506 0.06194939
0.61555874 0.3844413
0.983312 0.016687965
0.9976739 0.002326092
0.9996916 0.00030837097
0.93605304 0.0639469
0.83116984 0.16883023
0.99932694 0.00067311036
0.7318443 0.2681557
0.8386061 0.16139387
0.91443074 0.08556926
0.86137164 0.13862833
0.86660254 0.13339745
0.9947413 0.0052586617
0.84479165 0.15520835
0.99983656 0.00016337867
0.72313845 0.27686152
0.9057747 0.094225325
0.999979 2.0983338e-05
0.09732639 0.9026736
0.89852446 0.10147562
0.98863876 0.011361161
0.9999114 8.860007e-05
0.99871075 0.0012892766
0.39996687 0.6000331
0.9242919 0.07570813
0.9459371 0.05406295
0.9999871 1.2834375e-05
0.8917484 0.108251534
0.9520224 0.04797767
0.9552659 0.044734094
0.9351531 0.06484687
0.9711449 0.028855102
0.8786632 0.12133677
0.9847718 0.015228185
0.4896896 0.51031035
0.99975747 0.00024252587
0.0006921227 0.9993079
0.6380945 0.3619055
0.9958955 0.004104517
0.14692982 0.8530702
0.97918266 0.02081734
0.94589615 0.054103848
0.95892006 0.04107986
0.9512659 0.048734065
0.9996636 0.00033641164
0.9663932 0.033606816
0.9533627 0.046637252
0.9700004 0.029999588
0.9999714 2.8641514e-05
0.95052874 0.049471308
0.9527517 0.047248274
0.62971675 0.37028325
0.9602161 0.03978389
0.9176569 0.082343176
0.96204895 0.03795108
0.976646 0.023354001
0.8617858 0.13821411
0.9329394 0.06706058
0.5302072 0.4697928
0.9614575 0.038542517
0.9458875 0.05411246
0.9992743 0.0007256966
0.9460739 0.05392615
0.88230217 0.11769779
0.967196 0.032804005
0.9905793 0.009420739
0.97939533 0.020604663
0.25121838 0.7487816
0.9996406 0.0003593988
0.8554446 0.14455537
0.9938746 0.006125349
0.93255955 0.06744048
0.9959829 0.004017169
0.9237894 0.07621061
0.9982944 0.001705604
0.98603386 0.013966114
0.99953973 0.00046030284
0.85208637 0.14791358
0.9948026 0.005197424
0.96606386 0.033936147
0.9999981 1.9092076e-06
0.9963928 0.0036071916
0.97599083 0.024009205
0.9779219 0.022078166
0.7727355 0.22726451
0.9862867 0.013713268
0.44470462 0.55529535
0.9855893 0.014410706
0.969465 0.030534966
0.9976526 0.0023474423
0.9977482 0.002251753
0.9307176 0.0692824
0.9715897 0.028410336
0.9977552 0.0022448113
0.92967963 0.070320375
0.9680598 0.031940192
0.4785597 0.52144027
0.917308 0.082692064
0.9870883 0.012911694
0.86823213 0.13176788
0.9995695 0.00043049737
0.9998567 0.00014324511
0.74830323 0.2516968
0.57453656 0.42546353
0.99114335 0.00885663
0.86403525 0.13596472
0.8587056 0.14129442
0.9721371 0.027862865
0.42856327 0.57143676
0.9997596 0.00024034867
0.97780627 0.022193693
0.9921779 0.007822119
0.97272927 0.027270773
1.0 1.0847645e-09
0.9995497 0.00045031236
0.97117114 0.028828865
0.70323014 0.2967699
0.92509735 0.07490266
0.28450003 0.7155
0.94047976 0.059520315
0.98051363 0.019486373
0.9825315 0.017468516
0.89680266 0.103197336
0.99999595 4.097535e-06
0.8253843 0.17461562
0.48178896 0.51821107
0.33670023 0.6632998
0.32960117 0.67039883
0.98548406 0.014515928
0.9925579 0.007442132
0.99935704 0.00064293056
0.86532533 0.1346747
0.99870574 0.0012942121
0.9976096 0.002390407
0.96894205 0.031057948
0.78197753 0.21802244
0.42188346 0.5781166
0.95648634 0.043513704
0.99991393 8.6105116e-05
0.99942845 0.00057151116
0.98807704 0.011922963
0.97687644 0.02312354
0.9964342 0.0035658283
0.9991986 0.00080136396
0.99995553 4.4440894e-05
0.320727 0.67927295
0.98470044 0.015299572
0.999997 3.0230426e-06
0.9998623 0.00013764307
0.9993907 0.0006092649
0.9773069 0.022693109
0.9196491 0.08035091
0.53903896 0.4609611
0.9999988 1.1538191e-06
0.9337989 0.06620105
0.43845445 0.56154555
0.98589754 0.014102404
0.898476 0.10152401
0.2518038 0.7481962
0.57022434 0.42977566
0.9440677 0.05593227
0.9971769 0.0028230853
0.15321963 0.8467804
0.823865 0.17613497
0.99246347 0.007536509
0.8777991 0.122200884
0.08649038 0.9135096
0.847791 0.15220901
0.98158973 0.018410243
0.99032354 0.0096763875
0.73595214 0.26404777
0.37870058 0.6212994
0.8510765 0.14892355
0.9891187 0.010881301
0.72737485 0.2726252
0.996514 0.003486024
0.7561034 0.2438966
0.9606748 0.03932511
0.8993593 0.10064074
0.997396 0.0026040173
0.7954144 0.20458558
0.9627472 0.037252795
0.99890137 0.0010985933
0.9443012 0.055698816
0.94695914 0.053040914
4.4996385e-05 0.99995506
0.19545212 0.8045479
