0.8467984
0.99972385
0.6429541
0.72275096
0.99999785
0.99999964
0.99491405
0.9771184
0.11325927
0.9999336
0.96301824
1.0
0.99969554
0.9999491
1.0
0.9996878
0.9989748
0.9944641
0.9107509
0.99995744
0.9854742
1.0
0.99997914
0.9974253
0.9679363
0.9925817
0.880115
0.99891734
0.9974825
0.9983419
0.9999411
0.9537484
0.99999845
0.96479267
0.37679896
1.0
0.9998865
1.0
0.94215065
0.99991274
0.8787094
0.98422354
0.8237713
0.9482538
0.9999999
1.0
0.9959169
0.99901116
0.5754621
0.28527975
0.91052526
1.0
0.84833014
0.9987208
0.9006232
0.93125045
0.9999999
0.9976453
1.0
0.8216617
0.9723642
0.9994085
0.8200223
0.10388105
0.9999999
0.6557756
0.98800385
0.3994259
0.9920208
0.98632544
0.99945945
0.6964393
0.7836794
0.9999981
0.9936493
0.63343626
0.9310515
0.9793717
0.9985654
0.61688244
0.99999464
0.87985885
0.9438406
0.5419834
0.9739657
0.6311131
0.86798906
0.9920845
0.9989967
0.9152894
0.9999064
0.9999858
1.0
0.9508998
0.8720593
0.630629
1.0
0.95852935
0.048656773
0.99987113
1.0
0.95285773
0.9571842
0.28833792
0.88754946
0.9999932
0.9994331
0.99946696
0.987723
0.02167169
0.72395045
1.0
0.9905477
0.9850995
0.9553989
0.9986172
1.0
0.7073112
0.03909503
0.9999945
0.99977785
0.9894086
0.028853904
0.969578
0.9047386
0.9140795
0.9999176
0.92865497
0.52788323
0.03363503
0.99999964
0.9873375
0.96374977
0.98249316
0.99994254
0.99999976
0.9992285
0.9999951
0.9999765
0.9996069
0.82029665
0.99937785
0.282945
0.9310681
0.9891009
0.99231225
0.9672945
0.9948725
0.99858665
0.040653482
0.9954081
0.94242597
0.9899502
0.32977533
0.88750964
0.9997254
0.90301096
0.9998555
0.17860195
0.96046287
0.9959229
0.13941832
0.74721223
0.066944756
0.9992587
0.670025
0.5277839
0.95581084
0.99736905
0.30965248
0.88773376
0.9759188
0.51569843
0.9718546
0.9994573
0.9986413
0.22325404
1.0
0.9408634
0.14493655
0.9877834
0.9754346
0.7579583
0.9971048
0.96282554
0.99903536
0.139349
0.99659485
0.9151633
0.96539557
0.9999995
0.5556606
0.15664515
1.0
0.34948918
0.99850595
0.801891
0.9714308
0.98618364
0.99077636
0.9764213
0.95605934
0.9999863
0.28325093
0.8047406
0.04422723
0.9992312
0.96519166
0.96941894
0.3493128
1.0
0.91724205
0.9988426
0.9989359
0.9999852
0.963086
0.9263571
0.6148745
0.9824754
0.97155476
0.9075013
0.99987173
0.72275084
0.9952219
0.9975394
0.27260247
0.9868395
0.9885853
0.99987257
1.0
0.041784164
0.99947184
0.9632983
1.0
0.9739395
0.915046
0.85471106
0.7140157
0.9951983
0.9450699
1.0
0.9999006
0.96764493
0.88392085
0.9792964
0.9712271
0.55455065
0.31866568
0.9994679
0.99811363
1.0
0.9783585
0.92534184
0.9959422
1.0
0.82688195
0.9741643
0.9999368
0.50970083
1.0
0.30093792
0.57285774
0.58423835
0.9993629
0.938619
0.999788
0.95901084
0.19737272
0.29376963
0.078480184
0.9049549
0.5372388
0.9454181
0.992145
0.9980034
0.94285476
0.9945834
0.97681695
0.98782814
0.9999993
0.9927422
0.99955136
0.99617434
0.098290704
0.75511605
0.9955035
0.97402
0.9826592
0.99251455
0.90031236
0.47907314
0.9738401
0.7509819
0.8864002
0.99211884
0.9935027
0.999574
0.8494839
0.987711
0.99647576
0.85078394
0.9374008
0.15548694
0.97462326
0.99249
0.9343181
0.95783406
0.9999404
0.95684355
1.0
0.97747016
0.9999999
0.05254269
0.922953
0.72275096
0.99998164
0.99379975
1.0
0.9626821
0.9566902
0.995374
0.9652987
0.7756827
0.99625224
0.51734686
0.99337053
0.964758
0.9998487
0.9945898
0.9467989
0.99995625
1.0
0.99993443
0.7987402
0.9974131
0.96358943
0.9991258
0.8395589
0.9999981
0.8028591
0.97392863
0.97252107
0.9840031
1.0
0.109293625
0.8436186
0.92529696
0.85060364
0.99836713
1.0
0.9896375
0.99707747
0.9998677
0.53976566
0.99999917
0.9964456
0.6378897
0.99999976
0.96552604
0.98465794
0.9926864
0.99999905
0.9999249
0.9588074
0.9636066
0.9663401
1.0
0.94108725
0.9854563
1.0
0.7474086
0.72275096
0.97583234
0.991755
0.9927214
0.66656274
1.0
0.9978757
0.9591976
0.9975286
0.5800653
0.9689599
0.9485705
0.91547835
0.50891745
0.9955303
1.0
0.8022936
0.9966948
0.9999726
0.99999094
0.9998566
1.0
0.4865186
0.9611533
0.99999976
0.6699064
0.9984042
1.0
0.22242859
0.9995752
0.72275096
0.80447775
0.9981517
0.9870613
0.95788574
0.5869499
0.9626575
0.996327
0.9417956
0.99771345
1.0
0.9991043
0.56573135
0.110711545
1.0
0.9377838
1.0
0.9487508
0.77115184
0.9402181
0.86726755
0.94746596
0.9945209
0.14000714
0.05519956
0.9962894
0.9321474
0.9784697
0.9548196
0.99478096
0.49545935
0.8801315
0.8538763
0.2065019
0.6794109
0.99991393
0.99640286
0.12508795
0.99970454
0.99999917
0.9958538
1.0
0.9297843
0.9999963
0.09435733
0.9798091
0.9432734
0.9923739
0.9945141
0.9478274
0.99995697
0.72525257
0.9633229
0.1049205
0.9998184
0.9990569
0.0010650008
0.6740403
0.053943526
0.9999949
0.8464559
0.9177328
0.99752945
0.999912
1.0
0.87203205
0.99155223
0.0009048407
0.97644824
0.9656167
0.949836
0.9597549
0.99274397
0.99811685
0.9907844
0.0623754
0.041875012
0.961826
0.999338
0.7568534
0.99864286
0.99999964
0.9461762
0.9793855
0.9999994
0.9970963
0.99999404
0.5348555
0.9954887
1.0
0.8379456
0.37226525
0.9989189
0.99195224
0.99848396
0.7195103
0.9876616
0.9601287
0.9901073
0.3040381
0.99562764
0.9867986
0.47918695
0.9903459
1.0
0.9864629
0.9979151
0.99999976
0.06967201
0.99620914
1.0
0.96620786
0.99999785
1.0
0.9986105
0.99679536
0.9989229
0.1586809
0.6255541
0.8778836
0.9999938
0.013385007
0.9999999
0.18148725
1.0
0.9867317
0.7178914
0.99011165
0.9927504
0.9947463
0.8703136
0.9481418
0.99683064
0.9940754
0.7782515
0.9999994
0.72275096
0.99392176
0.9206704
0.579781
0.9829685
0.5663974
0.8082392
0.9656078
0.9937782
0.9911049
0.9998894
0.93480027
0.49833682
0.99268806
0.050143037
0.99741757
0.93080735
0.99436873
1.0
0.95180696
0.9929172
0.92220426
0.9999988
0.8026647
0.50368017
0.9533873
0.9865899
0.98235554
0.47496212
0.117425
0.8452497
0.9604799
0.9967468
0.9997452
0.9859298
0.9859642
0.9625994
0.99938047
0.019790146
0.96100324
0.9999713
0.3221856
0.9999671
0.019621205
0.99999857
0.99094874
0.999992
0.8699699
0.93816006
0.96898806
0.9114654
0.92325985
0.99999714
0.99974257
0.99777055
1.0
1.0
0.9999976
0.98706496
0.9985071
0.063471675
0.99973327
0.07155555
0.0026793468
0.95738214
1.0
0.93703175
0.99999785
0.56313276
0.99998796
0.98879343
0.034503493
0.9840718
0.9711623
0.98358214
0.97274345
0.9378386
0.6987026
1.0
0.4378504
0.8138318
0.17905962
0.8073162
0.9591577
0.88965964
0.8845798
0.9998473
0.96682155
0.9439533
0.91236997
0.99999905
0.9515355
1.0
0.99997807
0.9998305
0.9957415
0.72275096
0.99865603
0.98825455
0.9949144
0.9830536
0.994689
0.9999213
0.98873585
0.99995685
0.87253624
0.03477208
0.9397823
0.9866174
0.9998419
0.9415011
0.99988854
0.78940195
0.92742836
0.9750055
0.99956614
0.82797515
0.9050851
0.58741695
0.7360252
0.75825495
0.9960924
0.99988306
0.62569046
0.99672455
0.6639433
0.97200924
0.9978561
0.7704456
0.999253
0.72275096
0.9998909
0.99995494
0.97891575
0.6999194
0.9999918
0.94176584
0.9999887
0.22502688
0.98373115
0.92466855
0.91563654
0.06221576
0.99896204
0.9999391
0.9734353
0.9400412
1.0
0.9949839
1.0
0.009381349
0.91446084
0.7192285
0.99713206
0.9999938
0.07559549
0.9556968
0.15883079
0.9159991
0.9693592
0.88593507
0.5398219
0.99420315
1.0
0.6195575
0.9409575
0.10962462
0.9999502
0.9672423
0.9800189
0.07964859
1.0
0.8968511
0.59143627
0.53563046
0.6969515
0.76981384
0.50106055
0.8618186
0.44052714
0.9042348
0.8239582
0.9511503
0.9999485
0.18395394
0.11591875
0.99999857
0.9566456
0.97852784
0.9919739
0.033944856
0.9960156
0.9992582
1.0
0.9999982
0.98871034
0.9091228
0.99903464
0.9981444
0.9612941
0.9483501
0.99999976
0.99999976
1.0
0.8807896
0.9999112
0.83204037
0.96544945
0.9969669
0.9949361
0.87275356
0.869174
0.8181962
0.95744133
0.9999347
0.9999713
0.9999001
0.14111216
0.9998099
0.9971275
0.98564744
0.99999976
0.85301
0.9891846
0.793807
0.9992607
0.99217916
0.9999962
1.0
0.98104525
0.9380045
0.99958056
0.971094
1.0
0.90178204
0.9998361
0.96355116
0.94215965
0.9988965
0.16644056
0.98254436
1.0
0.993476
0.12798402
0.28155485
0.16309392
0.00023822056
0.0067996047
0.043697618
0.069426425
0.045538623
0.057089243
6.6783475e-11
2.0882754e-07
0.6173304
0.010420216
0.079381086
0.0002869323
0.04379478
0.016569883
0.0035753744
0.036692213
0.5454975
0.022604387
8.894593e-08
0.022290846
0.0068092085
0.3032689
0.007813071
0.11864137
0.57727385
0.0011340972
0.032330673
0.10283537
0.39347854
8.004632e-06
0.045333635
0.54903626
0.018719781
0.009060991
0.07712019
0.06539219
0.063099526
0.0078112935
0.72275096
0.027335787
0.109985575
0.011625857
0.0012824808
0.0067733433
0.03274059
1.1016407e-05
0.00086804305
0.13409674
0.00020847659
0.124599874
4.3435608e-07
2.6673179e-06
0.047813267
4.105342e-06
0.047177427
0.005233988
0.772975
9.858357e-05
0.03441702
0.07982568
0.009228886
0.007664213
0.03639785
0.009194067
0.008958044
0.0031699482
0.00014554163
0.83449537
0.070308335
0.00019753147
0.00061497843
0.552794
0.04856372
0.6571427
0.03440192
1.0716921e-05
0.06328481
0.12691343
0.16991782
0.0001440714
0.4637553
1.6549262e-05
0.10277281
0.089961104
0.9798385
0.029260296
0.029336948
0.11995306
0.09165598
0.14657281
0.00044654278
0.8611727
0.04067748
0.51127034
0.0024182792
0.18527701
0.013038383
0.00044848805
0.05224999
0.59840965
0.57923985
4.044562e-05
1.088396e-08
0.00010719756
0.024793876
0.046319623
0.001266573
0.10950948
0.001000291
0.016156025
0.057207167
0.022325875
0.010860208
0.13324696
0.25576872
0.004085739
0.07875638
0.5905602
0.00011058143
0.4597841
0.63410604
2.0681919e-06
3.9321316e-05
0.011758883
0.0013385727
0.0011403967
0.09284726
0.4264335
3.689986e-05
0.026774138
0.08780903
0.016608436
0.00012766554
7.428166e-05
0.008495066
0.021752555
0.7977654
0.00012485287
0.49167445
0.11215394
0.07344519
0.12362682
2.4551018e-05
0.021488301
0.08182172
0.005674972
1.4765684e-05
0.81344604
0.039443985
0.7958604
0.0055007637
0.029786967
0.07558889
0.0676451
0.14477545
0.21410105
0.00017108227
0.05903153
0.049267534
0.34396455
0.059959877
0.005393196
0.0024673808
0.21233803
0.008410392
0.94675124
0.00028880572
0.06345604
0.00018116435
0.78208303
0.0008773261
0.050044518
0.3216567
0.06384859
0.54292995
0.005418868
0.049344264
0.0880389
0.14032477
0.5269573
0.087599196
0.042643514
0.018445954
0.03420073
0.032959007
0.009642482
0.11518206
0.33535066
0.027614985
0.01394237
0.99069303
0.056310203
0.21191835
0.0009531421
0.0058359895
0.022015266
0.0046031224
0.1755948
0.1407311
0.7842914
0.763405
0.05035422
0.0031786226
0.010075647
0.07367424
8.305348e-05
2.169655e-06
0.082914524
0.0005089682
0.08025038
3.2170808e-11
0.13255242
2.465558e-07
2.1102957e-07
0.006223056
0.17325822
0.1025772
0.09610979
0.0012776064
0.02923211
0.0124928355
0.006304869
0.021855539
0.43168426
0.0024449097
0.044860303
0.0011682254
0.015713677
0.03490668
0.05400862
0.011242917
0.009249564
0.04917099
0.76414603
0.060058184
0.091622196
0.9999043
0.006243158
0.071272776
1.855529e-07
0.02139226
0.045957793
0.053735744
0.00740715
0.011784682
0.023011215
0.00057366036
0.00019176253
0.22075145
0.12665303
0.47268227
6.69569e-07
0.24834712
0.0006063631
0.006790958
0.12264921
0.11790385
0.75512946
0.37124687
0.046768453
0.024586234
0.116287634
0.17205755
0.14439929
0.005046513
0.025509782
0.008637871
0.028134039
0.12925532
0.68025625
0.023149315
7.2886025e-05
0.019195177
0.022965224
0.07462167
0.09166932
0.05631937
0.87851346
0.0151187945
0.0024965676
0.26072186
0.03700553
0.05880992
0.3225807
0.23434505
0.03165702
0.037576262
0.004150158
1.241858e-06
0.09136547
1.4721732e-05
0.03887121
0.13395293
2.0202293e-05
0.063953035
0.0066851014
0.00013745527
0.29300705
0.051349454
0.007895643
0.069027424
0.768246
0.062494397
0.0769546
0.18080199
0.027423576
0.01713306
0.0061500943
0.67842263
0.027341506
0.05701227
1.705866e-06
0.008257266
0.1524106
0.0014694666
3.2760208e-09
0.07558169
0.13372013
0.6099486
0.012645097
0.84703684
0.24137975
3.2212045e-06
0.2713445
0.030752493
0.018519832
0.7481505
0.25378925
0.2668143
0.005343646
0.0003923241
0.97374594
0.0012030293
0.358307
2.2858661e-07
0.15533766
0.0017511176
0.062350087
0.00030048913
0.14579552
0.038209647
0.81721556
0.01240385
0.007332883
0.18373986
0.079970375
0.85810643
0.36269012
0.06107503
0.0025501905
0.004275378
0.0028536045
0.19607008
0.00046143384
0.19733027
0.00011806895
0.28403446
0.013459484
0.013437797
0.12549302
0.00853641
0.07897831
0.021004213
0.0010042168
0.008410878
0.757649
0.002255037
0.27368045
0.022337396
7.157824e-08
0.08242866
0.0023433086
0.0035694253
0.025598727
0.00016804389
0.00046042484
0.00019337519
0.12846956
0.06237789
0.09244218
0.04792927
0.06915187
1.4175093e-12
0.007352693
0.8458659
0.0059333383
0.015577101
0.0005374108
0.19869415
0.091764845
0.13047965
0.018896412
0.22041398
0.7843354
0.11133887
5.2680633e-08
0.1154526
8.746988e-06
0.017992832
0.006699023
0.055826385
0.0011461731
0.0053079105
0.16508588
0.5002624
0.090130016
0.0027766533
5.6882145e-05
0.02534553
0.15275347
0.003717443
0.21534689
0.2755369
0.019754129
0.015765697
0.009630114
0.12140894
0.08473817
0.0071965395
0.06389061
5.418137e-05
0.062207423
0.07671322
0.00030277183
1.0336781e-05
0.01957088
0.04585729
0.0021541354
0.023900997
0.0007654006
0.006016962
0.008844696
0.2090399
0.0037553278
0.19855054
0.07558538
0.011105438
0.0019204618
0.12995362
0.02232352
0.015305621
0.032304447
0.30657068
0.018456798
0.011756662
5.0467344e-05
0.02742023
0.23628545
0.06178587
0.0015743582
0.054044735
0.031003349
6.9582184e-09
0.0066464776
0.084270544
0.023028702
0.013889749
0.17176148
0.022810461
0.00032223182
9.358831e-06
0.33141217
0.004633853
0.00013112703
0.03038505
0.0025947406
0.07350068
0.05279686
0.0023042983
0.052928552
0.004886556
2.3141896e-08
0.003741672
0.010095442
0.008597825
4.8895613e-06
0.09123429
0.0031587577
0.04241996
0.049314775
0.28684017
0.002729645
0.061790954
0.1554599
0.31857505
0.12353197
4.6533558e-05
0.04690312
0.16050711
0.80141395
0.0055417535
0.0002527134
0.003964804
0.16022576
0.056756947
0.020701542
0.001976313
0.14674042
0.18766999
0.10920233
0.0013668038
0.012092972
0.69280565
0.00039727087
0.052626427
0.0018530524
0.023670157
0.0030135177
0.12803599
0.6367063
0.00053504255
0.033253293
0.15100111
0.016135976
0.018702392
0.053230293
0.025910886
0.10339764
0.010571406
8.928841e-07
0.11612746
0.039286353
0.3552613
0.23312746
0.18374611
0.98239833
0.00076744484
0.006268224
0.023885984
0.6721474
0.3126255
0.018497888
0.14266428
0.036186695
0.012512716
0.18542269
0.090870515
0.12776266
0.013820084
0.020461831
0.005290982
0.010051406
0.0052239276
0.029182818
0.7832216
0.043219987
0.6257195
0.0040042996
0.003992538
0.0026071698
0.72275096
0.12634248
0.002775477
0.011697948
0.785543
5.520705e-06
0.17213105
0.001213518
0.18965513
0.20788942
0.0051569506
0.20862561
0.040982857
0.12947214
0.06951138
0.57293546
0.018111072
0.6890046
0.000903229
0.05723526
5.8738283e-06
0.009103141
0.020585887
0.00019562304
0.018689996
0.013758305
1.7813632e-05
0.1379129
1.1491959e-06
0.006688953
0.061779454
0.044845887
0.0003948082
0.0007951039
0.9648556
0.008755094
0.97485185
0.12935089
0.053425312
0.010716433
0.020255528
0.016625773
0.0010984495
0.036090143
4.7495952e-08
0.022329569
0.002352409
0.08623048
1.7058628e-06
0.026988564
0.19952941
0.03696214
2.1665515e-05
0.14410646
0.00019576
0.7194211
0.117979765
0.006298937
0.0260124
0.75087446
0.14770167
5.536994e-09
0.116253525
0.008054125
0.809238
0.037893932
0.008123609
0.3195217
0.0039458075
0.00013505263
0.15591592
0.0933223
0.0008685017
0.012019378
0.063217364
0.5856544
0.0105497725
0.027833143
1.31741235e-05
0.04285586
0.08386223
0.05703594
0.25895151
0.010573463
0.116898224
0.017008996
9.759722e-05
0.007888139
1.1070329e-05
0.15682001
0.17705548
0.06976526
0.0029488264
0.017577006
0.029283639
0.09364902
0.53122836
0.021142095
0.101023495
0.010791956
0.00065155036
0.030949099
0.08609287
0.122399285
0.009281074
0.4690484
0.0281938
0.12519954
0.00048758028
0.46679994
0.023564592
0.011014547
0.06194939
0.3844413
0.016687965
0.002326092
0.00030837097
0.0639469
0.16883023
0.00067311036
0.2681557
0.16139387
0.08556926
0.13862833
0.13339745
0.0052586617
0.15520835
0.00016337867
0.27686152
0.094225325
2.0983338e-05
0.9026736
0.10147562
0.011361161
8.860007e-05
0.0012892766
0.6000331
0.07570813
0.05406295
1.2834375e-05
0.108251534
0.04797767
0.044734094
0.06484687
0.028855102
0.12133677
0.015228185
0.51031035
0.00024252587
0.9993079
0.3619055
0.004104517
0.8530702
0.02081734
0.054103848
0.04107986
0.048734065
0.00033641164
0.033606816
0.046637252
0.029999588
2.8641514e-05
0.049471308
0.047248274
0.37028325
0.03978389
0.082343176
0.03795108
0.023354001
0.13821411
0.06706058
0.4697928
0.038542517
0.05411246
0.0007256966
0.05392615
0.11769779
0.032804005
0.009420739
0.020604663
0.7487816
0.0003593988
0.14455537
0.006125349
0.06744048
0.004017169
0.07621061
0.001705604
0.013966114
0.00046030284
0.14791358
0.005197424
0.033936147
1.9092076e-06
0.0036071916
0.024009205
0.022078166
0.22726451
0.013713268
0.55529535
0.014410706
0.030534966
0.0023474423
0.002251753
0.0692824
0.028410336
0.0022448113
0.070320375
0.031940192
0.52144027
0.082692064
0.012911694
0.13176788
0.00043049737
0.00014324511
0.2516968
0.42546353
0.00885663
0.13596472
0.14129442
0.027862865
0.57143676
0.00024034867
0.022193693
0.007822119
0.027270773
1.0847645e-09
0.00045031236
0.028828865
0.2967699
0.07490266
0.7155
0.059520315
0.019486373
0.017468516
0.103197336
4.097535e-06
0.17461562
0.51821107
0.6632998
0.67039883
0.014515928
0.007442132
0.00064293056
0.1346747
0.0012942121
0.002390407
0.031057948
0.21802244
0.5781166
0.043513704
8.6105116e-05
0.00057151116
0.011922963
0.02312354
0.0035658283
0.00080136396
4.4440894e-05
0.67927295
0.015299572
3.0230426e-06
0.00013764307
0.0006092649
0.022693109
0.08035091
0.4609611
1.1538191e-06
0.06620105
0.56154555
0.014102404
0.10152401
0.7481962
0.42977566
0.05593227
0.0028230853
0.8467804
0.17613497
0.007536509
0.122200884
0.9135096
0.15220901
0.018410243
0.0096763875
0.26404777
0.6212994
0.14892355
0.010881301
0.2726252
0.003486024
0.2438966
0.03932511
0.10064074
0.0026040173
0.20458558
0.037252795
0.0010985933
0.055698816
0.053040914
0.99995506
0.8045479
