0.9999995
0.9108468
0.19098346
0.9682976
0.9998653
0.9999999
0.99436945
0.6659951
0.99999464
0.28097603
0.24896502
0.9927065
0.9028932
0.6703443
0.08050354
0.56639916
0.99377656
0.0008490236
0.84387827
0.28056362
0.9838027
0.9912759
1.0
0.99999034
0.7905067
1.0
0.99697447
1.0
0.92556196
0.91863745
0.96195847
0.9840464
0.27932516
0.9847416
0.9993705
0.90333253
0.55455357
0.5159738
0.92603064
0.6856072
0.9999869
0.13630961
0.9857487
0.8814694
0.9991066
0.92995584
0.9017683
0.9963981
0.0032047753
0.9999999
0.9999982
0.7385945
0.9999995
0.23118715
0.9996517
0.9845368
0.99968696
0.9974037
0.9996724
0.989934
0.99993944
0.99784625
0.9999999
0.99980813
0.9984578
0.90534675
0.9501473
0.06021969
0.80268025
0.9915217
0.9999958
0.9906652
0.89578354
0.9189659
0.9812045
0.9474039
0.99813133
0.95828825
0.9844877
0.89671254
0.9999263
0.9901832
0.05677289
1.0
0.99998665
0.9977064
0.99999976
0.9317685
0.097314954
0.80472887
0.16358584
0.8988684
0.8375912
0.9909862
0.9247037
0.99998796
0.9997209
0.44690457
0.9835976
0.9853446
0.9884863
0.88718677
0.9660371
0.92807025
0.9803626
0.762836
0.9657894
5.4117703e-05
0.4637428
0.85887384
0.99975795
0.9866362
0.95785326
0.99937135
0.9928059
0.99128693
0.7201865
0.6919491
0.23130614
0.6529382
0.014420773
0.88948107
0.36568865
0.0028416947
0.99996126
0.867281
0.74879754
0.9999993
0.971476
0.2401767
0.97638184
0.9977824
0.9999908
0.8491557
1.0
0.98504156
0.99593663
0.9950566
0.7348899
0.99999166
0.991219
0.959212
0.00043062848
0.98511076
0.95602804
0.6838872
0.011150648
0.9376228
0.9895018
0.9708
0.57784647
0.98726535
0.9515905
1.0
0.9990702
0.9871753
0.9997962
0.9999746
0.96599513
0.9985519
0.9803783
0.13097881
0.95859385
0.97778016
0.7692933
0.77034986
0.9934371
0.7436712
0.99997926
0.97978204
0.8520237
0.91762036
0.9395601
0.9839984
0.96255475
0.8961576
0.09110635
0.68259573
0.019083407
0.96420914
0.99864763
0.9314718
0.9134107
0.991028
0.8245842
0.9891661
0.99999726
0.9992107
0.80164945
0.18351
0.06467373
0.96657425
0.97638613
0.9724157
0.013773001
0.9678335
0.9485796
0.95480496
0.9687902
0.9999529
0.17031005
0.9808857
0.9999255
0.9918275
0.9903874
0.9305849
0.9853077
0.99989533
0.9999999
0.8251538
0.9844357
0.99996233
0.99191296
0.999553
0.0079245735
0.9349321
0.9866312
0.9999368
0.27268374
0.99988544
0.9964682
0.99768114
0.76972854
1.0
0.9552083
0.9493809
0.98560256
0.91055727
0.9998641
0.99780434
0.9450198
0.9998714
0.9953022
0.9654299
0.9429567
0.976493
0.92897254
0.89829546
0.6211437
0.9999447
0.44223434
0.7221844
0.9999403
0.82052886
0.95134324
0.9998684
0.9616003
0.96008706
0.95937216
0.9900351
0.9729682
0.9727974
0.80116034
0.9422672
0.9999509
0.93319714
0.9999987
0.06605212
0.76894563
0.9848519
0.99224913
0.971657
0.9922369
0.92103916
0.9894761
0.9657568
0.9973773
0.8943382
0.6646902
0.44600073
1.0
0.20363624
0.91692334
0.99088883
0.9070348
0.9371963
0.008444748
0.7864608
0.99745053
0.99999976
0.7315814
0.9956649
0.9999999
0.98157364
0.108186565
0.9840673
0.99995184
0.1854519
0.99931085
0.9878565
0.9866262
0.12925348
0.89401627
0.9981034
0.9049869
0.9487418
0.80321467
0.99934167
0.77535343
0.9417499
0.048497315
0.97587526
0.99074954
0.9685006
0.8047616
0.99577326
0.993956
0.9911283
1.0
0.9953791
0.99585354
0.9933182
0.27134213
0.9937691
0.9796265
0.9960522
0.5432948
0.9963238
0.07264429
0.9694992
0.95080584
0.99997556
0.9999999
0.74672747
0.106368214
0.999348
0.9999865
0.0068430225
0.9991621
0.9997062
0.99205035
0.9463675
0.9923906
0.99543816
0.9953294
0.9369941
0.9809503
0.99995816
0.6946808
0.99999654
0.99930644
0.9796856
0.9911663
0.99025166
0.9535664
0.993757
0.9135688
0.6932905
0.99996686
0.3210038
0.951592
0.9986368
0.99949324
0.99998546
0.43520126
0.7000334
0.96890455
0.79447275
0.97553307
0.97593427
0.92484766
0.9920562
0.8091706
0.9843465
0.98215
0.9969496
0.20315135
0.982408
0.98129565
0.99999964
0.99992716
0.8490068
0.9990043
0.99207133
0.9999981
0.9664137
0.9432771
0.90653527
1.0
0.05047557
0.962088
0.99689686
0.9999814
0.011420379
1.0
0.9149815
0.88828015
0.9546407
0.27373797
0.9952361
0.9721692
0.27214155
0.9866297
0.9374179
0.97138864
0.9872766
0.9999119
0.75662297
0.99913377
0.14950481
0.8322712
0.9864857
0.9248732
0.9619455
0.049028553
0.9999945
0.92856884
0.99508566
0.9570718
0.84857255
0.90359753
0.94786304
0.9972083
0.99997234
0.29365492
0.9953219
0.9859984
0.013065288
0.7271062
0.85554636
0.98858404
0.92928076
0.9999683
0.9999683
1.0
0.99814403
0.6731956
0.91803396
0.9864764
0.9984255
0.9999794
0.88035786
1.0
0.99149805
0.9999044
0.94782394
0.9993381
0.9803642
0.9999976
0.99992085
0.9999958
0.032595575
0.9674041
0.92975587
0.99999905
0.95041865
0.9831713
0.80764323
0.95303226
0.9999999
0.76824427
0.9892699
0.98853034
0.9497744
0.7086665
0.58324474
0.9300009
0.973969
0.9999846
0.21941926
0.9509324
0.2949567
0.9633314
0.9476502
0.96979594
0.99815184
0.30979383
0.60366875
0.9894741
0.97815907
0.98994935
0.99546236
0.9915432
0.9993794
0.9984492
0.9917836
0.70864975
0.23925734
0.92028487
0.9999974
1.0
0.99999297
0.9949758
0.9700304
0.7726515
0.9992781
0.99479264
0.22617264
0.9376176
0.95150524
0.9898421
0.99468863
0.2926549
1.0
0.9986694
0.9930542
0.8432662
0.99797493
0.5622908
0.33873206
0.9734047
0.98870987
0.86987156
0.88124377
0.9988495
0.9832439
0.99963534
0.9973271
0.8530522
0.7935073
0.4966156
0.8993048
0.9274667
0.06312017
0.94956636
0.0002875811
0.94692236
0.9822943
0.99995553
0.102556944
0.97601783
0.95893675
0.8057155
0.9975262
0.726765
0.9601742
0.9168411
0.9635009
0.980441
1.0
0.99999714
1.0
0.99422437
0.6586995
0.99972624
1.0
0.87378883
0.678266
1.0
0.94071513
0.94427985
0.9747055
0.99039245
0.9869775
0.967703
0.92697936
0.9903418
0.91155595
0.9954216
0.9997371
0.9974256
0.9826034
0.99646485
0.99587566
0.91855085
0.85590225
0.92769235
0.97474355
0.1554404
0.98245853
0.98069626
0.8808238
0.9929691
0.99983716
0.94648176
0.3095533
0.94877386
0.9999598
0.5108625
0.99999535
0.99953866
0.9999975
0.99330974
0.8729951
0.996029
0.9059259
0.9991798
0.9252543
0.99067044
0.99546033
0.030104108
0.118407145
0.9437616
0.9774279
0.72821623
0.09217204
0.72618306
0.9995548
0.9958093
0.99858284
0.9999616
0.99993944
0.9999819
0.9188309
0.99405223
0.9999993
0.92676276
0.9718855
0.99999
0.629421
0.9993942
0.9987388
0.9932961
0.9999988
0.6944611
0.9999857
0.9989052
0.79119474
1.0
0.9372425
0.9410105
0.98407125
0.9831193
0.40453383
0.2792742
0.88558066
1.0
0.9999808
0.02154183
0.9977552
0.15671077
0.9999989
0.93673277
0.95680934
0.96537817
0.9923355
4.696542e-05
0.14275238
0.9999027
0.8056443
0.9546592
0.99338585
0.9922051
0.18245733
0.99027795
0.9999999
0.9999999
0.91695553
0.9997998
0.21981668
0.94997835
1.0
0.9731222
0.98513883
0.62412703
0.9997547
0.016981822
0.9900705
0.99988556
0.9975695
0.99375397
1.0
0.99984515
0.998343
0.1407421
0.90365773
0.98216337
0.983575
0.996367
0.86615884
0.3561237
0.99670875
0.9988783
0.9706562
0.9835173
0.08225769
0.97285265
0.63924503
0.9966898
0.6737812
0.99797493
0.0009601914
0.9996375
0.9999958
0.99973315
0.9769974
0.0033039327
0.9966119
0.09035997
0.89733374
0.99943537
0.9290132
0.7266838
0.9176129
0.99778605
0.33154413
0.9999989
0.93198997
0.7895952
0.625481
0.95448774
0.98911464
0.98199457
0.99263835
1.0
0.99627846
0.5376913
0.9362203
0.89341694
0.99213725
0.5998331
0.8326458
0.80914193
0.9994234
0.95725167
0.9987613
0.9789067
0.8397411
0.9839934
0.999998
0.9359801
0.99999785
0.95418906
0.9640933
0.9848296
0.9999908
0.94593006
0.9328641
0.8545491
0.9981178
0.9999
0.96173793
0.8091577
0.62990505
0.19180363
1.641135e-06
0.9996866
0.30196777
0.99600166
0.9999995
0.98504746
0.8170809
1.0
0.93171084
0.9983883
0.9454377
0.95408267
0.94513625
0.98262686
0.99773407
0.99999845
0.9978678
0.9999912
0.2554156
0.77293706
0.91757697
0.9965939
0.99212295
0.9825948
0.9950906
0.9999523
0.277036
0.88851935
0.9958203
0.8271198
0.9292805
0.8241703
0.39277565
0.97612166
0.96156377
0.9997911
0.9997192
0.5249356
0.7363863
0.109678715
0.8709934
0.9615372
0.82502383
0.9577555
0.9999807
0.9031925
0.9600433
0.9967738
0.9978352
0.9999919
0.58093363
0.98936695
0.45798984
0.8550571
0.9999945
6.9530724e-05
2.4297927e-07
2.613929e-05
1.2260966e-07
1.104065e-06
0.019412113
0.17892827
0.9820825
0.060456544
0.054050017
0.0008260254
0.2818025
0.03675453
0.07156787
2.9600233e-06
5.4812e-07
7.2906026e-10
1.5250191e-05
0.012700279
0.001706161
0.038292848
0.0011508744
0.018212182
0.023260074
0.0014478097
0.025823845
0.10908674
0.34196275
0.03895593
0.047111064
0.19925855
0.026218498
3.142108e-05
0.07525654
0.22139241
0.00023012112
0.09488965
0.009155714
0.0007284842
0.03723972
0.0076936665
0.00011021897
0.028372483
0.0004177251
0.01958678
0.65994835
0.00014593311
0.013325889
0.043643724
2.2936476e-06
0.011846539
0.056495063
2.0289699e-05
0.008510941
0.028056331
0.010588627
0.094223075
0.0038986336
8.926866e-06
0.008653442
2.5235458e-06
1.6125765e-05
0.122330785
0.003267951
8.2493294e-08
0.61288154
1.5913627e-05
0.00016441748
4.515039e-05
2.4694972e-07
0.02077241
0.05194101
0.007714842
0.0035553188
0.08525074
0.23374707
4.3218947e-06
0.23429583
0.0005961259
0.01242334
0.030145139
0.059780303
0.001685834
0.8822697
0.20393996
0.23569861
0.019566864
0.053404845
0.036312237
0.0024206594
0.0008092873
0.0766601
0.13925269
0.0021053418
0.001405356
0.13560656
0.024275498
0.032827865
0.0053104674
0.09970143
0.45584524
0.07923137
0.01940146
0.5248398
0.010510786
0.29065916
0.0001049549
2.8018558e-05
0.35638705
0.010558197
0.0057250434
0.41124135
0.013389449
8.133967e-06
0.114226736
0.0025634444
0.08666
0.003390418
3.5084415e-06
0.0058826692
0.09944818
0.0003635568
9.7587355e-05
0.77389973
0.030625096
0.21387778
0.00014323718
0.24874835
0.6856453
0.005976459
0.06581918
0.0001609101
0.17878631
0.13686876
0.15087846
0.9406946
0.016699944
1.9060775e-05
0.015003729
0.004600471
0.13429132
0.019690096
0.00012397248
0.0006719771
0.00021566544
0.051340442
0.021192614
0.22031619
3.716125e-05
0.061967332
0.0027728782
0.005046461
0.048915077
0.041989565
0.2419841
0.41764307
0.00027359382
0.0017845536
0.098535225
0.002650391
0.07639039
0.58156496
0.022122605
0.0012192497
0.045166563
0.06773905
0.04946031
0.0112182805
0.0012387655
0.0037562384
6.0986687e-05
0.00014465794
6.9506525e-05
0.0025955935
0.02923513
0.03751518
0.026162518
0.2792044
0.08649439
0.00765076
0.11746984
0.00011426132
0.0380608
0.11050132
0.096285306
0.0022515901
8.120766e-05
0.016493613
0.037468232
0.0046808003
0.050459605
0.016060643
2.1977962e-06
3.041976e-05
0.00201361
0.011605678
0.0056116725
0.41188526
0.028858691
0.19321918
0.02557416
0.026873857
1.785171e-05
0.037384957
0.0043105725
0.016495436
7.535506e-05
0.95408094
0.15331556
0.00011160774
2.4867142e-05
0.017769303
0.019972913
0.17310858
0.03750547
0.021934744
0.101127476
0.006017173
0.0064954227
0.05108535
0.031745188
0.0072766324
6.234203e-06
0.8437218
0.020730522
0.13758245
0.9982035
0.09578967
0.43725485
0.08565855
0.004184924
0.0007967239
7.4134573e-06
0.1400265
0.064223126
0.26730722
0.2568466
0.15107971
0.029224098
0.0025946875
0.091442056
0.017583791
0.02765664
0.0015364592
9.264255e-08
0.0001775417
0.1297285
0.0042340513
0.0059727207
0.052476373
0.33894342
0.01739118
0.021287648
0.1699678
0.006539426
0.010814214
0.03827873
1.56932e-05
2.9347117e-05
0.43058372
2.8479077e-05
0.10681245
0.051903
0.039861895
0.3508485
0.02456655
0.34952268
0.33295593
0.44417304
0.0009266757
0.114998214
0.09642074
0.0017532194
0.20971037
0.03717313
0.040644772
0.01662433
0.024703046
0.12591551
0.2622796
0.0041447906
0.0305542
0.009304389
0.029363262
0.053363014
0.06499946
0.26366684
4.462661e-05
0.034258552
0.005413037
0.015391898
0.14772554
0.84654284
1.8068182e-05
2.858794e-07
0.003097483
0.025296018
0.00020124216
0.13302103
0.15706784
0.24643205
0.000120252116
0.04570801
0.024794435
0.06304112
3.2461776e-05
0.009710172
0.8293579
0.0008134744
1.769015e-05
0.0006142734
0.044903528
0.2392059
0.8197389
0.5363933
0.00015584171
0.10191921
0.033317607
0.035435896
0.49601808
0.010869745
0.007661349
0.084750086
0.034459524
0.11699461
0.25955117
0.045095403
0.3064657
0.0014913566
0.114029065
0.052820522
0.49812934
0.034513384
0.34496218
0.042593934
0.046531007
0.014253238
0.015528755
0.08918176
0.009612684
0.014791265
0.03864069
0.0017686934
0.07672243
0.00010441326
2.6039396e-07
0.08567438
0.0002156083
0.08056283
0.026987417
0.0014693323
0.0005154531
0.46086475
0.12529641
0.0276028
1.9548398e-09
0.05054814
0.00549148
0.45078894
0.22369507
0.15038551
0.010824324
0.00022911602
0.18636343
0.9016598
0.0004269052
0.012137035
2.7212667e-05
0.02135856
0.23692311
9.093604e-07
0.050758023
0.8820357
0.04406829
0.13462149
6.315321e-05
0.009361628
0.05341761
0.112504445
0.048914596
0.009019589
0.029351106
0.21472941
0.110009424
0.076928124
0.17679065
0.14536674
0.014669952
0.0061113094
0.6433437
0.0052285073
0.32472256
0.0002387201
0.002421182
0.05158605
0.040844467
0.01126745
0.007763805
0.035193652
0.0019461152
0.0156533
0.23589645
0.43102708
0.21830973
0.00204782
0.0029379448
0.22609255
0.040973853
0.2577532
0.014952057
0.22118086
0.0004408155
0.018454172
0.20963722
0.0057773287
0.28216594
0.026442135
0.0017362052
0.91945255
0.32719934
0.14508878
0.26223326
2.5615956e-05
0.7451628
0.16408826
0.007361866
0.13191155
0.010452861
0.007394827
0.060799163
0.0403257
0.7171862
0.86016554
0.3541317
0.0020452412
0.0022190858
0.013450952
0.7860219
0.0003127145
0.1028188
2.388391e-09
0.00012475562
0.11067567
2.3549735e-06
1.4747727e-05
0.05866125
0.00016159016
0.0092668
0.0410428
0.045224622
1.7553106e-06
0.0023604052
0.117861755
0.006042305
0.05899033
0.002563486
0.16201822
2.7580394e-05
0.12281344
3.2086533e-05
0.017225211
0.0016288576
0.0678439
0.10763435
0.003170084
0.16296457
0.0006069281
0.17617841
0.0014093032
0.41292298
0.032573942
0.04615321
0.0066706026
0.00014580751
0.2991879
0.045907203
0.006890998
0.34904364
0.014056092
0.001972024
0.00047498444
0.90151006
0.97347414
0.051672004
0.0006250997
0.024463695
0.9158839
0.0002128626
1.7310995e-05
0.040942837
0.03474351
0.01354637
0.0006815289
0.022409422
0.00042276128
0.40163705
0.0015932863
0.08286909
0.049351905
0.035786066
0.00020035417
0.28238934
0.16947684
0.00043659878
0.060750954
0.24198553
0.0023506193
0.4659306
0.001368895
0.15779136
0.013181257
0.00053555844
0.030175617
0.0058760857
5.6109093e-05
0.010763669
0.004670495
0.0008346014
0.00011071934
0.00049656717
0.02678852
0.017989159
0.012975692
0.48087695
0.07273193
0.0020266108
0.00357594
0.08356237
0.26160762
0.007433821
0.19408776
0.022224551
0.005623835
0.009135431
0.0066031483
2.1012277e-06
0.17301157
0.010677149
7.214508e-05
0.07519245
0.0072794575
0.07528286
0.00033711377
0.6884668
0.996424
0.006080905
0.0012307274
0.15811709
0.004861042
0.43758887
0.060328722
0.0010108126
0.0006745713
0.0021574527
0.07343058
0.46198756
0.01418389
0.036383577
0.010323992
0.0025855212
0.57151973
0.00017430254
2.137457e-05
0.065588236
8.913596e-12
0.08133397
0.18941124
0.9427368
0.022796666
0.030377816
0.15794902
0.25938103
0.017791344
0.0120942425
0.3434899
0.16612986
0.0014857902
0.0005331168
0.03824453
0.10412985
0.0013195937
4.287865e-06
3.0299294e-08
0.15115349
0.0034343794
0.09716765
0.013295727
0.0019825452
0.0001036943
0.09622054
0.0022359714
0.03055343
0.09046819
0.0015176322
0.039033428
0.00675595
0.03000822
0.09916828
0.1716072
0.062608466
0.012571323
0.06284642
0.06255517
0.00053312234
2.0397196e-05
0.020850264
0.007341662
0.042987872
0.6021283
0.0641346
0.06269197
0.5204497
0.009875873
0.048044413
0.08846559
0.1492641
0.002332205
0.016609214
0.29101685
0.889439
0.0026154262
0.021923466
8.340778e-05
0.0009013892
0.18348117
0.34713063
0.10855836
0.825117
0.0037299604
0.048164807
0.15416339
0.016189242
0.05670041
0.071927026
0.71445394
0.89568657
0.04152928
0.24195002
0.4681954
0.014824851
0.13526879
0.011074432
6.5539366e-06
0.018138142
0.095154494
0.0026412837
0.013017463
0.046951763
0.31991053
1.9300578e-05
0.8806586
0.0057081208
0.0003308897
0.027454147
5.0538147e-16
0.6796699
0.71827525
0.013002357
0.1242441
0.013367532
0.016848886
0.0657565
0.00927737
0.052118283
0.00023491196
0.0026840933
3.271804e-10
0.7413686
0.004603437
0.041870683
0.0024730798
0.0036148503
0.0014703961
0.23496573
0.06893466
0.018202815
0.00015001796
3.593336e-08
0.005967339
0.0004944489
1.5649024e-05
3.0982221e-06
0.0034928601
0.0003469637
0.00043640094
0.07972373
0.016800433
0.0059815175
0.0011422243
2.5273866e-05
0.013111945
0.0100140525
0.2344542
0.61188704
0.7257333
0.026910806
0.0016531398
0.0098994095
1.3397176e-05
0.040274147
0.023840982
0.088951
0.04659395
0.00497557
0.16414697
0.013985867
0.00042906648
0.0002998764
0.00040751818
0.02872764
0.0647174
0.27537423
0.020311223
0.18006381
0.008745479
3.2108626e-06
0.242496
0.036794577
0.0010189915
0.0026037698
0.0070196353
0.19385204
0.05015472
0.38549018
0.01449133
0.00015366873
0.20549157
0.0043412647
0.021718819
0.20350163
0.0252002
0.7805778
0.99090916
4.7504505e-05
0.00035619418
0.0009771585
0.10641567
0.002678883
7.101889e-06
0.66688347
0.6398318
0.011796321
0.09272267
0.146958
0.15829684
0.022889521
0.005080895
0.05315184
0.06289435
0.0004127426
0.4154413
0.08056417
0.04187102
0.0001376713
0.27973196
1.141072e-10
0.00825631
0.037035573
0.0023876
0.16408604
0.016648099
1.4910585e-05
0.0008090047
0.13993296
0.06383629
0.010769957
0.36394316
0.3093406
0.11942978
0.0012841258
0.022921793
0.19838437
0.005528963
4.3413725e-06
0.04861033
0.0016852523
5.412041e-13
0.036490295
0.020878224
0.00031284778
0.9531773
0.8720479
0.044105772
0.03402324
0.022920255
0.09179671
2.4997647e-08
0.017196586
0.22001255
0.020767076
0.0828713
3.7845993e-08
0.14821917
0.11156113
0.054133236
0.036975022
0.4703614
9.55316e-06
0.003970721
1.3592778e-05
0.04709396
5.0571696e-05
0.28068706
0.1313461
0.0068818643
0.033035014
0.46954438
0.0041157417
0.020746587
0.10393289
8.875688e-06
0.1469617
1.3737564e-07
0.025927523
0.011237126
0.017167278
0.008958912
0.016259331
0.88536066
0.13360007
0.06603638
0.100111894
0.015719976
0.020320838
0.0041057374
0.054955136
0.0029603746
0.062814996
0.00079498684
0.00073416065
0.001275842
0.9575558
0.010147421
0.07837027
1.1663857e-07
0.10453884
0.0536639
0.0053693815
0.0019197381
0.10544992
0.10732069
0.50406915
0.94197714
9.017533e-05
0.055719722
0.31272206
0.0496595
0.008723021
0.00532449
0.111362986
0.09340352
7.670845e-06
