0.14199346 0.85800654
0.0032868986 0.99671316
0.28688374 0.7131163
0.0027007319 0.99729925
0.5784546 0.42154536
0.0016792037 0.99832076
0.23834161 0.76165843
0.000458496 0.9995415
0.025929883 0.97407013
0.2804242 0.71957576
0.3530084 0.6469916
0.0032417672 0.9967583
0.5346514 0.46534857
0.0017190442 0.998281
0.6405128 0.35948724
0.16819996 0.83180004
0.10452641 0.8954736
0.0051159565 0.9948841
0.21301958 0.7869804
0.10525481 0.8947452
0.032059725 0.9679403
0.9880043 0.011995646
0.256424 0.743576
0.07926317 0.92073685
0.7537328 0.24626724
0.13115713 0.86884284
0.23092307 0.76907694
0.482253 0.517747
0.002115167 0.9978848
0.8433157 0.15668432
0.22740266 0.7725974
0.87602437 0.123975605
0.9060549 0.09394505
0.027469264 0.9725308
0.0011608388 0.9988392
0.6662701 0.33372992
0.20033893 0.7996611
0.2351874 0.76481265
0.045614667 0.95438534
0.025032893 0.97496706
0.21587998 0.78412
0.07083657 0.9291634
0.9957015 0.004298449
9.174973e-06 0.9999908
0.9209364 0.07906361
0.0015582296 0.99844176
0.01692936 0.9830707
0.10372094 0.89627904
0.4660261 0.53397393
0.1356358 0.8643642
0.014516549 0.9854835
0.35586753 0.6441325
0.046946812 0.9530532
0.06386729 0.93613267
0.32496396 0.675036
0.0001330909 0.99986684
0.0074118944 0.9925881
0.318802 0.68119806
0.0001872901 0.9998128
0.1991495 0.8008505
0.030574158 0.9694259
0.06284928 0.93715066
0.5836509 0.4163491
0.8847823 0.11521768
0.8917636 0.108236395
0.074380554 0.9256195
0.000961267 0.9990388
0.0014713178 0.9985287
0.020112412 0.9798876
0.1395507 0.8604493
0.27631763 0.72368234
0.0066730413 0.9933269
0.49477684 0.50522316
7.1446477e-12 1.0
0.043818988 0.95618105
0.0069765844 0.9930234
0.17358288 0.8264171
0.119642794 0.8803572
0.03651442 0.96348554
0.3799625 0.62003756
4.8811264e-05 0.99995124
0.32036495 0.6796351
0.4275301 0.5724699
0.0010760614 0.99892396
0.13266385 0.86733615
0.21522231 0.7847777
1.1422424e-27 1.0
0.041077144 0.9589228
0.84745485 0.15254511
0.25524583 0.74475414
0.77803284 0.22196715
0.0008207595 0.9991792
1.1246236e-06 0.9999989
0.9999745 2.5508356e-05
0.14614575 0.85385424
0.028298048 0.971702
0.9632356 0.036764357
0.0008609658 0.99913895
0.09499889 0.9050011
0.007505692 0.99249434
0.091454454 0.9085455
0.3423171 0.6576829
0.4347126 0.5652874
0.0007071087 0.99929285
0.8529558 0.14704415
0.5733394 0.4266606
0.005991259 0.9940088
0.010236318 0.9897636
0.19054295 0.809457
2.294211e-07 0.99999976
0.019770497 0.9802295
0.35618514 0.64381486
0.1557783 0.8442217
0.7192067 0.2807933
0.020404676 0.97959536
0.14051701 0.859483
0.08715012 0.91284996
0.020289257 0.97971076
0.19012876 0.8098712
0.0034005677 0.9965995
0.7255922 0.27440777
0.81898934 0.1810107
0.00044503 0.99955493
0.898912 0.10108797
1.3544899e-05 0.9999864
0.005702997 0.99429697
0.01877596 0.98122406
3.0362133e-11 1.0
0.14020297 0.859797
0.002196748 0.9978033
0.067004085 0.9329959
0.008925436 0.9910746
0.016615694 0.98338425
0.10353263 0.8964673
0.9872536 0.012746449
0.15843304 0.8415669
0.006834935 0.9931651
0.0010753911 0.99892455
6.732592e-05 0.99993265
0.7758637 0.2241363
0.28092188 0.7190781
0.00051811285 0.999482
0.0021145963 0.9978854
0.82858926 0.1714107
0.13346955 0.8665304
0.056930654 0.9430693
0.020031031 0.97996897
0.100728616 0.8992713
0.054528117 0.94547194
0.06808706 0.93191296
0.19558106 0.804419
0.15727185 0.84272814
0.01038604 0.98961395
0.026249658 0.97375035
0.06358972 0.9364103
0.00046788921 0.9995321
0.08652127 0.9134788
0.008645874 0.99135417
0.0417362 0.9582638
0.95039237 0.049607575
0.14530014 0.85469985
0.06286269 0.93713737
0.13815095 0.86184907
0.118217625 0.88178235
0.1192542 0.8807458
0.4640706 0.5359294
0.026773203 0.97322685
0.00020410174 0.999796
0.04684759 0.9531525
0.7932953 0.20670465
1.0961765e-05 0.99998903
0.00056202326 0.999438
0.24945185 0.7505481
0.3598736 0.6401264
0.8766035 0.12339651
0.008382443 0.9916176
0.09235886 0.9076411
0.37199742 0.6280026
0.6028831 0.39711687
0.5093697 0.4906304
0.19976169 0.8002383
0.12463537 0.87536466
0.0331495 0.9668505
0.025423268 0.9745768
3.9015746e-10 1.0
0.0013095982 0.9986904
0.012978056 0.987022
0.42768484 0.57231516
0.05656126 0.9434387
0.05035876 0.94964117
0.048926108 0.95107394
0.17771395 0.82228607
0.0009680774 0.9990319
0.01692539 0.9830746
9.063604e-07 0.99999905
0.08770517 0.91229486
0.9634225 0.036577575
0.067611136 0.93238884
0.15469113 0.8453089
0.00034768204 0.99965227
0.0003799653 0.99961996
1.1967492e-06 0.9999988
0.9115272 0.08847284
0.2228725 0.7771275
0.8011859 0.19881406
0.0487859 0.95121413
0.014188137 0.9858118
0.5188646 0.48113546
0.031174045 0.968826
2.4233277e-06 0.9999976
0.05292546 0.9470746
0.21966676 0.7803332
0.009012521 0.9909875
4.9543352e-05 0.9999504
0.012235085 0.9877649
0.010886024 0.9891139
4.191234e-05 0.99995804
0.15235214 0.84764785
0.006731139 0.9932688
0.036064822 0.96393514
0.64673054 0.35326946
0.3789669 0.6210331
7.40087e-09 1.0
5.660275e-07 0.9999994
0.9757279 0.0242721
0.055424742 0.9445753
0.010218397 0.9897816
3.55847e-08 1.0
0.80327874 0.19672126
0.34204483 0.65795517
0.123438716 0.8765613
3.2024589e-06 0.9999968
8.473942e-05 0.99991524
0.0017896123 0.99821043
1.5200663e-05 0.99998474
0.0008365728 0.9991634
4.820528e-05 0.99995184
0.061362904 0.9386371
0.0021527726 0.9978472
0.00061619206 0.9993838
0.9130393 0.08696074
0.0026205934 0.9973794
0.37202683 0.62797314
0.001051308 0.99894875
2.706164e-07 0.99999976
0.12680745 0.87319255
0.017447313 0.98255265
0.19213215 0.8078678
0.14969483 0.85030514
0.0039452286 0.99605477
0.028406303 0.97159374
0.06848674 0.9315132
0.4246037 0.5753963
0.044482175 0.9555179
0.008018261 0.9919817
0.20681292 0.7931871
0.60446155 0.39553845
0.8823551 0.11764487
0.5186919 0.4813081
0.0020700374 0.99792993
0.027850458 0.9721495
0.019887317 0.9801127
4.7839145e-05 0.9999522
0.96498555 0.03501438
0.37476087 0.62523913
0.004673091 0.9953269
0.20009023 0.7999098
0.98876035 0.011239621
0.004503704 0.9954963
0.0003651062 0.99963486
9.0663605e-05 0.9999093
0.61812454 0.38187543
0.13561703 0.864383
0.24654692 0.75345314
2.7032593e-05 0.99997294
0.1841576 0.8158424
0.7919302 0.2080698
0.0064632995 0.99353665
0.0001875099 0.99981254
0.0008255119 0.9991744
0.07573854 0.92426145
0.0007772467 0.99922276
0.98630226 0.013697772
0.05542142 0.9445786
0.76699716 0.23300284
5.98804e-07 0.9999994
0.6771075 0.32289252
0.004826194 0.9951739
0.012813394 0.98718655
0.017322144 0.9826779
0.27727407 0.722726
0.89989704 0.10010295
0.001243439 0.9987565
0.0048030857 0.9951969
0.0063504293 0.99364954
0.6512786 0.3487214
0.029129434 0.97087055
0.09064 0.90936005
0.10913744 0.8908626
0.8228072 0.17719284
0.0878302 0.9121698
0.07483129 0.9251687
0.9214731 0.07852692
0.86647314 0.13352686
0.022494528 0.9775055
0.9075756 0.09242442
0.34238884 0.6576112
0.00024801175 0.999752
0.0002726161 0.9997274
0.088717535 0.9112824
0.14629851 0.8537015
0.51432705 0.485673
0.11007576 0.8899242
0.013406655 0.98659337
0.30074993 0.69925004
0.21283239 0.78716767
0.62486106 0.37513894
1.5981854e-05 0.999984
0.049711633 0.95028836
0.0019736576 0.9980263
0.008591921 0.99140805
0.015384608 0.9846154
0.100724496 0.8992755
0.84896976 0.1510303
1.6328533e-05 0.99998367
0.078067414 0.9219325
0.0006762832 0.9993237
0.38650823 0.6134918
0.042088985 0.957911
0.061498307 0.9385017
0.28516048 0.7148396
0.0737612 0.92623883
0.123585105 0.8764149
0.029544765 0.9704552
0.022466684 0.9775333
0.8781816 0.12181849
0.11208138 0.88791865
0.072688825 0.9273112
2.917564e-05 0.9999708
0.80825055 0.19174944
0.019085666 0.98091435
0.1336181 0.8663818
0.00022939996 0.9997706
0.6776469 0.32235315
1.5693864e-06 0.99999845
0.09823914 0.9017609
0.00078278093 0.99921715
0.08154563 0.91845435
0.109274045 0.890726
0.14442149 0.8555785
0.00063348666 0.9993666
0.98558503 0.014415001
1.360775e-06 0.9999987
0.05454837 0.94545156
0.4093814 0.5906186
0.9994999 0.00050001923
0.0987757 0.90122426
0.9074103 0.0925897
0.043895718 0.9561042
0.91328824 0.08671183
0.0032350589 0.9967649
0.004085254 0.99591476
0.01837054 0.9816295
0.8540725 0.14592749
0.0010317124 0.99896824
0.004140929 0.9958591
0.082477085 0.9175229
0.0014399956 0.99856
0.04525702 0.954743
0.307164 0.692836
0.059447855 0.9405522
0.4507743 0.54922575
0.048012298 0.9519877
0.09236931 0.9076307
0.0020613002 0.9979387
0.98031837 0.019681621
0.9228539 0.07714613
0.04579082 0.95420927
0.0010811471 0.9989189
7.18541e-05 0.9999281
0.0702584 0.9297417
0.17561497 0.824385
3.554727e-05 0.9999645
0.0198687 0.9801313
0.90208 0.09791998
2.5788058e-08 1.0
0.10618101 0.893819
0.0041324804 0.9958675
0.0076038106 0.9923962
0.0010221661 0.9989779
0.0018107739 0.9981893
0.2447425 0.7552575
0.06016071 0.9398393
0.70380807 0.29619193
0.0016292034 0.9983708
0.28057003 0.71942997
0.28600135 0.71399856
3.5086691e-06 0.99999654
0.024330154 0.9756698
0.42588842 0.5741116
0.0065451036 0.9934549
0.076441996 0.923558
1.3132555e-05 0.9999869
0.0035481805 0.99645185
2.0783764e-06 0.999998
2.6076127e-06 0.9999974
0.018362299 0.9816378
0.018501943 0.98149806
0.22187856 0.7781214
0.036777355 0.9632227
0.01242244 0.98757756
0.21866086 0.78133917
1.0478598e-06 0.9999989
0.9731698 0.026830228
0.9298916 0.07010834
0.36562225 0.6343778
0.00056060764 0.9994394
0.0089946855 0.9910053
0.16579202 0.834208
2.5535284e-17 1.0
1.3611034e-06 0.9999987
0.0052233553 0.9947766
0.0014429415 0.99855703
0.06220677 0.9377932
0.27588576 0.7241142
0.096099004 0.903901
0.06673958 0.93326044
0.0029568358 0.9970432
0.744055 0.255945
0.098224014 0.901776
0.05081559 0.9491844
0.016282868 0.9837171
0.008029472 0.99197054
0.00088490895 0.99911505
0.0014508539 0.99854916
0.0023719077 0.99762815
0.21503745 0.78496253
0.7925082 0.20749179
0.03286303 0.96713704
0.2039902 0.79600984
0.0023955842 0.9976044
0.7581496 0.24185036
0.781226 0.21877404
0.005814014 0.9941859
0.027785098 0.97221494
0.0055834404 0.9944166
0.82398313 0.17601693
0.6887694 0.31123057
0.17536032 0.82463974
0.04813039 0.9518696
0.025559416 0.9744406
0.0006114589 0.9993886
0.9329142 0.067085765
0.013232867 0.9867671
0.5889902 0.4110098
0.013128627 0.98687136
0.011395927 0.98860407
0.02163423 0.9783658
0.7091588 0.2908412
0.8655363 0.13446373
0.88764226 0.112357706
0.6677082 0.3322918
0.5222716 0.47772843
3.1306908e-09 1.0
0.001568973 0.998431
0.18865219 0.81134784
0.0037468139 0.99625313
0.00927581 0.99072415
0.37378433 0.62621564
0.27003706 0.72996294
0.14097549 0.8590245
0.0054400642 0.99455994
0.10913846 0.8908616
0.50359726 0.49640274
0.23092307 0.76907694
0.23092307 0.76907694
0.113513924 0.886486
0.8452738 0.15472616
0.17207566 0.8279243
0.010838582 0.98916143
0.9258707 0.07412925
0.05757294 0.94242704
8.1473345e-06 0.9999919
0.16062492 0.8393751
0.12685435 0.87314564
0.02375184 0.9762482
0.00183143 0.9981686
0.011519258 0.9884807
0.10125805 0.898742
2.3200455e-08 1.0
0.07856728 0.9214327
0.9282095 0.071790524
0.0016518829 0.9983481
0.73066366 0.2693363
0.8583863 0.14161375
0.0004756194 0.99952435
0.07931855 0.9206815
0.10781801 0.892182
0.30000508 0.699995
4.0748502e-09 1.0
0.14656392 0.8534361
0.0036558828 0.99634415
0.019725177 0.98027486
0.30388862 0.6961114
0.0011285932 0.9988714
6.1362494e-05 0.9999386
0.065808594 0.9341914
0.019984955 0.980015
0.8032138 0.19678622
0.027287638 0.97271234
0.009904538 0.9900955
4.994447e-07 0.9999995
0.06790031 0.93209964
0.06550203 0.93449795
0.62348795 0.37651205
0.11627131 0.8837287
0.19182482 0.8081752
0.33323428 0.66676575
0.20541736 0.79458266
0.049784437 0.95021564
0.016938383 0.98306155
0.2227387 0.7772613
0.0989303 0.90106964
0.013060073 0.9869399
0.24434857 0.7556514
0.00010171331 0.9998983
0.040765706 0.95923436
0.18387212 0.8161279
0.042095084 0.95790493
0.4523115 0.5476885
0.0033301564 0.9966698
0.02945782 0.9705422
0.0672511 0.93274885
0.015269442 0.9847305
3.3576838e-05 0.9999664
0.117380716 0.8826193
0.06373704 0.93626297
0.011941167 0.98805887
0.45850092 0.5414991
0.2208094 0.7791906
0.2514976 0.74850243
0.78183025 0.21816975
0.025461184 0.9745388
0.005075359 0.99492466
0.4531747 0.54682535
0.06574637 0.93425363
2.9459108e-05 0.99997056
0.18084115 0.8191589
0.10014957 0.8998504
0.0007377888 0.99926215
0.2720542 0.7279458
0.020387607 0.9796124
0.00034411324 0.99965584
0.0018771421 0.9981229
0.0017923377 0.9982077
0.029591775 0.97040814
0.098046325 0.9019537
0.0019384715 0.9980615
0.002339312 0.99766064
2.66626e-06 0.9999974
0.001671771 0.99832827
0.07847698 0.9215231
0.04194928 0.9580507
0.0042909207 0.99570906
0.23229417 0.76770586
0.029125711 0.97087425
0.023682104 0.9763179
0.18065356 0.8193464
0.14581892 0.85418105
0.9917093 0.008290712
0.91362584 0.086374186
0.00015376753 0.9998462
0.91618717 0.08381277
0.12132001 0.87868005
0.89244723 0.10755271
0.012273363 0.9877266
0.14893599 0.851064
0.08162811 0.91837186
0.0006247873 0.9993753
0.0013142106 0.9986858
0.0006256028 0.99937445
0.37271816 0.62728184
0.5236971 0.47630292
0.80454963 0.19545038
0.14506823 0.85493183
0.0018012708 0.9981988
6.734005e-05 0.99993265
0.0059911595 0.9940089
3.155888e-07 0.99999964
0.9455328 0.05446718
0.11927498 0.880725
0.0560311 0.9439689
0.018772447 0.9812276
0.000562719 0.9994373
0.00024233796 0.9997577
0.73723346 0.26276648
0.013431894 0.9865681
0.022843823 0.97715616
0.15936464 0.84063536
0.89278454 0.1072155
0.056241963 0.943758
0.164304 0.83569604
0.0028151602 0.9971848
0.8698957 0.13010432
0.28673747 0.71326256
0.05821287 0.9417871
0.86586267 0.13413739
8.2187005e-05 0.99991786
0.0012795645 0.9987204
0.0076070786 0.9923929
0.00035465098 0.99964535
0.07817321 0.9218268
0.04632161 0.9536783
0.05463344 0.94536656
0.8175811 0.18241893
0.22602218 0.7739779
0.009732758 0.9902672
0.042871673 0.95712835
0.089838825 0.9101612
0.20275863 0.7972414
0.090656124 0.90934384
1.8346864e-05 0.99998164
0.044311143 0.9556889
0.059657197 0.9403428
0.00674653 0.9932535
0.008528205 0.9914718
0.022939036 0.977061
0.009196327 0.9908037
0.057552308 0.94244766
0.10387215 0.8961279
0.029661465 0.9703386
0.13374689 0.86625314
0.095367365 0.9046327
0.003273269 0.99672675
0.1900859 0.80991405
0.66041154 0.33958843
0.056013975 0.943986
0.010028121 0.9899719
1.3902727e-05 0.99998605
0.006203841 0.9937962
0.18152532 0.81847465
0.8343801 0.16561991
0.07424893 0.92575103
0.21716458 0.7828355
0.885085 0.11491504
0.0011744759 0.9988255
0.30185452 0.69814545
0.051353905 0.94864607
0.46353307 0.5364669
0.74758404 0.25241593
0.9338285 0.066171594
0.0030878566 0.9969121
0.07931686 0.9206831
0.1617097 0.8382903
0.005490959 0.99450904
0.8741834 0.12581664
0.9352893 0.06471069
0.4089642 0.59103584
0.14168207 0.8583179
0.08783391 0.9121661
4.644813e-07 0.9999995
0.52100587 0.4789941
0.22251835 0.7774817
0.20376408 0.7962359
0.20149174 0.7985083
0.01432263 0.98567736
0.0017521415 0.99824786
0.11562691 0.8843731
0.034395553 0.9656045
0.8233258 0.17667425
0.009915565 0.9900844
0.6364499 0.36355013
0.9849953 0.015004653
0.18800105 0.8119989
0.015819749 0.9841802
0.0049265646 0.9950734
0.29579479 0.7042052
0.028159067 0.9718409
0.00087410316 0.9991259
6.4812395e-15 1.0
0.9753194 0.024680628
2.0369278e-06 0.999998
0.042017024 0.957983
0.8554384 0.14456154
0.06081332 0.9391867
8.87841e-05 0.9999112
0.0212429 0.9787571
0.016055174 0.98394483
0.15889296 0.8411071
0.04372394 0.956276
0.00019757365 0.9998024
0.93981665 0.060183335
0.7951117 0.20488837
0.12348946 0.8765105
0.009695439 0.99030465
0.06305316 0.93694687
0.32943252 0.6705674
0.8736496 0.12635036
1.8114345e-06 0.9999982
1.7246844e-05 0.9999827
0.062109236 0.9378908
0.14010155 0.85989845
0.051508266 0.94849175
0.11312661 0.88687336
0.07086362 0.92913646
0.68308204 0.316918
0.13583355 0.86416644
0.7930389 0.20696107
5.22831e-13 1.0
0.0022421405 0.99775785
0.00047159722 0.9995284
1.461068e-11 1.0
0.23092307 0.76907694
0.04968345 0.9503166
0.93498576 0.065014206
0.08139021 0.9186098
0.045959853 0.95404017
0.15632574 0.8436743
0.87174076 0.12825924
0.071569845 0.9284302
0.9690935 0.030906515
0.008532419 0.9914676
0.00050498394 0.999495
0.02249104 0.9775089
0.29070863 0.70929134
9.330765e-10 1.0
0.8886513 0.11134872
0.30593923 0.6940608
0.013350085 0.98664993
0.08250453 0.9174955
0.27460632 0.7253937
0.08165339 0.91834664
0.15506923 0.84493077
0.10218467 0.8978153
0.8209952 0.1790048
0.07675708 0.92324287
0.001430461 0.9985695
0.0004972497 0.9995028
0.41361555 0.5863845
0.048707053 0.951293
0.68661994 0.3133801
0.001216588 0.9987834
0.21617468 0.7838253
0.9226459 0.07735415
0.42052966 0.5794704
0.106638044 0.8933619
0.015321483 0.9846785
0.8789101 0.121089935
0.37608135 0.62391865
0.3578935 0.64210653
0.26098105 0.7390189
0.00035464286 0.99964535
2.9210747e-05 0.9999708
0.03426086 0.96573913
0.059354793 0.9406452
0.28493357 0.7150665
5.8131993e-09 1.0
0.0021954547 0.9978046
0.012109367 0.9878906
0.89358664 0.10641337
0.0119138155 0.9880862
1.1042018e-06 0.9999989
3.6333207e-05 0.99996364
3.9623225e-09 1.0
0.010646713 0.9893533
0.08270248 0.91729754
0.92129433 0.078705594
0.014256775 0.9857432
0.032044057 0.96795595
0.0063010496 0.99369895
0.065597095 0.93440294
0.0019003014 0.99809974
2.7623837e-08 1.0
0.026101662 0.97389835
4.195417e-06 0.9999958
0.21367238 0.7863276
0.25679317 0.7432068
0.8972387 0.1027614
0.15157707 0.84842294
0.9994167 0.000583301
0.76473063 0.23526935
0.9785568 0.02144321
0.99936134 0.0006386175
0.9486165 0.051383495
0.12839271 0.87160724
0.9069702 0.0930298
0.82499576 0.1750042
0.5944159 0.40558413
0.9932516 0.0067483378
0.7488781 0.2511218
0.9998604 0.00013955061
0.8630201 0.13697986
0.29026636 0.70973366
0.9536138 0.046386134
0.91969025 0.0803097
0.9208295 0.079170585
0.91354007 0.086459965
0.9340988 0.06590124
0.112397544 0.88760245
0.94129705 0.05870295
0.8554585 0.14454153
0.8473915 0.15260856
0.99425596 0.005744026
0.88636744 0.11363252
0.9573088 0.04269116
0.79202056 0.20797946
0.7500373 0.24996267
0.99999404 5.9799754e-06
0.99606425 0.0039357943
0.9310465 0.06895348
0.8933473 0.10665265
0.9972882 0.0027118244
0.9702955 0.029704526
0.9847862 0.01521374
0.14321817 0.85678184
0.9940759 0.005924124
0.7713665 0.22863354
1.0 1.3241067e-09
0.8777281 0.12227187
0.87346065 0.12653932
0.89303386 0.10696613
0.9622772 0.03772283
0.9995859 0.0004141102
0.93666804 0.0633319
0.9234534 0.07654659
0.9983551 0.0016449302
0.18298317 0.8170168
0.9681291 0.0318709
0.70555604 0.29444402
0.92950994 0.07049005
0.9950433 0.0049566515
0.39100045 0.60899955
0.9857578 0.014242161
0.018147714 0.9818523
0.999887 0.00011303372
0.56288147 0.4371185
0.87523293 0.12476706
0.9999944 5.6055846e-06
0.9369275 0.063072525
0.9676155 0.032384522
0.98784167 0.012158397
0.99835443 0.0016455937
0.92058855 0.07941144
0.7123953 0.2876047
0.9984118 0.0015881715
0.4749176 0.52508247
0.88830644 0.11169357
0.8304468 0.16955322
0.8265351 0.17346492
0.9570459 0.042954102
0.8499471 0.15005289
0.95996135 0.040038634
0.99936324 0.00063677295
0.9846495 0.015350516
0.8313472 0.16865273
0.7548443 0.24515574
0.9983089 0.001691046
0.8516799 0.14832008
0.99835014 0.0016498222
0.9522458 0.047754224
0.9628871 0.03711294
0.97708344 0.02291657
0.80590653 0.19409342
0.9766991 0.023300914
0.7930115 0.2069885
0.9925978 0.007402184
0.910122 0.08987806
0.9997491 0.00025085267
0.64752316 0.3524769
0.75626177 0.24373826
0.9985862 0.0014138556
0.99741685 0.0025830925
0.9888348 0.011165243
0.9098831 0.090116926
0.9757431 0.024256881
0.99205256 0.007947455
0.9464949 0.053505078
0.98637867 0.013621387
0.2550047 0.7449953
0.984534 0.015465977
0.9998222 0.00017780106
0.96791136 0.03208864
0.97793365 0.022066433
0.9770567 0.022943366
0.99311537 0.0068846317
0.8240707 0.17592923
0.04343879 0.95656127
0.99212134 0.007878667
0.9678618 0.032138277
0.96596396 0.03403598
0.65951335 0.34048668
0.89240205 0.10759789
0.9074737 0.092526294
0.9183799 0.08162008
0.7974938 0.20250611
0.8318371 0.16816291
0.99999857 1.4146378e-06
0.7560336 0.24396636
0.99071455 0.009285429
0.97676086 0.023239143
0.92600375 0.073996276
0.55445147 0.44554847
0.8324276 0.16757241
0.9901025 0.009897504
0.4231158 0.5768842
0.85750633 0.14249364
0.84989196 0.150108
0.6902331 0.3097669
0.85595053 0.14404944
0.9490849 0.05091517
0.7773395 0.22266045
0.9284376 0.07156243
0.9976882 0.0023118176
0.9433412 0.056658745
0.95228976 0.047710285
0.8675455 0.13245448
0.91973615 0.08026386
0.81727177 0.1827283
0.99052435 0.0094757145
0.9144156 0.085584454
0.9828151 0.017184937
0.845579 0.15442099
0.99998486 1.5106254e-05
0.91214997 0.087850094
0.8236572 0.17634276
0.99078333 0.00921663
0.89877003 0.10123002
0.9100893 0.08991074
0.93610406 0.063896015
0.94122523 0.05877476
0.96207535 0.037924632
0.90199846 0.09800159
0.6866481 0.31335196
0.73457164 0.26542845
0.6534115 0.3465885
0.8204117 0.17958824
0.9997365 0.00026345297
0.98013663 0.019863399
0.98887956 0.011120451
0.8960202 0.10397986
0.979857 0.02014298
0.018058868 0.9819411
0.8924053 0.10759466
0.92799795 0.07200199
0.9860736 0.013926404
0.77896994 0.2210301
0.92162514 0.07837482
0.88404953 0.11595053
0.99317014 0.006829868
0.030854428 0.96914554
0.8524391 0.1475609
0.99344784 0.006552133
0.9399298 0.060070284
0.6694397 0.33056033
0.9490158 0.050984222
0.49636215 0.5036379
0.9980205 0.0019794444
0.8620297 0.13797036
0.9996544 0.0003456418
0.8747777 0.12522234
0.32618707 0.6738129
0.9580013 0.041998707
0.9925322 0.0074677933
0.79761904 0.20238096
0.9224724 0.07752758
0.84141743 0.15858252
0.83692944 0.16307057
0.8579744 0.14202562
0.90594035 0.09405964
0.84895015 0.15104984
0.95702374 0.04297628
0.9570181 0.042981885
0.96731746 0.0326825
0.99045277 0.009547272
0.99598914 0.0040108836
0.5042974 0.49570253
0.9999882 1.1783609e-05
0.97232336 0.027676627
0.9999473 5.2685322e-05
0.16370642 0.8362935
0.95812374 0.04187627
0.28692657 0.71307343
0.9929074 0.007092545
0.04465551 0.9553445
0.5944526 0.40554738
0.56323475 0.43676522
0.9978957 0.0021043022
0.9931485 0.0068514496
0.98894554 0.0110544115
0.96454394 0.035455994
0.9737037 0.026296286
0.80726326 0.19273676
0.37653884 0.6234612
0.98844796 0.011552072
0.91311234 0.08688767
0.9379019 0.06209802
0.9253437 0.074656285
0.85707283 0.14292721
0.8189157 0.18108428
0.940272 0.05972811
0.91759884 0.082401104
0.697847 0.30215296
0.98912525 0.010874729
0.9747581 0.025241945
0.83204603 0.16795401
0.72767234 0.27232763
0.89313245 0.10686761
0.7581454 0.24185464
0.9999994 5.594768e-07
0.9724697 0.027530296
0.84071237 0.15928756
0.89366 0.10634001
0.8644572 0.13554282
0.9857749 0.014225072
0.56744313 0.43255693
0.9099366 0.09006341
0.8413505 0.15864947
0.98163384 0.018366165
0.97231764 0.027682383
0.80442905 0.19557092
0.9989944 0.0010056008
0.91762435 0.082375675
0.9338094 0.06619054
0.9946262 0.005373758
0.9864095 0.013590483
0.74820495 0.25179508
0.8810731 0.11892689
0.9872348 0.012765232
0.89533454 0.1046654
0.9995024 0.000497537
0.9467341 0.05326593
0.8379056 0.16209446
0.9899024 0.010097658
0.927718 0.07228204
0.8980525 0.10194748
0.9244141 0.07558587
0.8327987 0.16720131
0.97591716 0.024082886
0.95199937 0.04800069
0.9918149 0.008185083
0.99999535 4.6216164e-06
0.98635477 0.013645266
0.96312195 0.036878027
0.96228504 0.03771493
0.73812795 0.26187202
0.96604097 0.033958994
0.6370138 0.36298624
0.3919693 0.6080307
0.97549975 0.024500296
0.9997484 0.00025162927
0.9534206 0.046579413
0.98066014 0.019339833
0.9267241 0.07327595
0.9322773 0.0677227
0.9833657 0.016634295
0.27856678 0.7214333
0.7860835 0.21391647
0.11675649 0.8832435
0.9251971 0.074802816
0.9561668 0.043833226
0.96660334 0.033396628
0.9844518 0.0155482385
0.9996327 0.00036723242
0.53276855 0.4672314
0.9283926 0.07160743
0.9999106 8.93876e-05
0.9230133 0.07698672
0.9311048 0.0688952
0.8530855 0.14691451
0.99192834 0.008071675
0.9340334 0.06596666
0.7500446 0.24995548
0.9743637 0.025636273
0.98950225 0.010497835
0.9872168 0.012783278
0.980074 0.019926004
0.9116181 0.08838186
0.8645079 0.13549209
0.9541097 0.045890335
0.50201195 0.49798805
0.9548917 0.045108266
0.9367516 0.06324833
0.7410071 0.25899285
0.9849443 0.015055691
0.99981934 0.00018063754
0.9961647 0.0038353375
0.4524232 0.5475768
0.390146 0.60985404
0.87321764 0.12678236
0.8669859 0.13301405
0.034819182 0.96518075
0.9956874 0.0043125497
0.9511409 0.048859153
0.9127688 0.08723117
0.87776273 0.12223726
0.94264126 0.0573587
0.9510389 0.048961144
0.91150343 0.088496566
0.8749738 0.1250262
0.9598026 0.040197298
0.9964329 0.003567031
0.9917745 0.008225472
0.8085057 0.19149433
0.8487343 0.15126574
0.7592531 0.24074693
0.9610361 0.038963985
0.98028404 0.01971592
0.9860724 0.013927509
0.96337867 0.03662141
0.8543773 0.14562267
0.9714897 0.028510282
0.98648053 0.013519468
0.99981505 0.00018501817
0.9787299 0.021270042
0.999283 0.00071699626
0.6792856 0.32071435
0.96477073 0.035229266
0.9748955 0.025104536
0.7538159 0.24618407
0.9643195 0.035680506
0.86648315 0.13351682
0.9276993 0.07230068
0.99535537 0.004644676
0.98937607 0.010623985
0.9934556 0.0065443777
0.43471143 0.56528854
0.9999995 4.178054e-07
0.85747164 0.14252836
0.9284092 0.07159084
0.9419095 0.05809057
0.9255626 0.07443737
0.9732189 0.026781086
0.9659511 0.03404887
0.99701595 0.0029840216
0.9036689 0.096331194
0.37890765 0.6210923
0.95365846 0.04634147
0.65145767 0.34854236
0.23092307 0.76907694
0.8548743 0.14512564
0.118128695 0.8818712
0.9911664 0.00883363
0.94732344 0.05267648
0.99873286 0.0012671031
0.5594902 0.44050974
0.9484542 0.05154581
0.8957527 0.1042473
0.8730845 0.12691545
0.79570824 0.20429167
0.998611 0.0013890113
0.22585118 0.77414876
0.96006674 0.039933313
0.9970836 0.0029163638
0.9856932 0.0143068135
0.94662946 0.05337053
0.9055329 0.09446703
0.99831474 0.0016853069
0.8185426 0.1814574
0.97755814 0.022441912
0.9644564 0.0355437
0.36013708 0.6398629
0.51939553 0.48060447
0.75578535 0.24421467
0.7225256 0.27747443
0.9987204 0.0012796011
0.9719015 0.028098544
0.9980223 0.001977748
0.9045956 0.09540446
0.7185287 0.2814713
0.92172384 0.0782761
0.8871039 0.11289614
0.9790997 0.02090033
0.85573816 0.14426187
0.8706241 0.12937585
0.93199426 0.068005815
0.9427436 0.057256367
0.9074137 0.09258626
0.8414984 0.15850165
0.88305163 0.11694841
0.9597618 0.04023824
0.20699441 0.7930056
0.668364 0.33163598
0.97890043 0.02109962
0.79205006 0.20794989
0.84458524 0.15541478
0.9924406 0.007559459
0.92797047 0.072029516
0.96418333 0.035816666
0.9604864 0.039513577
0.993616 0.006384058
0.99618006 0.0038199974
0.7818658 0.21813422
0.7914784 0.20852159
0.8754761 0.12452393
0.87662715 0.12337284
0.96810716 0.031892817
0.94618124 0.053818826
0.9120838 0.08791624
0.87012416 0.12987585
0.95899266 0.041007333
0.97998595 0.020014022
0.85936385 0.14063615
0.89590454 0.10409539
0.9236477 0.0763523
0.92476267 0.07523731
0.36943632 0.6305637
0.96871287 0.031287137
0.99048364 0.009516416
0.9482209 0.051779076
0.9997565 0.00024353035
0.1695719 0.8304281
0.9170638 0.08293617
0.99758625 0.0024138018
0.93871933 0.061280638
0.5779785 0.42202154
0.9029092 0.09709075
0.95053434 0.04946568
0.9865921 0.0134078525
0.9914197 0.008580304
0.5168356 0.4831644
0.7764489 0.22355112
0.9609541 0.039045822
0.7119736 0.28802645
0.80808455 0.19191547
0.99554884 0.0044511724
0.48524418 0.51475585
0.60437626 0.3956237
0.9397047 0.060295206
0.9180194 0.081980534
0.93598956 0.06401045
0.31894815 0.68105185
0.98283523 0.017164702
0.6104938 0.38950628
0.8574066 0.1425934
0.7927692 0.2072308
0.98445314 0.015546829
0.17424034 0.82575965
0.9745764 0.02542361
0.90582967 0.09417025
0.5685243 0.4314757
0.97830075 0.021699304
0.90236354 0.097636476
0.9962954 0.0037045518
0.9388856 0.061114408
0.93331313 0.06668684
0.9744985 0.025501467
0.8969956 0.10300438
0.8321505 0.16784953
0.9146344 0.08536559
0.26055497 0.7394451
0.905217 0.09478299
0.8703451 0.12965491
0.85466605 0.14533396
0.59288836 0.40711167
0.8362761 0.16372387
0.95609474 0.04390526
0.9765751 0.023424918
0.9343615 0.06563845
0.93340003 0.06659991
0.96588176 0.03411819
0.98752147 0.012478447
0.719443 0.28055695
0.89606833 0.103931695
0.9031495 0.09685045
0.95467335 0.045326617
0.7130489 0.28695115
0.7104898 0.28951022
0.99425876 0.0057412656
0.64449173 0.3555083
0.527914 0.47208604
0.6646761 0.335324
0.9999962 3.850197e-06
0.9967277 0.0032722966
0.870934 0.12906602
0.9517387 0.048261236
0.9147763 0.08522361
0.96658236 0.033417556
0.9733704 0.026629617
0.8527892 0.14721072
0.7586025 0.24139757
0.9788519 0.02114809
0.5618248 0.43817523
0.9791117 0.020888306
0.94567466 0.054325376
0.6342099 0.36579016
0.99062496 0.009375117
0.6846521 0.3153479
0.9999999 1.2465907e-07
0.89634806 0.10365187
0.98631257 0.013687418
0.9801512 0.019848876
0.86788505 0.13211492
0.69851005 0.30148992
0.90223175 0.09776821
0.80597615 0.19402382
0.8856691 0.11433088
0.9312467 0.06875327
0.9536235 0.04637653
0.9935395 0.0064605204
0.96165115 0.038348835
0.97798276 0.022017237
0.96448994 0.035510022
0.5984509 0.4015492
0.92063016 0.07936983
1.0 1.0060644e-08
0.8285513 0.1714487
0.90374273 0.09625726
0.9875101 0.012489839
0.9123162 0.08768378
0.99721825 0.0027817423
0.84819126 0.15180872
0.9970626 0.0029373248
0.98593533 0.014064644
0.96090394 0.03909602
0.9980921 0.0019079028
0.9978452 0.0021548325
0.4860694 0.5139306
0.99564594 0.0043540453
0.9541031 0.045896895
0.99140996 0.008590085
0.9989887 0.0010112585
0.93834674 0.06165327
0.9701619 0.029838039
0.9933369 0.0066630994
0.8685051 0.1314948
0.9807897 0.019210353
0.97111875 0.028881283
0.91283923 0.087160766
0.9927053 0.0072946376
0.579577 0.42042294
0.89364946 0.1063505
0.8132381 0.18676193
0.9065407 0.093459286
0.9701478 0.029852211
0.9496098 0.050390173
0.7957922 0.20420784
0.7918708 0.2081292
0.99379647 0.006203582
0.63037336 0.3696266
0.9984975 0.0015024943
0.9833455 0.016654478
0.97578806 0.02421193
0.9728405 0.027159529
0.99999833 1.709043e-06
0.6813952 0.31860483
0.99616504 0.0038349566
0.6480951 0.3519049
0.9999714 2.8628245e-05
0.9177916 0.08220839
0.8352106 0.16478936
0.96606123 0.03393884
0.5124526 0.48754737
0.9290199 0.07097998
0.88628906 0.11371096
0.9224307 0.07756926
0.58277017 0.4172298
0.9424715 0.05752845
0.9887139 0.011286019
0.9338387 0.06616121
0.88640404 0.11359592
0.770695 0.22930498
0.99999 9.994593e-06
0.9945163 0.005483717
0.8895489 0.110451154
0.8013152 0.19868478
0.9441488 0.05585122
0.8336738 0.1663262
0.9192898 0.080710106
0.94986755 0.05013242
0.7901076 0.20989239
0.9806147 0.019385263
0.88327605 0.11672389
0.22060941 0.7793906
0.9625353 0.037464686
0.9527257 0.047274243
0.61348766 0.38651234
4.1816776e-07 0.9999995
0.86197287 0.13802712
0.7133768 0.28662318
0.87569565 0.124304384
0.8480975 0.15190248
0.97111535 0.02888464
0.9473767 0.05262328
0.9981406 0.0018593849
0.7286043 0.27139574
0.9763922 0.023607852
0.8646291 0.13537091
0.93998545 0.060014527
0.9221556 0.0778444
0.79448813 0.20551185
0.98735887 0.012641127
0.06252197 0.93747807
0.7680852 0.23191482
0.9982792 0.0017208109
0.9821406 0.017859476
0.44392982 0.5560702
0.9623037 0.037696328
0.96829504 0.03170501
0.8913713 0.1086287
0.9031493 0.09685068
0.99958163 0.00041835598
0.8462174 0.15378264
0.7774813 0.22251876
0.7787457 0.22125427
0.97221214 0.027787905
0.94227934 0.057720613
0.79754645 0.20245357
0.90504533 0.09495464
0.9511217 0.048878334
0.93010956 0.06989042
0.98193765 0.018062353
0.7611758 0.23882422
0.9347983 0.06520174
0.8774001 0.12259991
0.8886109 0.11138911
0.9185684 0.08143167
0.9152792 0.084720775
0.91360265 0.08639741
0.9569989 0.043001164
0.9891105 0.010889464
0.9836474 0.01635261
0.888967 0.11103305
0.9999931 6.8905606e-06
0.9532858 0.04671419
0.9729259 0.027074127
0.8700932 0.12990677
0.1528263 0.8471737
0.9366002 0.063399866
0.9271907 0.072809234
0.98932344 0.010676564
0.8050488 0.1949512
0.99648076 0.0035192925
0.9782909 0.021709053
0.9973464 0.0026535261
0.899299 0.100701004
0.94547045 0.054529577
0.60292405 0.39707592
0.9267074 0.07329264
0.92735636 0.072643675
0.96719086 0.032809164
0.15941186 0.84058815
0.9876737 0.012326309
0.9126877 0.08731222
0.8658973 0.13410269
0.81919485 0.18080513
0.9530483 0.046951696
0.99153847 0.008461531
0.8774692 0.12253085
0.9999976 2.3280259e-06
0.6988852 0.30111483
0.8876022 0.11239781
0.91726744 0.08273253
0.86029494 0.13970503
0.8846961 0.11530387
0.27731284 0.7226871
0.9768102 0.023189701
0.9538681 0.046131898
0.812639 0.187361
0.5093748 0.49062526
0.988027 0.011972971
0.998049 0.0019510079
0.96803164 0.031968288
0.9022058 0.097794145
0.9951062 0.0048938002
0.9684752 0.031524822
0.9549741 0.045025896
0.99211955 0.007880494
0.7329101 0.2670899
0.9946143 0.00538563
0.70594156 0.29405847
0.99998665 1.3388797e-05
0.8798317 0.12016839
0.99531084 0.0046892148
0.8484368 0.15156324
0.9464822 0.053517874
0.99996936 3.063291e-05
0.9024463 0.09755364
0.0001976596 0.9998024
0.99841094 0.0015890609
0.7360852 0.26391482
0.32051197 0.67948806
0.945496 0.054504003
0.9974873 0.002512651
0.83195955 0.16804048
0.18132336 0.81867665
0.38414016 0.6158599
0.9940367 0.0059633157
0.88606954 0.11393052
0.99353117 0.006468848
0.96545327 0.034546804
0.99862707 0.0013729059
0.9707554 0.029244633
0.3682995 0.6317005
0.8945859 0.10541413
0.8866278 0.11337219
0.96687263 0.033127405
0.8493553 0.15064478
0.85188234 0.14811766
0.9595911 0.040408943
0.9928935 0.007106478
0.8508839 0.14911613
0.9024358 0.09756422
0.7039652 0.2960348
0.15097304 0.849027
0.9024982 0.09750176
0.98110896 0.018891081
0.9999498 5.0151037e-05
0.99441576 0.0055841915
0.9201903 0.079809725
0.8674861 0.13251394
0.9999701 2.9964187e-05
0.9245936 0.07540639
0.9693803 0.030619675
0.64932543 0.35067454
0.96945614 0.030543817
0.95741796 0.04258201
0.944695 0.05530506
0.54295045 0.45704958
0.59466404 0.40533596
0.92088807 0.07911188
0.88262755 0.11737243
0.97223806 0.0277619
0.9576334 0.04236667
0.91567266 0.08432735
0.99058694 0.009413075
0.9934876 0.0065123937
0.56874347 0.4312565
0.99926716 0.00073284865
0.99868244 0.001317518
0.9995939 0.00040613444
0.23084074 0.76915926
0.84943515 0.15056482
0.9693834 0.030616516
0.99503726 0.0049626995
0.8885071 0.11149293
0.8575268 0.1424733
0.97667867 0.023321396
0.9294406 0.07055938
0.2918946 0.7081054
0.9715925 0.028407505
0.6784162 0.32158387
0.8995924 0.10040766
0.62074935 0.37925062
0.6656436 0.3343565
0.9999924 7.668329e-06
0.7938876 0.2061124
0.95179766 0.04820228
0.96035546 0.039644513
0.82910544 0.17089455
0.91202193 0.087978125
0.9998665 0.00013351368
0.8894641 0.110535905
0.99881965 0.0011803731
0.91559327 0.084406696
0.9965642 0.0034357633
0.99470794 0.0052920613
0.95395166 0.04604842
0.93814474 0.061855197
0.97136825 0.028631708
0.9337648 0.066235155
0.9985032 0.0014968402
0.99107987 0.008920136
0.90080667 0.09919335
0.8533446 0.14665543
0.7467775 0.25322255
0.9913771 0.008622845
0.86635923 0.13364084
0.7486912 0.25130883
0.9345463 0.065453686
0.9545587 0.04544129
0.02850595 0.971494
0.99389243 0.0061076414
0.93889785 0.061102152
0.9397439 0.060256127
0.9108357 0.08916432
0.9874068 0.012593241
0.8555233 0.14447664
0.87603736 0.12396265
0.44506022 0.55493975
0.978079 0.021921044
0.9139196 0.08608034
0.87250584 0.1274942
0.049715184 0.95028484
0.9707645 0.029235454
0.9507 0.049299963
0.61055046 0.38944957
0.9814068 0.018593216
0.60308903 0.3969109
0.6820888 0.31791124
0.972355 0.027644936
0.5444759 0.4555241
0.9937431 0.006256829
0.8169739 0.18302615
0.11814242 0.8818575
0.9649394 0.03506057
0.98760265 0.012397381
0.9907712 0.00922876
0.9995983 0.00040174046
0.75792146 0.24207859
0.99399275 0.0060072136
0.937069 0.06293095
0.87950677 0.120493196
0.997618 0.002381903
0.9878906 0.012109436
0.9244619 0.07553809
0.3469968 0.65300316
0.9810277 0.018972298
0.9986388 0.0013612347
0.9856147 0.014385317
0.9246436 0.07535645
0.9881093 0.011890676
0.5679795 0.4320204
0.9496418 0.050358206
0.9999987 1.3640517e-06
0.5516684 0.44833156
0.9134489 0.086551055
0.685765 0.31423497
0.23092307 0.76907694
0.9874784 0.012521634
0.89561635 0.10438358
0.71647435 0.28352568
0.8729393 0.12706071
0.96568453 0.03431551
0.98787224 0.012127783
0.77630997 0.22369002
0.9640888 0.035911217
0.6218177 0.37818235
0.9067633 0.09323673
0.9666541 0.03334588
0.928009 0.071991086
0.98776895 0.012231004
