0.85800654
0.99671316
0.7131163
0.99729925
0.42154536
0.99832076
0.76165843
0.9995415
0.97407013
0.71957576
0.6469916
0.9967583
0.46534857
0.998281
0.35948724
0.83180004
0.8954736
0.9948841
0.7869804
0.8947452
0.9679403
0.011995646
0.743576
0.92073685
0.24626724
0.86884284
0.76907694
0.517747
0.9978848
0.15668432
0.7725974
0.123975605
0.09394505
0.9725308
0.9988392
0.33372992
0.7996611
0.76481265
0.95438534
0.97496706
0.78412
0.9291634
0.004298449
0.9999908
0.07906361
0.99844176
0.9830707
0.89627904
0.53397393
0.8643642
0.9854835
0.6441325
0.9530532
0.93613267
0.675036
0.99986684
0.9925881
0.68119806
0.9998128
0.8008505
0.9694259
0.93715066
0.4163491
0.11521768
0.108236395
0.9256195
0.9990388
0.9985287
0.9798876
0.8604493
0.72368234
0.9933269
0.50522316
1.0
0.95618105
0.9930234
0.8264171
0.8803572
0.96348554
0.62003756
0.99995124
0.6796351
0.5724699
0.99892396
0.86733615
0.7847777
1.0
0.9589228
0.15254511
0.74475414
0.22196715
0.9991792
0.9999989
2.5508356e-05
0.85385424
0.971702
0.036764357
0.99913895
0.9050011
0.99249434
0.9085455
0.6576829
0.5652874
0.99929285
0.14704415
0.4266606
0.9940088
0.9897636
0.809457
0.99999976
0.9802295
0.64381486
0.8442217
0.2807933
0.97959536
0.859483
0.91284996
0.97971076
0.8098712
0.9965995
0.27440777
0.1810107
0.99955493
0.10108797
0.9999864
0.99429697
0.98122406
1.0
0.859797
0.9978033
0.9329959
0.9910746
0.98338425
0.8964673
0.012746449
0.8415669
0.9931651
0.99892455
0.99993265
0.2241363
0.7190781
0.999482
0.9978854
0.1714107
0.8665304
0.9430693
0.97996897
0.8992713
0.94547194
0.93191296
0.804419
0.84272814
0.98961395
0.97375035
0.9364103
0.9995321
0.9134788
0.99135417
0.9582638
0.049607575
0.85469985
0.93713737
0.86184907
0.88178235
0.8807458
0.5359294
0.97322685
0.999796
0.9531525
0.20670465
0.99998903
0.999438
0.7505481
0.6401264
0.12339651
0.9916176
0.9076411
0.6280026
0.39711687
0.4906304
0.8002383
0.87536466
0.9668505
0.9745768
1.0
0.9986904
0.987022
0.57231516
0.9434387
0.94964117
0.95107394
0.82228607
0.9990319
0.9830746
0.99999905
0.91229486
0.036577575
0.93238884
0.8453089
0.99965227
0.99961996
0.9999988
0.08847284
0.7771275
0.19881406
0.95121413
0.9858118
0.48113546
0.968826
0.9999976
0.9470746
0.7803332
0.9909875
0.9999504
0.9877649
0.9891139
0.99995804
0.84764785
0.9932688
0.96393514
0.35326946
0.6210331
1.0
0.9999994
0.0242721
0.9445753
0.9897816
1.0
0.19672126
0.65795517
0.8765613
0.9999968
0.99991524
0.99821043
0.99998474
0.9991634
0.99995184
0.9386371
0.9978472
0.9993838
0.08696074
0.9973794
0.62797314
0.99894875
0.99999976
0.87319255
0.98255265
0.8078678
0.85030514
0.99605477
0.97159374
0.9315132
0.5753963
0.9555179
0.9919817
0.7931871
0.39553845
0.11764487
0.4813081
0.99792993
0.9721495
0.9801127
0.9999522
0.03501438
0.62523913
0.9953269
0.7999098
0.011239621
0.9954963
0.99963486
0.9999093
0.38187543
0.864383
0.75345314
0.99997294
0.8158424
0.2080698
0.99353665
0.99981254
0.9991744
0.92426145
0.99922276
0.013697772
0.9445786
0.23300284
0.9999994
0.32289252
0.9951739
0.98718655
0.9826779
0.722726
0.10010295
0.9987565
0.9951969
0.99364954
0.3487214
0.97087055
0.90936005
0.8908626
0.17719284
0.9121698
0.9251687
0.07852692
0.13352686
0.9775055
0.09242442
0.6576112
0.999752
0.9997274
0.9112824
0.8537015
0.485673
0.8899242
0.98659337
0.69925004
0.78716767
0.37513894
0.999984
0.95028836
0.9980263
0.99140805
0.9846154
0.8992755
0.1510303
0.99998367
0.9219325
0.9993237
0.6134918
0.957911
0.9385017
0.7148396
0.92623883
0.8764149
0.9704552
0.9775333
0.12181849
0.88791865
0.9273112
0.9999708
0.19174944
0.98091435
0.8663818
0.9997706
0.32235315
0.99999845
0.9017609
0.99921715
0.91845435
0.890726
0.8555785
0.9993666
0.014415001
0.9999987
0.94545156
0.5906186
0.00050001923
0.90122426
0.0925897
0.9561042
0.08671183
0.9967649
0.99591476
0.9816295
0.14592749
0.99896824
0.9958591
0.9175229
0.99856
0.954743
0.692836
0.9405522
0.54922575
0.9519877
0.9076307
0.9979387
0.019681621
0.07714613
0.95420927
0.9989189
0.9999281
0.9297417
0.824385
0.9999645
0.9801313
0.09791998
1.0
0.893819
0.9958675
0.9923962
0.9989779
0.9981893
0.7552575
0.9398393
0.29619193
0.9983708
0.71942997
0.71399856
0.99999654
0.9756698
0.5741116
0.9934549
0.923558
0.9999869
0.99645185
0.999998
0.9999974
0.9816378
0.98149806
0.7781214
0.9632227
0.98757756
0.78133917
0.9999989
0.026830228
0.07010834
0.6343778
0.9994394
0.9910053
0.834208
1.0
0.9999987
0.9947766
0.99855703
0.9377932
0.7241142
0.903901
0.93326044
0.9970432
0.255945
0.901776
0.9491844
0.9837171
0.99197054
0.99911505
0.99854916
0.99762815
0.78496253
0.20749179
0.96713704
0.79600984
0.9976044
0.24185036
0.21877404
0.9941859
0.97221494
0.9944166
0.17601693
0.31123057
0.82463974
0.9518696
0.9744406
0.9993886
0.067085765
0.9867671
0.4110098
0.98687136
0.98860407
0.9783658
0.2908412
0.13446373
0.112357706
0.3322918
0.47772843
1.0
0.998431
0.81134784
0.99625313
0.99072415
0.62621564
0.72996294
0.8590245
0.99455994
0.8908616
0.49640274
0.76907694
0.76907694
0.886486
0.15472616
0.8279243
0.98916143
0.07412925
0.94242704
0.9999919
0.8393751
0.87314564
0.9762482
0.9981686
0.9884807
0.898742
1.0
0.9214327
0.071790524
0.9983481
0.2693363
0.14161375
0.99952435
0.9206815
0.892182
0.699995
1.0
0.8534361
0.99634415
0.98027486
0.6961114
0.9988714
0.9999386
0.9341914
0.980015
0.19678622
0.97271234
0.9900955
0.9999995
0.93209964
0.93449795
0.37651205
0.8837287
0.8081752
0.66676575
0.79458266
0.95021564
0.98306155
0.7772613
0.90106964
0.9869399
0.7556514
0.9998983
0.95923436
0.8161279
0.95790493
0.5476885
0.9966698
0.9705422
0.93274885
0.9847305
0.9999664
0.8826193
0.93626297
0.98805887
0.5414991
0.7791906
0.74850243
0.21816975
0.9745388
0.99492466
0.54682535
0.93425363
0.99997056
0.8191589
0.8998504
0.99926215
0.7279458
0.9796124
0.99965584
0.9981229
0.9982077
0.97040814
0.9019537
0.9980615
0.99766064
0.9999974
0.99832827
0.9215231
0.9580507
0.99570906
0.76770586
0.97087425
0.9763179
0.8193464
0.85418105
0.008290712
0.086374186
0.9998462
0.08381277
0.87868005
0.10755271
0.9877266
0.851064
0.91837186
0.9993753
0.9986858
0.99937445
0.62728184
0.47630292
0.19545038
0.85493183
0.9981988
0.99993265
0.9940089
0.99999964
0.05446718
0.880725
0.9439689
0.9812276
0.9994373
0.9997577
0.26276648
0.9865681
0.97715616
0.84063536
0.1072155
0.943758
0.83569604
0.9971848
0.13010432
0.71326256
0.9417871
0.13413739
0.99991786
0.9987204
0.9923929
0.99964535
0.9218268
0.9536783
0.94536656
0.18241893
0.7739779
0.9902672
0.95712835
0.9101612
0.7972414
0.90934384
0.99998164
0.9556889
0.9403428
0.9932535
0.9914718
0.977061
0.9908037
0.94244766
0.8961279
0.9703386
0.86625314
0.9046327
0.99672675
0.80991405
0.33958843
0.943986
0.9899719
0.99998605
0.9937962
0.81847465
0.16561991
0.92575103
0.7828355
0.11491504
0.9988255
0.69814545
0.94864607
0.5364669
0.25241593
0.066171594
0.9969121
0.9206831
0.8382903
0.99450904
0.12581664
0.06471069
0.59103584
0.8583179
0.9121661
0.9999995
0.4789941
0.7774817
0.7962359
0.7985083
0.98567736
0.99824786
0.8843731
0.9656045
0.17667425
0.9900844
0.36355013
0.015004653
0.8119989
0.9841802
0.9950734
0.7042052
0.9718409
0.9991259
1.0
0.024680628
0.999998
0.957983
0.14456154
0.9391867
0.9999112
0.9787571
0.98394483
0.8411071
0.956276
0.9998024
0.060183335
0.20488837
0.8765105
0.99030465
0.93694687
0.6705674
0.12635036
0.9999982
0.9999827
0.9378908
0.85989845
0.94849175
0.88687336
0.92913646
0.316918
0.86416644
0.20696107
1.0
0.99775785
0.9995284
1.0
0.76907694
0.9503166
0.065014206
0.9186098
0.95404017
0.8436743
0.12825924
0.9284302
0.030906515
0.9914676
0.999495
0.9775089
0.70929134
1.0
0.11134872
0.6940608
0.98664993
0.9174955
0.7253937
0.91834664
0.84493077
0.8978153
0.1790048
0.92324287
0.9985695
0.9995028
0.5863845
0.951293
0.3133801
0.9987834
0.7838253
0.07735415
0.5794704
0.8933619
0.9846785
0.121089935
0.62391865
0.64210653
0.7390189
0.99964535
0.9999708
0.96573913
0.9406452
0.7150665
1.0
0.9978046
0.9878906
0.10641337
0.9880862
0.9999989
0.99996364
1.0
0.9893533
0.91729754
0.078705594
0.9857432
0.96795595
0.99369895
0.93440294
0.99809974
1.0
0.97389835
0.9999958
0.7863276
0.7432068
0.1027614
0.84842294
0.000583301
0.23526935
0.02144321
0.0006386175
0.051383495
0.87160724
0.0930298
0.1750042
0.40558413
0.0067483378
0.2511218
0.00013955061
0.13697986
0.70973366
0.046386134
0.0803097
0.079170585
0.086459965
0.06590124
0.88760245
0.05870295
0.14454153
0.15260856
0.005744026
0.11363252
0.04269116
0.20797946
0.24996267
5.9799754e-06
0.0039357943
0.06895348
0.10665265
0.0027118244
0.029704526
0.01521374
0.85678184
0.005924124
0.22863354
1.3241067e-09
0.12227187
0.12653932
0.10696613
0.03772283
0.0004141102
0.0633319
0.07654659
0.0016449302
0.8170168
0.0318709
0.29444402
0.07049005
0.0049566515
0.60899955
0.014242161
0.9818523
0.00011303372
0.4371185
0.12476706
5.6055846e-06
0.063072525
0.032384522
0.012158397
0.0016455937
0.07941144
0.2876047
0.0015881715
0.52508247
0.11169357
0.16955322
0.17346492
0.042954102
0.15005289
0.040038634
0.00063677295
0.015350516
0.16865273
0.24515574
0.001691046
0.14832008
0.0016498222
0.047754224
0.03711294
0.02291657
0.19409342
0.023300914
0.2069885
0.007402184
0.08987806
0.00025085267
0.3524769
0.24373826
0.0014138556
0.0025830925
0.011165243
0.090116926
0.024256881
0.007947455
0.053505078
0.013621387
0.7449953
0.015465977
0.00017780106
0.03208864
0.022066433
0.022943366
0.0068846317
0.17592923
0.95656127
0.007878667
0.032138277
0.03403598
0.34048668
0.10759789
0.092526294
0.08162008
0.20250611
0.16816291
1.4146378e-06
0.24396636
0.009285429
0.023239143
0.073996276
0.44554847
0.16757241
0.009897504
0.5768842
0.14249364
0.150108
0.3097669
0.14404944
0.05091517
0.22266045
0.07156243
0.0023118176
0.056658745
0.047710285
0.13245448
0.08026386
0.1827283
0.0094757145
0.085584454
0.017184937
0.15442099
1.5106254e-05
0.087850094
0.17634276
0.00921663
0.10123002
0.08991074
0.063896015
0.05877476
0.037924632
0.09800159
0.31335196
0.26542845
0.3465885
0.17958824
0.00026345297
0.019863399
0.011120451
0.10397986
0.02014298
0.9819411
0.10759466
0.07200199
0.013926404
0.2210301
0.07837482
0.11595053
0.006829868
0.96914554
0.1475609
0.006552133
0.060070284
0.33056033
0.050984222
0.5036379
0.0019794444
0.13797036
0.0003456418
0.12522234
0.6738129
0.041998707
0.0074677933
0.20238096
0.07752758
0.15858252
0.16307057
0.14202562
0.09405964
0.15104984
0.04297628
0.042981885
0.0326825
0.009547272
0.0040108836
0.49570253
1.1783609e-05
0.027676627
5.2685322e-05
0.8362935
0.04187627
0.71307343
0.007092545
0.9553445
0.40554738
0.43676522
0.0021043022
0.0068514496
0.0110544115
0.035455994
0.026296286
0.19273676
0.6234612
0.011552072
0.08688767
0.06209802
0.074656285
0.14292721
0.18108428
0.05972811
0.082401104
0.30215296
0.010874729
0.025241945
0.16795401
0.27232763
0.10686761
0.24185464
5.594768e-07
0.027530296
0.15928756
0.10634001
0.13554282
0.014225072
0.43255693
0.09006341
0.15864947
0.018366165
0.027682383
0.19557092
0.0010056008
0.082375675
0.06619054
0.005373758
0.013590483
0.25179508
0.11892689
0.012765232
0.1046654
0.000497537
0.05326593
0.16209446
0.010097658
0.07228204
0.10194748
0.07558587
0.16720131
0.024082886
0.04800069
0.008185083
4.6216164e-06
0.013645266
0.036878027
0.03771493
0.26187202
0.033958994
0.36298624
0.6080307
0.024500296
0.00025162927
0.046579413
0.019339833
0.07327595
0.0677227
0.016634295
0.7214333
0.21391647
0.8832435
0.074802816
0.043833226
0.033396628
0.0155482385
0.00036723242
0.4672314
0.07160743
8.93876e-05
0.07698672
0.0688952
0.14691451
0.008071675
0.06596666
0.24995548
0.025636273
0.010497835
0.012783278
0.019926004
0.08838186
0.13549209
0.045890335
0.49798805
0.045108266
0.06324833
0.25899285
0.015055691
0.00018063754
0.0038353375
0.5475768
0.60985404
0.12678236
0.13301405
0.96518075
0.0043125497
0.048859153
0.08723117
0.12223726
0.0573587
0.048961144
0.088496566
0.1250262
0.040197298
0.003567031
0.008225472
0.19149433
0.15126574
0.24074693
0.038963985
0.01971592
0.013927509
0.03662141
0.14562267
0.028510282
0.013519468
0.00018501817
0.021270042
0.00071699626
0.32071435
0.035229266
0.025104536
0.24618407
0.035680506
0.13351682
0.07230068
0.004644676
0.010623985
0.0065443777
0.56528854
4.178054e-07
0.14252836
0.07159084
0.05809057
0.07443737
0.026781086
0.03404887
0.0029840216
0.096331194
0.6210923
0.04634147
0.34854236
0.76907694
0.14512564
0.8818712
0.00883363
0.05267648
0.0012671031
0.44050974
0.05154581
0.1042473
0.12691545
0.20429167
0.0013890113
0.77414876
0.039933313
0.0029163638
0.0143068135
0.05337053
0.09446703
0.0016853069
0.1814574
0.022441912
0.0355437
0.6398629
0.48060447
0.24421467
0.27747443
0.0012796011
0.028098544
0.001977748
0.09540446
0.2814713
0.0782761
0.11289614
0.02090033
0.14426187
0.12937585
0.068005815
0.057256367
0.09258626
0.15850165
0.11694841
0.04023824
0.7930056
0.33163598
0.02109962
0.20794989
0.15541478
0.007559459
0.072029516
0.035816666
0.039513577
0.006384058
0.0038199974
0.21813422
0.20852159
0.12452393
0.12337284
0.031892817
0.053818826
0.08791624
0.12987585
0.041007333
0.020014022
0.14063615
0.10409539
0.0763523
0.07523731
0.6305637
0.031287137
0.009516416
0.051779076
0.00024353035
0.8304281
0.08293617
0.0024138018
0.061280638
0.42202154
0.09709075
0.04946568
0.0134078525
0.008580304
0.4831644
0.22355112
0.039045822
0.28802645
0.19191547
0.0044511724
0.51475585
0.3956237
0.060295206
0.081980534
0.06401045
0.68105185
0.017164702
0.38950628
0.1425934
0.2072308
0.015546829
0.82575965
0.02542361
0.09417025
0.4314757
0.021699304
0.097636476
0.0037045518
0.061114408
0.06668684
0.025501467
0.10300438
0.16784953
0.08536559
0.7394451
0.09478299
0.12965491
0.14533396
0.40711167
0.16372387
0.04390526
0.023424918
0.06563845
0.06659991
0.03411819
0.012478447
0.28055695
0.103931695
0.09685045
0.045326617
0.28695115
0.28951022
0.0057412656
0.3555083
0.47208604
0.335324
3.850197e-06
0.0032722966
0.12906602
0.048261236
0.08522361
0.033417556
0.026629617
0.14721072
0.24139757
0.02114809
0.43817523
0.020888306
0.054325376
0.36579016
0.009375117
0.3153479
1.2465907e-07
0.10365187
0.013687418
0.019848876
0.13211492
0.30148992
0.09776821
0.19402382
0.11433088
0.06875327
0.04637653
0.0064605204
0.038348835
0.022017237
0.035510022
0.4015492
0.07936983
1.0060644e-08
0.1714487
0.09625726
0.012489839
0.08768378
0.0027817423
0.15180872
0.0029373248
0.014064644
0.03909602
0.0019079028
0.0021548325
0.5139306
0.0043540453
0.045896895
0.008590085
0.0010112585
0.06165327
0.029838039
0.0066630994
0.1314948
0.019210353
0.028881283
0.087160766
0.0072946376
0.42042294
0.1063505
0.18676193
0.093459286
0.029852211
0.050390173
0.20420784
0.2081292
0.006203582
0.3696266
0.0015024943
0.016654478
0.02421193
0.027159529
1.709043e-06
0.31860483
0.0038349566
0.3519049
2.8628245e-05
0.08220839
0.16478936
0.03393884
0.48754737
0.07097998
0.11371096
0.07756926
0.4172298
0.05752845
0.011286019
0.06616121
0.11359592
0.22930498
9.994593e-06
0.005483717
0.110451154
0.19868478
0.05585122
0.1663262
0.080710106
0.05013242
0.20989239
0.019385263
0.11672389
0.7793906
0.037464686
0.047274243
0.38651234
0.9999995
0.13802712
0.28662318
0.124304384
0.15190248
0.02888464
0.05262328
0.0018593849
0.27139574
0.023607852
0.13537091
0.060014527
0.0778444
0.20551185
0.012641127
0.93747807
0.23191482
0.0017208109
0.017859476
0.5560702
0.037696328
0.03170501
0.1086287
0.09685068
0.00041835598
0.15378264
0.22251876
0.22125427
0.027787905
0.057720613
0.20245357
0.09495464
0.048878334
0.06989042
0.018062353
0.23882422
0.06520174
0.12259991
0.11138911
0.08143167
0.084720775
0.08639741
0.043001164
0.010889464
0.01635261
0.11103305
6.8905606e-06
0.04671419
0.027074127
0.12990677
0.8471737
0.063399866
0.072809234
0.010676564
0.1949512
0.0035192925
0.021709053
0.0026535261
0.100701004
0.054529577
0.39707592
0.07329264
0.072643675
0.032809164
0.84058815
0.012326309
0.08731222
0.13410269
0.18080513
0.046951696
0.008461531
0.12253085
2.3280259e-06
0.30111483
0.11239781
0.08273253
0.13970503
0.11530387
0.7226871
0.023189701
0.046131898
0.187361
0.49062526
0.011972971
0.0019510079
0.031968288
0.097794145
0.0048938002
0.031524822
0.045025896
0.007880494
0.2670899
0.00538563
0.29405847
1.3388797e-05
0.12016839
0.0046892148
0.15156324
0.053517874
3.063291e-05
0.09755364
0.9998024
0.0015890609
0.26391482
0.67948806
0.054504003
0.002512651
0.16804048
0.81867665
0.6158599
0.0059633157
0.11393052
0.006468848
0.034546804
0.0013729059
0.029244633
0.6317005
0.10541413
0.11337219
0.033127405
0.15064478
0.14811766
0.040408943
0.007106478
0.14911613
0.09756422
0.2960348
0.849027
0.09750176
0.018891081
5.0151037e-05
0.0055841915
0.079809725
0.13251394
2.9964187e-05
0.07540639
0.030619675
0.35067454
0.030543817
0.04258201
0.05530506
0.45704958
0.40533596
0.07911188
0.11737243
0.0277619
0.04236667
0.08432735
0.009413075
0.0065123937
0.4312565
0.00073284865
0.001317518
0.00040613444
0.76915926
0.15056482
0.030616516
0.0049626995
0.11149293
0.1424733
0.023321396
0.07055938
0.7081054
0.028407505
0.32158387
0.10040766
0.37925062
0.3343565
7.668329e-06
0.2061124
0.04820228
0.039644513
0.17089455
0.087978125
0.00013351368
0.110535905
0.0011803731
0.084406696
0.0034357633
0.0052920613
0.04604842
0.061855197
0.028631708
0.066235155
0.0014968402
0.008920136
0.09919335
0.14665543
0.25322255
0.008622845
0.13364084
0.25130883
0.065453686
0.04544129
0.971494
0.0061076414
0.061102152
0.060256127
0.08916432
0.012593241
0.14447664
0.12396265
0.55493975
0.021921044
0.08608034
0.1274942
0.95028484
0.029235454
0.049299963
0.38944957
0.018593216
0.3969109
0.31791124
0.027644936
0.4555241
0.006256829
0.18302615
0.8818575
0.03506057
0.012397381
0.00922876
0.00040174046
0.24207859
0.0060072136
0.06293095
0.120493196
0.002381903
0.012109436
0.07553809
0.65300316
0.018972298
0.0013612347
0.014385317
0.07535645
0.011890676
0.4320204
0.050358206
1.3640517e-06
0.44833156
0.086551055
0.31423497
0.76907694
0.012521634
0.10438358
0.28352568
0.12706071
0.03431551
0.012127783
0.22369002
0.035911217
0.37818235
0.09323673
0.03334588
0.071991086
0.012231004
