0.012489435 0.98751056
0.0056587113 0.99434125
0.0083564455 0.9916435
0.007831227 0.9921687
0.013025394 0.9869746
0.007970052 0.9920299
0.0010223093 0.99897766
0.008313121 0.9916869
0.00026069576 0.99973935
0.00033343738 0.9996666
3.1988704e-05 0.99996805
8.332411e-07 0.99999917
0.03374739 0.9662526
0.14766468 0.8523354
0.0074841795 0.99251586
0.23603737 0.76396257
0.0023186149 0.9976814
1.0216259e-10 1.0
0.0438003 0.9561997
0.0005395123 0.9994605
2.9500245e-06 0.999997
0.00023081813 0.99976915
0.0031479208 0.9968521
0.0043053073 0.99569464
0.00030540163 0.9996946
0.004984206 0.9950158
0.0012469724 0.9987531
3.2413456e-05 0.9999676
0.0011626784 0.9988373
4.6168236e-05 0.99995387
0.006562601 0.99343735
2.3970462e-05 0.99997604
0.013338533 0.9866615
0.0017270803 0.9982729
0.0027252885 0.9972747
1.676913e-07 0.9999999
1.4302134e-05 0.9999857
2.0548781e-05 0.9999795
0.0011574356 0.99884254
5.1715894e-09 1.0
0.012131119 0.98786885
0.00032205772 0.999678
0.008161319 0.99183875
0.020076545 0.9799234
0.0040916395 0.9959084
0.0009944959 0.9990055
0.0056425394 0.9943574
0.0023516216 0.9976484
2.8058856e-05 0.999972
0.0020119853 0.997988
0.0083055375 0.9916945
0.0010460628 0.99895394
0.00010811078 0.9998919
2.5021075e-07 0.99999976
1.5466296e-05 0.9999845
0.00052906026 0.999471
1.1322288e-06 0.9999989
0.057380397 0.9426197
2.5628273e-05 0.99997437
0.0015476354 0.9984523
2.49729e-05 0.9999751
0.0005939906 0.999406
0.0069605745 0.9930394
0.010171319 0.9898287
0.006231336 0.9937687
0.00074554386 0.9992544
0.024990922 0.97500914
0.00025030941 0.9997497
0.0060309004 0.9939691
0.003123831 0.9968761
0.10375366 0.8962464
0.0045487667 0.9954513
2.6828548e-05 0.9999732
0.010937318 0.9890627
0.013068411 0.9869316
0.009670777 0.99032915
0.009543382 0.99045664
0.05424456 0.9457555
0.0052954634 0.99470454
0.00018605308 0.999814
1.6133548e-05 0.9999839
1.0829791e-05 0.99998915
8.844332e-05 0.99991155
5.168179e-06 0.9999949
0.0003380471 0.9996619
0.12039997 0.8796
0.0010799329 0.9989201
0.0056759412 0.9943241
0.050519753 0.9494803
0.01585482 0.9841451
2.7943575e-05 0.9999721
1.7142538e-05 0.99998283
0.0097929025 0.99020714
0.00049548165 0.99950457
0.06081588 0.9391842
8.087918e-09 1.0
0.009631514 0.9903685
0.0010296263 0.9989704
4.6164446e-06 0.99999535
0.012085295 0.9879147
0.013741649 0.9862584
0.77109504 0.22890496
0.0028988984 0.9971011
1.5609347e-05 0.9999844
0.0011124697 0.9988876
2.0179485e-08 1.0
0.005176161 0.9948238
0.0026603127 0.99733967
0.041636564 0.9583635
0.9997918 0.00020819392
1.0 9.187449e-15
1.0 5.146301e-09
0.999985 1.5069692e-05
1.0 1.0394029e-08
1.0 2.0647142e-13
1.0 1.7290612e-08
0.9999832 1.6861619e-05
0.9971359 0.002864131
0.99975735 0.00024261535
0.99897456 0.0010254277
0.99999976 2.5467847e-07
0.9998882 0.000111820154
1.0 2.6786644e-09
0.9999933 6.732599e-06
0.9994697 0.00053030427
0.98105925 0.01894077
0.99970216 0.0002978065
0.9999902 9.800048e-06
1.0 1.5503128e-09
0.76433384 0.23566617
0.99963856 0.00036147787
1.0 1.8522884e-09
0.9999821 1.7851846e-05
1.0 4.787698e-11
0.99999595 4.0547598e-06
0.41171703 0.58828294
0.9728549 0.027145036
0.9569528 0.043047212
1.0 3.2988772e-12
0.99952006 0.00047992423
0.99999726 2.7853166e-06
0.981531 0.018468918
0.99913687 0.00086320227
0.9999796 2.0359068e-05
0.99999976 2.4143628e-07
0.9998627 0.00013735583
0.9999026 9.736428e-05
0.9999825 1.7539987e-05
0.99988604 0.00011394188
1.0 2.5181839e-08
0.99999976 2.509549e-07
0.99999774 2.2196136e-06
0.7566203 0.24337977
1.0 1.972868e-09
0.9718356 0.028164398
0.9997056 0.00029437558
0.99341524 0.0065846946
1.0 7.671473e-10
0.0023657796 0.9976342
0.99325657 0.006743428
0.49406266 0.5059373
0.9999981 1.9106994e-06
0.0005504516 0.99944955
0.031857755 0.9681423
0.9999994 5.8746514e-07
0.9999807 1.927159e-05
1.0 3.605952e-10
0.9998523 0.00014767305
0.9997093 0.0002907213
0.9998254 0.00017456546
0.9999907 9.339138e-06
0.99998593 1.4102645e-05
0.99924505 0.0007549875
0.92903745 0.070962526
1.0 4.555669e-08
0.99948347 0.0005165403
1.0 2.2759226e-08
0.9990933 0.0009067463
0.9988034 0.0011966252
0.9993325 0.00066752214
0.99999833 1.651036e-06
0.99984324 0.00015670389
0.99998534 1.471376e-05
1.0 2.9244447e-08
0.99999964 3.2996962e-07
0.99999964 3.0090354e-07
0.9999821 1.7863595e-05
0.9999676 3.2468743e-05
0.9999993 7.5163655e-07
0.9999999 5.967027e-08
0.9999391 6.0886447e-05
0.9999262 7.384125e-05
0.47005367 0.5299463
0.035057116 0.9649428
0.93520516 0.06479481
0.9974694 0.0025306274
1.0 9.1629365e-10
0.99997354 2.6493575e-05
1.0 8.416631e-10
0.026849918 0.9731501
0.00042759048 0.99957246
0.83847404 0.16152602
0.9999833 1.6705755e-05
0.99967825 0.00032176648
1.0 9.83251e-11
0.9999999 1.0682676e-07
0.9999758 2.4207191e-05
0.73922557 0.2607745
1.0 5.3851155e-09
0.9999999 1.4575303e-07
0.9999634 3.661125e-05
0.11188699 0.8881131
0.99549365 0.0045063025
1.0 1.0952316e-14
0.9010933 0.09890674
0.9999907 9.327371e-06
0.99927884 0.0007211692
1.0 1.2413488e-10
