0.98751056
0.99434125
0.9916435
0.9921687
0.9869746
0.9920299
0.99897766
0.9916869
0.99973935
0.9996666
0.99996805
0.99999917
0.9662526
0.8523354
0.99251586
0.76396257
0.9976814
1.0
0.9561997
0.9994605
0.999997
0.99976915
0.9968521
0.99569464
0.9996946
0.9950158
0.9987531
0.9999676
0.9988373
0.99995387
0.99343735
0.99997604
0.9866615
0.9982729
0.9972747
0.9999999
0.9999857
0.9999795
0.99884254
1.0
0.98786885
0.999678
0.99183875
0.9799234
0.9959084
0.9990055
0.9943574
0.9976484
0.999972
0.997988
0.9916945
0.99895394
0.9998919
0.99999976
0.9999845
0.999471
0.9999989
0.9426197
0.99997437
0.9984523
0.9999751
0.999406
0.9930394
0.9898287
0.9937687
0.9992544
0.97500914
0.9997497
0.9939691
0.9968761
0.8962464
0.9954513
0.9999732
0.9890627
0.9869316
0.99032915
0.99045664
0.9457555
0.99470454
0.999814
0.9999839
0.99998915
0.99991155
0.9999949
0.9996619
0.8796
0.9989201
0.9943241
0.9494803
0.9841451
0.9999721
0.99998283
0.99020714
0.99950457
0.9391842
1.0
0.9903685
0.9989704
0.99999535
0.9879147
0.9862584
0.22890496
0.9971011
0.9999844
0.9988876
1.0
0.9948238
0.99733967
0.9583635
0.00020819392
9.187449e-15
5.146301e-09
1.5069692e-05
1.0394029e-08
2.0647142e-13
1.7290612e-08
1.6861619e-05
0.002864131
0.00024261535
0.0010254277
2.5467847e-07
0.000111820154
2.6786644e-09
6.732599e-06
0.00053030427
0.01894077
0.0002978065
9.800048e-06
1.5503128e-09
0.23566617
0.00036147787
1.8522884e-09
1.7851846e-05
4.787698e-11
4.0547598e-06
0.58828294
0.027145036
0.043047212
3.2988772e-12
0.00047992423
2.7853166e-06
0.018468918
0.00086320227
2.0359068e-05
2.4143628e-07
0.00013735583
9.736428e-05
1.7539987e-05
0.00011394188
2.5181839e-08
2.509549e-07
2.2196136e-06
0.24337977
1.972868e-09
0.028164398
0.00029437558
0.0065846946
7.671473e-10
0.9976342
0.006743428
0.5059373
1.9106994e-06
0.99944955
0.9681423
5.8746514e-07
1.927159e-05
3.605952e-10
0.00014767305
0.0002907213
0.00017456546
9.339138e-06
1.4102645e-05
0.0007549875
0.070962526
4.555669e-08
0.0005165403
2.2759226e-08
0.0009067463
0.0011966252
0.00066752214
1.651036e-06
0.00015670389
1.471376e-05
2.9244447e-08
3.2996962e-07
3.0090354e-07
1.7863595e-05
3.2468743e-05
7.5163655e-07
5.967027e-08
6.0886447e-05
7.384125e-05
0.5299463
0.9649428
0.06479481
0.0025306274
9.1629365e-10
2.6493575e-05
8.416631e-10
0.9731501
0.99957246
0.16152602
1.6705755e-05
0.00032176648
9.83251e-11
1.0682676e-07
2.4207191e-05
0.2607745
5.3851155e-09
1.4575303e-07
3.661125e-05
0.8881131
0.0045063025
1.0952316e-14
0.09890674
9.327371e-06
0.0007211692
1.2413488e-10
