0.00067936163 0.9993206
0.009394006 0.990606
0.00075141655 0.99924856
0.0041244407 0.99587554
0.013091987 0.9869081
0.01280232 0.9871977
0.0016339725 0.99836606
4.360818e-05 0.99995637
0.8974595 0.1025405
0.0033009723 0.99669904
0.00022731978 0.9997727
9.861987e-05 0.9999014
0.0055413963 0.99445856
0.0005064001 0.9994936
0.03381924 0.96618074
0.00869765 0.9913024
0.01248191 0.98751813
0.0064465017 0.9935535
0.046811264 0.9531887
0.00050500827 0.999495
5.2870284e-05 0.9999471
0.016427832 0.9835722
0.013183528 0.98681647
0.011012413 0.9889876
7.680552e-05 0.9999232
0.0016757476 0.9983242
0.0057931924 0.9942068
2.2952056e-06 0.99999774
0.0011886004 0.99881136
0.23859832 0.7614017
0.01390224 0.9860977
0.0005591023 0.99944085
1.3014002e-05 0.999987
0.010916204 0.9890838
0.00056181283 0.9994382
0.9996985 0.00030151595
0.0055275606 0.99447244
0.7113907 0.28860933
0.00067782117 0.9993222
0.011980951 0.98801905
0.014564473 0.98543555
0.0005300215 0.99946994
0.01073367 0.9892664
0.00018878774 0.99981123
0.022591677 0.97740835
0.0011738652 0.9988261
0.01866698 0.98133296
0.00036089885 0.99963903
0.27815172 0.72184825
0.020666217 0.9793338
0.0010629587 0.9989371
0.007870072 0.99212986
0.00514405 0.9948559
0.0013557664 0.9986443
9.705132e-07 0.99999905
0.0048485603 0.9951514
0.0050552352 0.99494475
0.008248606 0.9917514
0.00037924005 0.9996207
0.0013112031 0.99868876
0.043935634 0.95606434
0.0010324583 0.9989675
0.006051774 0.9939482
0.0006434415 0.99935657
9.401814e-05 0.99990594
0.0034607882 0.99653924
0.001669417 0.99833053
2.8121866e-07 0.99999976
0.012648497 0.9873515
0.0012033588 0.9987966
3.6298155e-05 0.99996364
0.00019639246 0.9998036
0.00010521474 0.99989474
0.016634077 0.98336595
0.03887644 0.9611236
0.00426277 0.9957372
0.01814193 0.98185813
0.00028499714 0.99971503
8.548375e-06 0.9999914
0.006850756 0.9931492
0.00053375005 0.99946624
0.019370077 0.98062986
0.0060819136 0.99391806
0.028896559 0.9711034
0.00045056248 0.99954945
4.3477048e-08 1.0
0.0019026271 0.99809736
5.8176425e-05 0.9999418
0.009609088 0.9903909
0.0024358253 0.9975642
0.013104091 0.98689586
0.00016437577 0.9998356
0.02003845 0.9799615
0.26866233 0.73133767
0.00060021423 0.9993998
0.002007778 0.9979923
0.0066024293 0.9933976
0.00039483036 0.99960524
0.00088965637 0.9991103
0.0028902597 0.9971097
0.030314745 0.9696852
0.0019605344 0.99803954
0.0030197904 0.99698013
0.0017636057 0.9982364
0.032076523 0.9679235
0.010258299 0.9897417
0.0056817085 0.9943183
0.027983824 0.9720161
0.99999785 2.0889458e-06
0.99850404 0.0014959251
0.9999958 4.1776902e-06
0.9999552 4.482973e-05
1.0 2.4393811e-08
1.0 1.015026e-10
0.9999999 1.3690794e-07
0.9998319 0.00016805335
0.9994524 0.0005476191
1.0 4.5964685e-10
1.0 9.855686e-21
1.0 2.95454e-16
1.0 4.2636534e-23
1.0 6.2601513e-10
0.9999007 9.928471e-05
0.9992918 0.0007082026
0.98548996 0.014510029
0.9987073 0.0012927332
1.0 6.936655e-10
0.9981285 0.001871581
0.99999595 4.0636555e-06
0.9968658 0.0031342236
1.0 4.5366746e-10
0.9966827 0.0033172937
1.0 2.4576129e-12
1.0 7.1414597e-12
1.0 2.2498973e-11
1.0 8.7542106e-11
1.0 9.474819e-31
0.9999999 1.2689404e-07
1.0 1.4820116e-11
1.0 2.1911088e-13
0.72941387 0.2705861
1.0 2.9715959e-09
1.0 4.4329137e-27
0.9634072 0.036592837
1.0 2.0894514e-20
0.9977847 0.0022153133
1.0 2.8929984e-16
0.95251566 0.047484353
0.99999094 9.029991e-06
0.4741204 0.5258796
1.0 6.906857e-14
1.0 6.6873405e-09
1.0 6.6860526e-09
0.9999536 4.6372796e-05
1.0 1.9916742e-09
0.9999981 1.8483527e-06
0.374152 0.62584805
1.0 4.3233516e-08
0.99269134 0.0073086466
0.9999999 7.62384e-08
0.9937198 0.00628017
1.0 7.552048e-10
1.0 5.4996185e-09
0.99109143 0.008908588
1.0 4.973149e-08
1.0 2.4417009e-33
1.0 1.4726827e-21
0.9998318 0.00016818255
0.98960656 0.010393363
1.0 4.0334938e-10
1.0 4.4340605e-21
1.0 1.3536543e-13
1.0 3.869964e-14
1.0 8.7382e-10
1.0 2.1444626e-13
1.0 1.5887779e-26
1.0 5.4567184e-12
0.99959725 0.00040279157
0.9999757 2.4366702e-05
0.10818509 0.8918149
1.0 1.6204192e-08
1.0 7.1296044e-16
1.0 5.1198885e-08
0.99993134 6.865005e-05
0.036985938 0.9630141
1.0 1.5066892e-10
1.0 1.1929433e-12
1.0 7.0679564e-09
0.9999964 3.6354345e-06
0.97645944 0.023540517
0.9999975 2.5170036e-06
0.9999988 1.1872548e-06
1.0 1.0374797e-08
1.0 3.112152e-16
0.99999964 3.2854405e-07
0.9977556 0.0022444874
1.0 1.5004092e-13
0.9999999 1.3993639e-07
0.9998209 0.00017916014
0.9999999 1.1014488e-07
1.0 6.113496e-12
1.0 6.3094516e-11
1.0 3.244792e-08
0.999997 2.9338867e-06
1.0 5.021991e-08
0.99948263 0.00051728473
1.0 7.5598913e-13
0.9999993 6.6444204e-07
1.0 2.9612116e-14
1.0 2.8811994e-11
0.9996406 0.00035934927
0.9999999 8.320962e-08
0.0153255705 0.98467445
1.0 5.973004e-16
1.0 2.9384645e-10
0.99999964 3.122365e-07
