0.9993206
0.990606
0.99924856
0.99587554
0.9869081
0.9871977
0.99836606
0.99995637
0.1025405
0.99669904
0.9997727
0.9999014
0.99445856
0.9994936
0.96618074
0.9913024
0.98751813
0.9935535
0.9531887
0.999495
0.9999471
0.9835722
0.98681647
0.9889876
0.9999232
0.9983242
0.9942068
0.99999774
0.99881136
0.7614017
0.9860977
0.99944085
0.999987
0.9890838
0.9994382
0.00030151595
0.99447244
0.28860933
0.9993222
0.98801905
0.98543555
0.99946994
0.9892664
0.99981123
0.97740835
0.9988261
0.98133296
0.99963903
0.72184825
0.9793338
0.9989371
0.99212986
0.9948559
0.9986443
0.99999905
0.9951514
0.99494475
0.9917514
0.9996207
0.99868876
0.95606434
0.9989675
0.9939482
0.99935657
0.99990594
0.99653924
0.99833053
0.99999976
0.9873515
0.9987966
0.99996364
0.9998036
0.99989474
0.98336595
0.9611236
0.9957372
0.98185813
0.99971503
0.9999914
0.9931492
0.99946624
0.98062986
0.99391806
0.9711034
0.99954945
1.0
0.99809736
0.9999418
0.9903909
0.9975642
0.98689586
0.9998356
0.9799615
0.73133767
0.9993998
0.9979923
0.9933976
0.99960524
0.9991103
0.9971097
0.9696852
0.99803954
0.99698013
0.9982364
0.9679235
0.9897417
0.9943183
0.9720161
2.0889458e-06
0.0014959251
4.1776902e-06
4.482973e-05
2.4393811e-08
1.015026e-10
1.3690794e-07
0.00016805335
0.0005476191
4.5964685e-10
9.855686e-21
2.95454e-16
4.2636534e-23
6.2601513e-10
9.928471e-05
0.0007082026
0.014510029
0.0012927332
6.936655e-10
0.001871581
4.0636555e-06
0.0031342236
4.5366746e-10
0.0033172937
2.4576129e-12
7.1414597e-12
2.2498973e-11
8.7542106e-11
9.474819e-31
1.2689404e-07
1.4820116e-11
2.1911088e-13
0.2705861
2.9715959e-09
4.4329137e-27
0.036592837
2.0894514e-20
0.0022153133
2.8929984e-16
0.047484353
9.029991e-06
0.5258796
6.906857e-14
6.6873405e-09
6.6860526e-09
4.6372796e-05
1.9916742e-09
1.8483527e-06
0.62584805
4.3233516e-08
0.0073086466
7.62384e-08
0.00628017
7.552048e-10
5.4996185e-09
0.008908588
4.973149e-08
2.4417009e-33
1.4726827e-21
0.00016818255
0.010393363
4.0334938e-10
4.4340605e-21
1.3536543e-13
3.869964e-14
8.7382e-10
2.1444626e-13
1.5887779e-26
5.4567184e-12
0.00040279157
2.4366702e-05
0.8918149
1.6204192e-08
7.1296044e-16
5.1198885e-08
6.865005e-05
0.9630141
1.5066892e-10
1.1929433e-12
7.0679564e-09
3.6354345e-06
0.023540517
2.5170036e-06
1.1872548e-06
1.0374797e-08
3.112152e-16
3.2854405e-07
0.0022444874
1.5004092e-13
1.3993639e-07
0.00017916014
1.1014488e-07
6.113496e-12
6.3094516e-11
3.244792e-08
2.9338867e-06
5.021991e-08
0.00051728473
7.5598913e-13
6.6444204e-07
2.9612116e-14
2.8811994e-11
0.00035934927
8.320962e-08
0.98467445
5.973004e-16
2.9384645e-10
3.122365e-07
