0.013290616 0.9867093
0.13072456 0.86927545
0.001724784 0.99827516
0.0143575715 0.9856425
0.0011949509 0.99880505
0.0029364452 0.9970636
0.008496736 0.99150324
0.009966656 0.9900333
0.0012376988 0.99876237
0.024237378 0.97576267
0.05598659 0.9440134
0.004722097 0.9952779
0.056743473 0.94325656
0.071793474 0.9282065
0.009895167 0.99010485
0.04630701 0.953693
0.08119193 0.91880804
0.0086683035 0.9913317
0.0033571862 0.9966428
0.025576733 0.9744232
0.004269161 0.9957308
0.035511065 0.964489
0.008621292 0.99137866
0.0034460402 0.996554
0.0063471957 0.9936528
0.021313263 0.97868675
0.00043801614 0.99956197
0.043497913 0.956502
0.0026867087 0.9973133
0.0039648796 0.99603516
0.002172216 0.9978277
0.013695325 0.98630464
0.0015908979 0.9984091
0.0030245779 0.9969754
0.005368233 0.99463177
0.007315974 0.99268407
0.004230189 0.9957698
0.05108358 0.94891644
0.003984877 0.99601513
0.0025747397 0.9974253
0.0005934621 0.9994066
0.0029238712 0.99707615
0.06446277 0.9355373
0.00050267915 0.9994973
0.031654555 0.96834546
0.002529773 0.99747026
0.001574008 0.99842596
0.12452153 0.87547845
0.0032434962 0.9967565
0.7856037 0.21439627
0.0001545572 0.9998454
0.006885479 0.99311453
0.046021424 0.95397854
0.0018963513 0.9981036
0.0495254 0.9504747
0.008399607 0.9916004
0.004594775 0.9954052
0.042019878 0.95798004
0.0026777952 0.99732226
0.010000155 0.98999983
0.05595579 0.94404423
0.009605178 0.9903948
0.015852265 0.9841478
0.019549154 0.98045087
0.019921707 0.98007834
0.0015343584 0.99846566
0.010221586 0.98977846
0.005927666 0.9940724
0.030783975 0.969216
0.0031079815 0.99689204
0.035158675 0.9648413
0.0011331545 0.9988669
0.32099804 0.6790019
0.007771743 0.9922282
0.08742228 0.91257775
0.01210319 0.9878968
0.0027946727 0.9972053
0.0027041233 0.9972959
0.0028378302 0.99716216
0.0030655002 0.99693453
0.017883595 0.9821164
0.0029399877 0.99706
0.016241537 0.9837585
0.024733108 0.9752669
0.00074400875 0.99925596
0.0002473312 0.9997527
0.05134204 0.948658
0.007151519 0.9928485
0.0034151878 0.9965848
0.030220779 0.96977925
0.025105814 0.9748942
0.004979018 0.995021
0.003980056 0.9960199
0.10111079 0.89888924
0.004852678 0.9951473
0.010663965 0.989336
0.0027785336 0.99722147
0.0021747511 0.99782526
0.08114792 0.9188521
0.0021513496 0.99784863
0.0046491306 0.99535084
0.0041996245 0.9958003
0.009466826 0.99053323
0.00313504 0.996865
0.03227226 0.9677278
0.0002670061 0.99973303
0.0019508098 0.99804914
0.00861225 0.9913878
0.999998 2.0641191e-06
1.0 2.6241927e-11
0.9991736 0.0008263993
0.9999801 1.9870664e-05
0.059583306 0.9404167
0.9999999 8.177658e-08
1.0 2.315269e-10
0.9993856 0.0006144017
0.9995784 0.00042158173
0.031137206 0.96886283
0.9997696 0.00023035688
0.99990726 9.278937e-05
0.99993336 6.661614e-05
0.99946207 0.00053797796
1.0 3.442238e-08
1.0 1.8882505e-11
0.99219537 0.0078046336
0.999956 4.3951743e-05
0.99809986 0.001900164
0.9999999 1.0011337e-07
0.999949 5.1066545e-05
0.99933547 0.00066456577
0.9999894 1.0592621e-05
1.0 1.2750002e-08
0.99752635 0.0024737045
0.99936837 0.00063169486
0.9992656 0.00073434884
0.9999994 6.014171e-07
0.9999994 5.689489e-07
0.9710906 0.028909402
0.9999964 3.570345e-06
0.94282615 0.057173856
0.99999535 4.6647365e-06
0.99946016 0.0005398235
0.9999932 6.7432907e-06
0.9804448 0.019555274
0.00024191271 0.99975806
0.9984097 0.0015903309
0.9712365 0.028763397
0.99978334 0.00021662086
0.96045256 0.03954749
0.9990119 0.0009881543
0.93771994 0.062280037
0.9999529 4.706338e-05
0.9999995 5.081858e-07
0.99643975 0.0035602755
0.9999995 4.4992845e-07
0.99996114 3.8803417e-05
0.9900446 0.009955455
0.9998698 0.0001302095
0.016097315 0.9839027
0.905251 0.09474897
0.9998228 0.00017721934
0.99967694 0.0003230485
1.0 1.5276354e-08
0.99999845 1.5250363e-06
0.9907911 0.009208918
1.0 3.4548833e-10
0.9997863 0.00021373507
0.99655235 0.0034476302
0.99472505 0.0052749496
0.9997602 0.0002397609
0.9997116 0.00028840703
0.9999275 7.250178e-05
0.90195394 0.098046094
0.9999423 5.7666166e-05
0.9989786 0.0010214078
0.99999475 5.2575765e-06
0.9990639 0.00093611603
0.99994516 5.4785884e-05
0.99661607 0.0033840053
0.9993649 0.00063508376
0.99999964 3.163521e-07
0.9997807 0.00021933872
0.99996877 3.1201256e-05
0.9999949 5.13204e-06
0.99544024 0.0045597875
1.0 6.8818267e-12
1.0 1.5372478e-13
1.0 2.0119675e-09
0.99993515 6.484976e-05
0.9999213 7.863358e-05
0.32070732 0.6792926
1.0 5.7738855e-08
0.9874049 0.0125950435
0.524896 0.475104
0.99982065 0.00017937517
0.3385747 0.6614253
0.98952544 0.0104746055
0.99999917 8.1792314e-07
0.99986243 0.00013749681
0.9990694 0.0009306832
0.9999989 1.0485485e-06
1.0 3.7157687e-08
0.9999697 3.0221141e-05
0.9999999 9.47323e-08
0.9999999 9.411241e-08
1.0 1.8502582e-09
0.9999856 1.4461465e-05
0.9995659 0.00043413942
0.9999759 2.4044115e-05
0.99998105 1.8976927e-05
0.9999883 1.1671389e-05
0.30263245 0.69736755
0.09424374 0.90575624
0.99966717 0.00033281805
0.24699715 0.7530028
0.9999361 6.393953e-05
