0.9867093
0.86927545
0.99827516
0.9856425
0.99880505
0.9970636
0.99150324
0.9900333
0.99876237
0.97576267
0.9440134
0.9952779
0.94325656
0.9282065
0.99010485
0.953693
0.91880804
0.9913317
0.9966428
0.9744232
0.9957308
0.964489
0.99137866
0.996554
0.9936528
0.97868675
0.99956197
0.956502
0.9973133
0.99603516
0.9978277
0.98630464
0.9984091
0.9969754
0.99463177
0.99268407
0.9957698
0.94891644
0.99601513
0.9974253
0.9994066
0.99707615
0.9355373
0.9994973
0.96834546
0.99747026
0.99842596
0.87547845
0.9967565
0.21439627
0.9998454
0.99311453
0.95397854
0.9981036
0.9504747
0.9916004
0.9954052
0.95798004
0.99732226
0.98999983
0.94404423
0.9903948
0.9841478
0.98045087
0.98007834
0.99846566
0.98977846
0.9940724
0.969216
0.99689204
0.9648413
0.9988669
0.6790019
0.9922282
0.91257775
0.9878968
0.9972053
0.9972959
0.99716216
0.99693453
0.9821164
0.99706
0.9837585
0.9752669
0.99925596
0.9997527
0.948658
0.9928485
0.9965848
0.96977925
0.9748942
0.995021
0.9960199
0.89888924
0.9951473
0.989336
0.99722147
0.99782526
0.9188521
0.99784863
0.99535084
0.9958003
0.99053323
0.996865
0.9677278
0.99973303
0.99804914
0.9913878
2.0641191e-06
2.6241927e-11
0.0008263993
1.9870664e-05
0.9404167
8.177658e-08
2.315269e-10
0.0006144017
0.00042158173
0.96886283
0.00023035688
9.278937e-05
6.661614e-05
0.00053797796
3.442238e-08
1.8882505e-11
0.0078046336
4.3951743e-05
0.001900164
1.0011337e-07
5.1066545e-05
0.00066456577
1.0592621e-05
1.2750002e-08
0.0024737045
0.00063169486
0.00073434884
6.014171e-07
5.689489e-07
0.028909402
3.570345e-06
0.057173856
4.6647365e-06
0.0005398235
6.7432907e-06
0.019555274
0.99975806
0.0015903309
0.028763397
0.00021662086
0.03954749
0.0009881543
0.062280037
4.706338e-05
5.081858e-07
0.0035602755
4.4992845e-07
3.8803417e-05
0.009955455
0.0001302095
0.9839027
0.09474897
0.00017721934
0.0003230485
1.5276354e-08
1.5250363e-06
0.009208918
3.4548833e-10
0.00021373507
0.0034476302
0.0052749496
0.0002397609
0.00028840703
7.250178e-05
0.098046094
5.7666166e-05
0.0010214078
5.2575765e-06
0.00093611603
5.4785884e-05
0.0033840053
0.00063508376
3.163521e-07
0.00021933872
3.1201256e-05
5.13204e-06
0.0045597875
6.8818267e-12
1.5372478e-13
2.0119675e-09
6.484976e-05
7.863358e-05
0.6792926
5.7738855e-08
0.0125950435
0.475104
0.00017937517
0.6614253
0.0104746055
8.1792314e-07
0.00013749681
0.0009306832
1.0485485e-06
3.7157687e-08
3.0221141e-05
9.47323e-08
9.411241e-08
1.8502582e-09
1.4461465e-05
0.00043413942
2.4044115e-05
1.8976927e-05
1.1671389e-05
0.69736755
0.90575624
0.00033281805
0.7530028
6.393953e-05
