0.0022342796 0.9977658
0.7233291 0.27667084
0.07088441 0.92911553
0.00043623394 0.99956375
0.043290384 0.9567096
2.1321048e-05 0.99997866
0.0017290291 0.998271
0.99430275 0.0056972457
0.61845195 0.38154805
0.0014687567 0.9985312
0.4474534 0.55254656
0.062211547 0.9377885
0.000111758636 0.9998882
0.018667528 0.98133254
0.29504153 0.70495844
0.019066563 0.9809334
0.023520274 0.9764797
0.115181565 0.88481843
0.00027111865 0.99972886
0.0025318037 0.99746823
0.0015415458 0.9984585
4.641452e-05 0.9999536
0.010683341 0.9893167
0.00074488454 0.9992551
0.09497144 0.9050285
0.0045342674 0.99546576
0.5314403 0.46855968
0.015881004 0.98411906
0.0043421015 0.9956579
0.0018969498 0.998103
0.00021025103 0.9997898
0.016243221 0.9837568
0.014939274 0.98506075
0.04546724 0.9545328
1.7713006e-05 0.99998224
0.01289268 0.98710734
0.00018457271 0.9998154
0.0021599946 0.9978399
0.23203294 0.76796705
0.2931456 0.70685446
1.1579331e-06 0.9999988
7.219274e-06 0.9999927
0.6405902 0.3594098
5.1360253e-06 0.9999949
0.16875409 0.8312459
0.001962533 0.9980375
0.0011530262 0.998847
0.0011992963 0.99880064
0.0010466564 0.99895334
0.016870977 0.98312896
0.018111352 0.9818887
0.0016635576 0.9983365
0.023414541 0.97658545
0.00018389571 0.9998161
0.08948722 0.9105128
0.0025889543 0.9974111
0.000116526884 0.9998834
1.2233114e-06 0.9999988
0.9089416 0.091058314
0.009600575 0.9903994
0.03155239 0.9684476
0.012894173 0.98710585
0.0038147622 0.99618524
0.015445146 0.9845548
0.00879415 0.9912059
3.3566867e-08 1.0
0.0088749025 0.99112505
0.9854913 0.014508775
0.10577987 0.8942202
0.0037040403 0.996296
0.0069947774 0.9930052
0.017076353 0.9829237
0.00210918 0.9978909
0.0037478306 0.99625224
0.073330194 0.92666984
0.0011271837 0.9988728
0.73733294 0.26266706
0.0016894853 0.99831057
0.0105885975 0.9894114
0.8926705 0.10732944
0.0037442266 0.99625576
0.037207667 0.9627923
0.0016445818 0.99835545
0.019073702 0.9809263
0.17804149 0.82195854
8.7176636e-07 0.99999917
0.0010746804 0.99892527
0.45074898 0.549251
0.0033599588 0.9966401
0.001343486 0.9986565
0.01472063 0.9852793
1.1549885e-08 1.0
0.007823235 0.9921767
0.0019872407 0.9980128
2.8096874e-05 0.99997187
0.015274744 0.9847253
0.003183405 0.9968166
0.0042512836 0.9957487
0.019896673 0.9801033
0.0029864828 0.99701357
0.0006789397 0.9993211
0.8465503 0.1534497
0.00053040206 0.9994696
0.8673243 0.1326757
0.0048628487 0.99513716
0.023315528 0.97668445
0.0016066642 0.99839336
0.0022814386 0.9977186
0.9313223 0.06867774
1.0 7.6490855e-11
0.998185 0.001814963
0.9995395 0.00046047903
1.0 2.153198e-08
1.0 5.64391e-12
1.0 2.3004283e-08
0.97422224 0.025777718
0.46686006 0.53313994
0.9999999 1.5737523e-07
0.35739878 0.6426012
0.997675 0.0023250245
0.99395776 0.006042231
1.0 2.277492e-14
1.0 1.1005311e-11
1.0 4.3142284e-10
0.9993418 0.000658229
0.9999999 1.767938e-07
1.0 4.371232e-10
1.0 2.6976568e-12
0.9961345 0.0038654893
0.16048421 0.8395158
1.0 2.4062374e-09
1.0 8.72717e-11
1.0 4.431453e-15
1.0 3.0234506e-09
0.99999917 8.444359e-07
1.0 6.7493025e-11
0.9999994 6.191882e-07
1.0 3.7910898e-14
0.9999994 5.949475e-07
0.99999964 3.9235306e-07
0.9999337 6.625022e-05
0.9997341 0.00026587056
0.9276013 0.07239876
1.0 2.6390186e-12
0.061891098 0.93810886
0.98765635 0.012343597
0.99997926 2.0708798e-05
0.99995375 4.6207122e-05
0.9999155 8.454127e-05
0.9999976 2.3292805e-06
0.99999976 2.2391174e-07
1.0 2.8895416e-08
0.9980719 0.0019280646
0.9999629 3.7130863e-05
0.0063090655 0.99369097
0.9997373 0.00026270878
1.0 1.6511351e-11
1.0 3.4546495e-08
0.99934274 0.00065726985
0.99999666 3.3301633e-06
0.9999976 2.440043e-06
0.99985754 0.00014240414
0.99995863 4.1356336e-05
1.0 1.8057877e-09
0.99416536 0.0058346675
1.0 5.0802906e-18
0.99993503 6.494364e-05
0.999859 0.00014105556
0.9999893 1.0685529e-05
0.9999981 1.966027e-06
0.99999917 7.846462e-07
0.99999976 2.4070565e-07
1.0 1.913073e-10
1.0 3.8102975e-08
1.0 2.8272552e-08
0.56061304 0.4393869
0.9999999 1.0875187e-07
0.9999999 1.027682e-07
0.98258716 0.017412836
0.99642557 0.0035743653
1.0 6.448994e-11
0.9999987 1.3064623e-06
1.0 3.214368e-12
1.0 1.6886808e-17
0.9999999 8.9029605e-08
0.9911795 0.008820526
1.0 1.6632996e-17
0.9999963 3.6404786e-06
0.99998295 1.7081442e-05
0.9999862 1.3862507e-05
0.99999344 6.5354866e-06
0.9988908 0.0011092146
1.0 3.4009734e-08
1.0 1.6452731e-10
1.0 2.9709506e-16
0.9999974 2.5697254e-06
0.9999994 5.8997256e-07
0.9999796 2.0343658e-05
0.9938791 0.006120919
0.99995446 4.5590543e-05
1.0 3.920614e-09
0.99769294 0.0023071342
0.99999607 3.8752387e-06
0.9999975 2.5521485e-06
0.45517728 0.54482275
0.9998573 0.00014261871
0.999998 2.0213035e-06
0.99999857 1.4088795e-06
0.9974463 0.00255368
0.99999964 3.1757543e-07
0.9999819 1.8127692e-05
1.0 4.425252e-12
0.9984149 0.001585097
0.9922116 0.0077884477
0.99999094 9.106457e-06
1.0 2.993216e-14
