0.9977658
0.27667084
0.92911553
0.99956375
0.9567096
0.99997866
0.998271
0.0056972457
0.38154805
0.9985312
0.55254656
0.9377885
0.9998882
0.98133254
0.70495844
0.9809334
0.9764797
0.88481843
0.99972886
0.99746823
0.9984585
0.9999536
0.9893167
0.9992551
0.9050285
0.99546576
0.46855968
0.98411906
0.9956579
0.998103
0.9997898
0.9837568
0.98506075
0.9545328
0.99998224
0.98710734
0.9998154
0.9978399
0.76796705
0.70685446
0.9999988
0.9999927
0.3594098
0.9999949
0.8312459
0.9980375
0.998847
0.99880064
0.99895334
0.98312896
0.9818887
0.9983365
0.97658545
0.9998161
0.9105128
0.9974111
0.9998834
0.9999988
0.091058314
0.9903994
0.9684476
0.98710585
0.99618524
0.9845548
0.9912059
1.0
0.99112505
0.014508775
0.8942202
0.996296
0.9930052
0.9829237
0.9978909
0.99625224
0.92666984
0.9988728
0.26266706
0.99831057
0.9894114
0.10732944
0.99625576
0.9627923
0.99835545
0.9809263
0.82195854
0.99999917
0.99892527
0.549251
0.9966401
0.9986565
0.9852793
1.0
0.9921767
0.9980128
0.99997187
0.9847253
0.9968166
0.9957487
0.9801033
0.99701357
0.9993211
0.1534497
0.9994696
0.1326757
0.99513716
0.97668445
0.99839336
0.9977186
0.06867774
7.6490855e-11
0.001814963
0.00046047903
2.153198e-08
5.64391e-12
2.3004283e-08
0.025777718
0.53313994
1.5737523e-07
0.6426012
0.0023250245
0.006042231
2.277492e-14
1.1005311e-11
4.3142284e-10
0.000658229
1.767938e-07
4.371232e-10
2.6976568e-12
0.0038654893
0.8395158
2.4062374e-09
8.72717e-11
4.431453e-15
3.0234506e-09
8.444359e-07
6.7493025e-11
6.191882e-07
3.7910898e-14
5.949475e-07
3.9235306e-07
6.625022e-05
0.00026587056
0.07239876
2.6390186e-12
0.93810886
0.012343597
2.0708798e-05
4.6207122e-05
8.454127e-05
2.3292805e-06
2.2391174e-07
2.8895416e-08
0.0019280646
3.7130863e-05
0.99369097
0.00026270878
1.6511351e-11
3.4546495e-08
0.00065726985
3.3301633e-06
2.440043e-06
0.00014240414
4.1356336e-05
1.8057877e-09
0.0058346675
5.0802906e-18
6.494364e-05
0.00014105556
1.0685529e-05
1.966027e-06
7.846462e-07
2.4070565e-07
1.913073e-10
3.8102975e-08
2.8272552e-08
0.4393869
1.0875187e-07
1.027682e-07
0.017412836
0.0035743653
6.448994e-11
1.3064623e-06
3.214368e-12
1.6886808e-17
8.9029605e-08
0.008820526
1.6632996e-17
3.6404786e-06
1.7081442e-05
1.3862507e-05
6.5354866e-06
0.0011092146
3.4009734e-08
1.6452731e-10
2.9709506e-16
2.5697254e-06
5.8997256e-07
2.0343658e-05
0.006120919
4.5590543e-05
3.920614e-09
0.0023071342
3.8752387e-06
2.5521485e-06
0.54482275
0.00014261871
2.0213035e-06
1.4088795e-06
0.00255368
3.1757543e-07
1.8127692e-05
4.425252e-12
0.001585097
0.0077884477
9.106457e-06
2.993216e-14
