0.0007768421 0.9992231
0.00012957917 0.9998704
8.583344e-07 0.99999917
0.016802922 0.9831971
0.003224087 0.9967759
0.057760466 0.9422396
0.00056217756 0.99943775
0.0143590765 0.985641
0.03417258 0.9658274
1.06355294e-07 0.9999999
0.0064103324 0.99358964
0.99999917 7.935911e-07
0.013240933 0.9867591
0.12087397 0.879126
0.017850786 0.9821492
0.009395186 0.9906048
1.9649658e-05 0.99998033
0.000109124965 0.9998908
0.00036757393 0.99963236
0.00010143504 0.99989855
0.0058756964 0.99412435
0.01179196 0.9882081
0.006131019 0.993869
0.0008251014 0.9991749
0.0047157165 0.99528426
0.08849081 0.91150916
0.013301633 0.9866984
1.8862482e-05 0.99998116
0.00094155455 0.9990584
0.0077149337 0.992285
0.0010300501 0.9989699
0.0007500366 0.99925
0.013187268 0.9868128
0.008980156 0.9910198
5.5249897e-05 0.9999448
0.0006778005 0.9993222
0.010863277 0.9891367
0.00014375646 0.99985623
0.00174435 0.99825567
0.0016007966 0.9983992
0.0018590966 0.99814093
0.79689956 0.20310044
0.001972299 0.9980276
0.0023803883 0.99761957
0.00012865897 0.9998714
0.0015897949 0.9984102
0.00081487396 0.99918514
0.0029155905 0.99708444
0.0014196158 0.99858034
0.004820485 0.99517953
0.003713789 0.99628615
0.00016018769 0.9998398
0.0094683375 0.9905317
0.012422475 0.98757756
0.00097470393 0.99902534
0.0010413651 0.9989586
0.005554735 0.99444526
0.84394115 0.1560589
0.005133923 0.994866
0.0037944987 0.99620545
0.0032334605 0.99676657
0.0031801655 0.99681985
0.009557873 0.9904421
0.0006847738 0.99931526
0.0008286586 0.9991714
0.017048992 0.982951
0.015069125 0.9849309
0.0501579 0.94984204
0.003917465 0.99608254
2.469953e-05 0.9999753
9.943157e-05 0.9999006
0.00024218758 0.9997578
0.01240475 0.9875952
0.041917004 0.95808303
0.0076672565 0.9923327
0.0016816604 0.9983183
0.0009789347 0.99902105
0.0016598998 0.99834013
0.0015975314 0.9984024
0.010392271 0.98960775
0.006738466 0.9932615
0.012523667 0.9874763
0.0028652397 0.9971348
0.00095558254 0.99904436
0.0070528737 0.9929471
0.0013593554 0.9986406
3.401077e-05 0.999966
0.0004091866 0.9995908
0.0012885832 0.99871147
0.015358489 0.9846415
0.00024487355 0.9997551
0.004131633 0.99586844
0.0045125377 0.9954874
0.009548515 0.99045146
0.008940752 0.99105924
0.0011346905 0.99886537
0.06415501 0.935845
0.004859741 0.9951402
0.12406324 0.87593675
0.008483182 0.9915168
0.0013868792 0.9986131
0.0008866459 0.9991134
0.74147683 0.25852314
0.0025851105 0.9974148
0.00791107 0.9920889
0.0037853532 0.99621457
0.002131652 0.9978683
0.0060814237 0.99391854
1.0 3.1072267e-10
0.99999106 8.933833e-06
0.9999391 6.085371e-05
0.9151874 0.08481256
0.99996626 3.378465e-05
0.9993826 0.0006173318
0.909572 0.090427935
1.0 5.1271425e-22
1.0 1.6533358e-10
1.0 1.5421001e-08
0.999997 2.935482e-06
0.9126096 0.08739036
1.0 1.2559947e-12
0.967203 0.03279697
0.9999751 2.4917186e-05
0.9999889 1.1047948e-05
0.99999976 2.915198e-07
0.998579 0.0014210349
0.9998399 0.00016006677
0.98780173 0.012198269
1.0 4.2632803e-15
0.8649093 0.13509075
0.99999785 2.1565659e-06
0.9998852 0.000114728165
1.0 3.6782462e-09
0.863287 0.136713
0.9991615 0.00083850697
0.9999945 5.452923e-06
0.9999304 6.9606285e-05
0.94064015 0.059359882
0.5249679 0.47503206
0.9997943 0.00020575576
0.9999995 4.3763004e-07
1.0 1.08185305e-13
1.0 1.0811286e-10
0.9995745 0.0004254595
0.9999999 1.188547e-07
0.9986285 0.0013714802
0.9999217 7.826194e-05
0.9999925 7.4769614e-06
1.0 3.0120854e-11
0.9941105 0.005889463
0.9977062 0.0022937679
0.34898213 0.6510179
1.0 2.0511932e-08
1.0 2.287455e-12
1.0 5.554786e-09
0.9999976 2.407351e-06
0.9999994 6.2702424e-07
0.9999999 1.06899115e-07
1.0 7.889253e-09
0.01381293 0.9861871
1.0 8.6510745e-09
1.0 1.9702799e-10
0.9999999 9.79946e-08
0.9999999 1.7046857e-07
1.0 1.2479264e-11
1.0 3.355896e-10
0.9999833 1.6731074e-05
0.031062126 0.96893793
0.9999999 8.6313996e-08
0.9999999 1.262786e-07
0.9999597 4.0343573e-05
0.9986399 0.0013601481
0.99996245 3.749501e-05
0.99999774 2.306748e-06
0.62965775 0.3703422
0.9999815 1.852896e-05
0.9999951 4.922504e-06
1.0 1.3927164e-09
1.0 1.4796024e-11
1.0 1.1010308e-11
1.0 1.1131992e-09
0.9996146 0.00038537636
0.9999995 5.17945e-07
1.0 4.5055664e-08
1.0 2.1106631e-14
1.0 4.954757e-10
0.99999964 4.0559948e-07
1.0 1.6768545e-12
0.91767305 0.082327
0.9999436 5.6323315e-05
0.9993235 0.00067657593
0.99568164 0.004318309
0.9799064 0.020093577
0.9999964 3.5312066e-06
0.99333113 0.0066688424
0.9999802 1.9772293e-05
0.9999995 4.4376353e-07
0.99970347 0.00029650133
0.9991372 0.0008628618
0.9989359 0.0010641423
0.9998876 0.000112399466
0.94611186 0.05388814
0.99636227 0.0036377127
0.9999505 4.9520306e-05
0.6473312 0.35266882
0.9940165 0.005983466
1.0 3.3691684e-12
0.9998253 0.00017477466
0.9999776 2.2454466e-05
1.0 3.6331198e-09
0.99999595 4.0093782e-06
0.9999863 1.37227125e-05
0.99991965 8.034817e-05
0.9999999 8.835682e-08
1.0 7.0515e-13
1.0 2.0313794e-12
