0.9992231
0.9998704
0.99999917
0.9831971
0.9967759
0.9422396
0.99943775
0.985641
0.9658274
0.9999999
0.99358964
7.935911e-07
0.9867591
0.879126
0.9821492
0.9906048
0.99998033
0.9998908
0.99963236
0.99989855
0.99412435
0.9882081
0.993869
0.9991749
0.99528426
0.91150916
0.9866984
0.99998116
0.9990584
0.992285
0.9989699
0.99925
0.9868128
0.9910198
0.9999448
0.9993222
0.9891367
0.99985623
0.99825567
0.9983992
0.99814093
0.20310044
0.9980276
0.99761957
0.9998714
0.9984102
0.99918514
0.99708444
0.99858034
0.99517953
0.99628615
0.9998398
0.9905317
0.98757756
0.99902534
0.9989586
0.99444526
0.1560589
0.994866
0.99620545
0.99676657
0.99681985
0.9904421
0.99931526
0.9991714
0.982951
0.9849309
0.94984204
0.99608254
0.9999753
0.9999006
0.9997578
0.9875952
0.95808303
0.9923327
0.9983183
0.99902105
0.99834013
0.9984024
0.98960775
0.9932615
0.9874763
0.9971348
0.99904436
0.9929471
0.9986406
0.999966
0.9995908
0.99871147
0.9846415
0.9997551
0.99586844
0.9954874
0.99045146
0.99105924
0.99886537
0.935845
0.9951402
0.87593675
0.9915168
0.9986131
0.9991134
0.25852314
0.9974148
0.9920889
0.99621457
0.9978683
0.99391854
3.1072267e-10
8.933833e-06
6.085371e-05
0.08481256
3.378465e-05
0.0006173318
0.090427935
5.1271425e-22
1.6533358e-10
1.5421001e-08
2.935482e-06
0.08739036
1.2559947e-12
0.03279697
2.4917186e-05
1.1047948e-05
2.915198e-07
0.0014210349
0.00016006677
0.012198269
4.2632803e-15
0.13509075
2.1565659e-06
0.000114728165
3.6782462e-09
0.136713
0.00083850697
5.452923e-06
6.9606285e-05
0.059359882
0.47503206
0.00020575576
4.3763004e-07
1.08185305e-13
1.0811286e-10
0.0004254595
1.188547e-07
0.0013714802
7.826194e-05
7.4769614e-06
3.0120854e-11
0.005889463
0.0022937679
0.6510179
2.0511932e-08
2.287455e-12
5.554786e-09
2.407351e-06
6.2702424e-07
1.06899115e-07
7.889253e-09
0.9861871
8.6510745e-09
1.9702799e-10
9.79946e-08
1.7046857e-07
1.2479264e-11
3.355896e-10
1.6731074e-05
0.96893793
8.6313996e-08
1.262786e-07
4.0343573e-05
0.0013601481
3.749501e-05
2.306748e-06
0.3703422
1.852896e-05
4.922504e-06
1.3927164e-09
1.4796024e-11
1.1010308e-11
1.1131992e-09
0.00038537636
5.17945e-07
4.5055664e-08
2.1106631e-14
4.954757e-10
4.0559948e-07
1.6768545e-12
0.082327
5.6323315e-05
0.00067657593
0.004318309
0.020093577
3.5312066e-06
0.0066688424
1.9772293e-05
4.4376353e-07
0.00029650133
0.0008628618
0.0010641423
0.000112399466
0.05388814
0.0036377127
4.9520306e-05
0.35266882
0.005983466
3.3691684e-12
0.00017477466
2.2454466e-05
3.6331198e-09
4.0093782e-06
1.37227125e-05
8.034817e-05
8.835682e-08
7.0515e-13
2.0313794e-12
