1 0.99107903 0.0089209825
1 0.99999917 8.4446646e-07
1 0.002868038 0.99713194
1 9.168186e-05 0.9999083
1 1.0 9.875484e-13
1 0.9999994 6.102813e-07
1 0.09206117 0.9079388
1 0.0028919422 0.99710804
1 0.47633204 0.52366793
1 0.020638421 0.9793616
1 0.0017963304 0.99820364
1 0.9985869 0.0014131617
1 0.9999993 7.643655e-07
1 1.0 1.8312472e-12
1 0.99400526 0.005994733
1 0.0054245577 0.9945754
1 1.0 1.2203011e-13
1 1.0 7.389156e-11
1 0.00058007403 0.9994199
1 0.9987613 0.0012387023
1 0.010668342 0.9893316
1 0.012947581 0.9870524
1 1.0 5.521583e-10
1 0.99820006 0.0017999251
1 0.0014991066 0.99850094
1 0.99898213 0.0010178419
1 1.0 1.413726e-09
1 0.98230803 0.017691985
1 0.0003290228 0.999671
1 1.0 2.711232e-13
1 0.0021534367 0.9978466
1 0.99727136 0.0027285912
1 0.07608745 0.92391247
1 0.0014319915 0.99856794
1 0.9999999 6.970349e-08
1 0.9849006 0.015099474
1 0.9520439 0.047956124
1 1.0 7.852678e-10
1 0.0047111916 0.99528885
1 3.889148e-05 0.99996114
1 0.99999964 3.6663482e-07
1 0.9891767 0.010823302
1 0.99996567 3.4370278e-05
1 0.008574152 0.9914259
1 0.9996871 0.00031288984
1 0.99999774 2.2430722e-06
1 0.996381 0.0036190522
1 0.9733141 0.02668585
1 0.69080746 0.3091925
1 0.0002530181 0.999747
1 0.9604407 0.0395593
1 0.25244036 0.7475596
1 3.9398637e-05 0.99996054
1 0.9999987 1.3320712e-06
1 0.99176675 0.00823324
1 0.955586 0.044414006
1 0.99571747 0.0042825434
1 0.005600391 0.9943996
1 0.9999995 4.2173897e-07
1 0.0008052698 0.9991947
1 0.9999052 9.4708754e-05
1 0.011959521 0.9880405
1 0.00086498563 0.9991351
1 0.0029345315 0.9970655
1 0.9997178 0.00028217875
1 0.003198741 0.99680126
1 0.9971209 0.0028790308
1 1.0 1.1451547e-08
1 0.62028205 0.37971795
1 0.0017350047 0.99826497
1 0.010744337 0.98925567
1 0.92929125 0.07070878
1 0.99912375 0.0008762079
1 0.036678437 0.96332157
1 0.0002049633 0.999795
1 0.9990132 0.000986849
1 0.0038604103 0.9961396
1 0.9102086 0.08979145
1 0.5616181 0.4383819
1 1.0 3.7700995e-10
1 0.9999883 1.1738499e-05
1 3.9608323e-05 0.9999604
1 0.005851949 0.994148
1 0.0504198 0.94958025
1 0.0004367424 0.9995633
1 0.012125139 0.9878749
1 0.99483454 0.005165442
1 0.992945 0.007054991
1 0.002639288 0.99736065
1 0.99473614 0.0052638524
1 0.00752618 0.99247384
1 9.188123e-05 0.9999081
1 0.9999014 9.8568154e-05
1 0.1408396 0.85916036
1 9.1602335e-05 0.99990845
1 0.0044570756 0.99554294
1 0.0008762952 0.99912375
1 0.9968298 0.0031701531
1 0.0023739205 0.9976261
1 0.0070544337 0.9929456
1 0.0005785622 0.9994215
1 0.0073727667 0.9926272
1 0.0017253088 0.9982747
1 0.0023875365 0.9976125
1 9.015023e-05 0.9999099
1 0.993961 0.006039001
1 0.9998087 0.0001912817
1 0.0045223827 0.9954776
1 0.0036333133 0.9963666
0 0.039373744 0.96062624
0 0.9999999 1.267934e-07
0 0.9324991 0.067500904
0 0.5203281 0.47967196
0 1.0 5.8033645e-08
0 0.9989177 0.0010822945
0 1.0 4.147877e-10
0 1.0 1.2237238e-19
0 0.9999976 2.4170174e-06
0 0.9843338 0.015666155
0 0.99993634 6.362337e-05
0 0.9989728 0.0010272489
0 1.0 2.5988703e-10
0 1.0 3.6729948e-13
0 0.9999999 1.7866587e-07
0 0.99957246 0.00042753585
0 0.99999106 8.904546e-06
0 1.0 4.6947658e-14
0 0.9969119 0.0030880796
0 1.0 1.6752305e-12
0 1.0 1.1075424e-09
0 1.0 3.542642e-09
0 1.0 4.4131397e-08
0 1.0 2.0862076e-11
0 0.69154394 0.308456
0 0.9998299 0.00017006381
0 0.9936806 0.006319363
0 0.9982765 0.0017235818
0 0.9989266 0.0010734076
0 1.0 2.7875733e-11
0 1.0 9.59747e-11
0 0.9999994 5.6611765e-07
0 1.0 7.1294414e-16
0 0.99995613 4.389302e-05
0 0.9999999 6.281279e-08
0 0.99999034 9.660257e-06
0 0.99999547 4.553395e-06
0 1.0 8.3907474e-13
0 1.0 9.327403e-21
0 0.99912983 0.00087017
0 1.0 1.1752292e-18
0 0.9999999 8.0193956e-08
0 0.99951863 0.0004813796
0 0.93883187 0.06116814
0 1.0 2.6965813e-16
0 1.0 4.130012e-10
0 1.0 1.4602478e-20
0 0.019835686 0.98016435
0 1.0 1.3390257e-12
0 0.99793434 0.0020657158
0 1.0 1.3574894e-12
0 1.0 1.983403e-12
0 0.99999964 3.9202578e-07
0 0.014063872 0.98593616
0 0.9992085 0.0007915097
0 0.7556648 0.24433517
0 1.0 1.3249694e-26
0 0.9999995 5.3534023e-07
0 1.0 4.6776385e-11
0 0.96260196 0.03739807
0 1.0 5.433193e-09
0 0.9997482 0.00025178117
0 0.9987412 0.0012588558
0 0.9999925 7.5256066e-06
0 0.9999294 7.0529146e-05
0 0.999998 2.069952e-06
0 0.9999999 8.298013e-08
0 0.9996551 0.00034484675
0 0.98570794 0.014292128
0 0.99999845 1.6088833e-06
0 1.0 1.4772913e-13
0 0.9999645 3.555442e-05
0 0.9862785 0.013721584
0 1.0 2.1863715e-12
0 0.00096136867 0.9990387
0 0.9998596 0.0001404224
0 1.0 6.603914e-12
0 0.0169696 0.9830304
0 1.0 3.218425e-11
0 0.9999988 1.1329902e-06
0 1.0 1.4022265e-17
0 1.0 1.0959108e-10
0 0.9963258 0.0036742
0 0.9978829 0.0021170923
0 0.90674335 0.09325673
0 0.9944132 0.0055867904
0 0.0010705634 0.99892944
0 1.0 7.580586e-12
0 1.0 2.5998677e-13
0 1.0 2.6640878e-16
0 0.9996581 0.00034189588
0 0.99999976 2.1177794e-07
0 0.9999999 1.10343166e-07
0 1.0 3.111222e-11
0 0.034666933 0.96533304
0 1.0 3.032036e-14
0 0.9725891 0.027410971
0 1.0 1.2060962e-16
0 1.0 7.2291035e-15
0 1.0 8.222216e-12
0 0.9999907 9.295163e-06
0 0.96287274 0.03712729
0 0.996977 0.0030229995
0 0.39312717 0.6068728
0 0.7294272 0.27057278
0 1.0 2.045563e-12
0 0.991863 0.008137042
0 1.0 7.867314e-09
0 1.0 1.1970141e-12
1 8.602238e-05 0.99991393
1 1.01956e-07 0.9999999
1 0.981121 0.018878983
1 0.010891277 0.9891087
1 0.69978887 0.30021113
1 0.57168 0.42832002
1 0.8784892 0.12151078
1 0.99994504 5.4907436e-05
1 0.9504006 0.04959948
1 0.013686349 0.9863136
1 0.91084814 0.089151904
1 0.9998914 0.00010860447
1 0.9999995 4.5245037e-07
1 0.051901177 0.94809884
1 0.037852213 0.96214783
1 0.97219175 0.027808227
1 0.900215 0.09978494
1 0.9998684 0.00013154745
1 0.0006183258 0.99938166
1 0.91761553 0.082384445
1 0.2154511 0.7845488
1 0.99325925 0.006740729
1 0.002976034 0.997024
1 0.99999976 2.0390547e-07
1 0.99999654 3.4361456e-06
1 0.013293138 0.9867069
1 0.19949515 0.80050486
1 0.88828576 0.11171427
1 0.20017935 0.7998206
1 0.0026061048 0.99739385
1 0.999405 0.00059496233
1 0.9998648 0.00013515324
1 0.9922483 0.0077517363
1 3.165456e-05 0.9999683
1 0.99988854 0.000111485526
1 0.99966013 0.00033987517
1 1.0 9.218475e-13
1 0.3125846 0.68741536
1 0.0020149518 0.997985
1 0.99998236 1.7689677e-05
1 0.00026968398 0.9997303
1 0.00045139776 0.9995486
1 0.0030541022 0.9969459
1 0.99999917 7.7641283e-07
1 0.9999764 2.3593442e-05
1 0.0033175445 0.99668247
1 0.9999894 1.0566258e-05
1 0.00026467178 0.9997353
1 0.46923563 0.5307644
1 0.9072689 0.09273116
1 0.99994004 5.995713e-05
1 6.6729085e-06 0.9999933
1 0.017684825 0.9823152
1 0.94460607 0.055393927
1 0.9874824 0.012517543
1 0.9999999 7.6901735e-08
1 1.0 2.0473756e-18
1 0.0016139739 0.998386
1 0.9961451 0.0038549132
1 0.003326223 0.9966738
1 0.99999976 2.1734539e-07
1 0.005867738 0.9941322
1 0.98680043 0.0131995855
1 0.89593107 0.104068965
1 0.9642308 0.03576924
1 0.043262705 0.95673734
1 0.010427137 0.9895728
1 0.19645482 0.8035452
1 0.01398198 0.98601794
1 0.9999999 1.160452e-07
1 0.0006197199 0.99938023
1 0.0044634445 0.99553657
1 0.98178184 0.018218227
1 1.8039516e-05 0.999982
1 0.0036126028 0.99638736
1 0.0018325564 0.9981674
1 0.0017978915 0.9982021
1 0.9706179 0.029382102
1 0.98956466 0.010435272
1 1.0 5.990253e-09
1 1.0 9.011145e-10
1 0.99996233 3.7653463e-05
1 3.343548e-05 0.9999666
1 3.2270866e-05 0.9999677
1 0.559107 0.44089302
1 0.95081216 0.049187835
1 0.00013059197 0.99986935
1 0.99980634 0.0001937249
1 0.9957508 0.004249213
1 0.008769773 0.99123025
1 0.0058542774 0.99414575
1 1.888138e-05 0.99998116
1 0.008298996 0.99170095
1 0.99999094 9.06478e-06
1 0.0032595776 0.9967404
1 0.00025233778 0.9997477
1 0.0008754139 0.9991246
1 0.0001640737 0.99983585
1 0.019025296 0.9809747
1 0.021406014 0.97859395
1 0.3729726 0.62702745
1 0.38677493 0.6132251
1 0.00022647518 0.99977356
1 0.0034676406 0.9965323
1 0.9924104 0.0075896154
1 0.0025246113 0.9974753
1 0.001966156 0.9980338
1 1.0 3.4457173e-13
0 0.9495997 0.050400306
0 1.0 1.1872884e-09
0 0.5781357 0.4218643
0 1.0 7.750156e-10
0 0.9999924 7.6130955e-06
0 0.9999988 1.161367e-06
0 1.0 3.4862932e-10
0 0.99889475 0.0011052259
0 0.9834953 0.01650466
0 0.9997446 0.00025541082
0 0.95397747 0.0460226
0 1.0 1.7616358e-10
0 1.0 6.5787265e-10
0 1.0 1.07183516e-11
0 0.9925251 0.0074748653
0 0.99999964 3.5083536e-07
0 0.9999993 7.641644e-07
0 1.0 6.233919e-16
0 0.8530923 0.14690767
0 0.9999994 6.4210985e-07
0 0.012542589 0.98745745
0 0.45084453 0.5491554
0 0.9999994 5.39204e-07
0 0.012447867 0.98755217
0 0.9999865 1.3448545e-05
0 0.9998474 0.00015250737
0 0.99135333 0.008646596
0 0.9999913 8.755701e-06
0 0.98386776 0.016132297
0 0.639229 0.360771
0 0.9929021 0.0070978967
0 0.99999595 4.0588143e-06
0 0.99995387 4.6101577e-05
0 1.0 8.50513e-10
0 0.0011164193 0.99888355
0 1.0 3.831417e-08
0 0.02609087 0.9739092
0 1.0 8.5348645e-11
0 0.94347185 0.05652818
0 0.99369377 0.006306169
0 0.9999999 1.3569918e-07
0 1.0 1.5239988e-14
0 0.989795 0.010204939
0 0.9991468 0.0008531082
0 0.99674606 0.0032539247
0 1.0 5.2343125e-22
0 1.0 6.5083483e-10
0 0.99922884 0.0007711584
0 0.9999678 3.216263e-05
0 1.0 4.64756e-08
0 1.0 5.8118822e-12
0 1.0 2.7142527e-10
0 1.0 1.7904744e-09
0 0.99395305 0.0060469806
0 0.9999995 5.1327464e-07
0 0.98372585 0.0162741
0 1.0 8.335382e-09
0 0.9999808 1.923696e-05
0 0.25463217 0.7453678
0 0.018160293 0.9818397
0 0.9999944 5.6452627e-06
0 0.9999958 4.187343e-06
0 0.0004535954 0.99954635
0 0.9999565 4.3566535e-05
0 1.0 1.1580298e-09
0 0.99837625 0.0016237833
0 0.023108805 0.9768912
0 0.96210015 0.037899815
0 0.99970275 0.00029717656
0 0.9998708 0.00012925622
0 0.97859585 0.021404084
0 0.3109549 0.6890451
0 1.0 4.2416588e-14
0 1.0 5.422457e-09
0 1.0 4.839088e-20
0 0.9990087 0.0009913543
0 0.9994217 0.0005782772
0 0.93862617 0.06137382
0 0.99997985 2.0146805e-05
0 0.99747074 0.0025293292
0 0.96085787 0.039142158
0 0.9845418 0.015458234
0 1.0 1.4098516e-12
0 0.9999852 1.4788571e-05
0 0.9999976 2.396562e-06
0 0.97641015 0.023589812
0 0.9976909 0.0023091557
0 1.0 6.200967e-11
0 0.98304856 0.016951425
0 0.98580265 0.014197364
0 0.9997706 0.00022947609
0 0.9999993 6.6331756e-07
0 0.99945945 0.00054051133
0 0.9991609 0.00083913846
0 0.982278 0.017722016
0 0.99983454 0.00016537578
0 0.9999932 6.847183e-06
0 0.9999968 3.2100236e-06
0 1.0 5.308553e-11
0 0.99978787 0.00021215099
0 1.0 3.3146024e-11
0 0.9999622 3.781561e-05
0 0.9999999 6.77993e-08
0 0.99978584 0.00021422657
0 1.0 1.9738833e-10
0 0.8443916 0.15560843
0 1.0 2.3601063e-09
0 0.9937557 0.0062443125
1 0.93727356 0.06272638
1 0.01553507 0.98446494
1 0.7608355 0.23916449
1 9.520718e-06 0.99999046
1 0.9994752 0.00052483316
1 0.8185548 0.18144518
1 0.09876213 0.9012379
1 0.9579629 0.042037122
1 1.5165344e-06 0.99999845
1 0.999469 0.0005310086
1 0.99970216 0.00029776193
1 0.00010280191 0.99989724
1 0.00068146916 0.9993186
1 8.271036e-06 0.9999918
1 1.636011e-06 0.99999833
1 0.00016178582 0.99983823
1 0.9997608 0.00023919488
1 5.888242e-07 0.9999994
1 0.00019163311 0.9998084
1 0.00026208433 0.9997379
1 0.99996746 3.253355e-05
1 0.21888597 0.78111404
1 0.99999595 4.019593e-06
1 8.9985434e-07 0.99999905
1 0.9999809 1.904395e-05
1 0.026940353 0.97305965
1 0.01602438 0.98397565
1 0.9999988 1.2357006e-06
1 0.00048768183 0.9995123
1 0.002160148 0.9978398
1 0.008835558 0.9911644
1 2.6613764e-08 1.0
1 0.008984264 0.9910157
1 0.9998964 0.00010360337
1 2.3836878e-06 0.9999976
1 0.018093802 0.9819062
1 0.99998593 1.4087186e-05
1 7.670918e-06 0.9999924
1 0.013634271 0.9863658
1 0.99860054 0.0013994743
1 0.9546285 0.0453715
1 0.105251186 0.89474875
1 0.99332494 0.0066750776
1 0.9999999 1.369675e-07
1 4.0959987e-09 1.0
1 0.9735039 0.026496075
1 0.0090635605 0.99093646
1 0.999889 0.00011094265
1 0.9750685 0.024931548
1 1.8872e-05 0.99998116
1 0.6079279 0.392072
1 0.999974 2.6045955e-05
1 0.0113801705 0.9886198
1 0.28754878 0.7124512
1 0.021924218 0.9780758
1 0.030388393 0.9696116
1 0.013135258 0.98686475
1 0.0083841225 0.99161583
1 0.0011255719 0.99887437
1 0.9999999 1.4051142e-07
1 0.99909246 0.00090752845
1 0.00017008033 0.9998299
1 0.99999344 6.580071e-06
1 0.005380082 0.99461985
1 0.99998045 1.9503068e-05
1 0.9979804 0.0020196058
1 3.257065e-05 0.99996746
1 0.96718276 0.032817215
1 0.9999995 4.82521e-07
1 1.0 2.1219112e-08
1 0.0012104565 0.9987896
1 0.99987817 0.00012181095
1 0.99999404 5.9109943e-06
1 0.9995976 0.0004024039
1 0.008682813 0.99131715
1 0.0064413063 0.9935587
1 1.2248823e-07 0.9999999
1 9.64197e-06 0.99999034
1 4.353225e-06 0.9999956
1 0.98463595 0.015364014
1 0.010223799 0.98977625
1 0.003061216 0.9969388
1 0.0029871017 0.99701285
1 6.869511e-05 0.99993134
1 0.5664483 0.43355182
1 4.918399e-07 0.9999995
1 0.9999889 1.1106992e-05
1 0.9955296 0.004470387
1 2.6827933e-05 0.9999732
1 0.00030911452 0.9996909
1 5.622972e-05 0.99994373
1 1.0 4.798266e-11
1 0.99779934 0.002200625
1 1.8058253e-06 0.9999982
1 0.9899852 0.010014819
1 0.9777672 0.022232786
1 9.857431e-06 0.9999901
1 0.00052931876 0.99947065
1 0.99999154 8.406045e-06
1 2.7795764e-08 1.0
1 0.9992982 0.00070179073
1 0.0005350788 0.9994649
1 0.99997723 2.2799888e-05
1 0.9999993 7.2635504e-07
1 0.94257295 0.057426997
1 0.9990858 0.0009142452
1 0.93831295 0.06168701
1 0.0047383024 0.99526167
0 0.99999976 2.4611907e-07
0 0.9999958 4.1323983e-06
0 0.9999058 9.415487e-05
0 0.9999988 1.2402778e-06
0 0.9999995 4.3130441e-07
0 0.9999989 1.1091644e-06
0 1.0 1.2762197e-11
0 1.0 2.842037e-08
0 0.99888927 0.0011108055
0 0.9999801 1.9930369e-05
0 0.98927003 0.010730014
0 0.975842 0.024158
0 0.9983565 0.0016434932
0 0.99924797 0.0007519696
0 0.9999994 6.424927e-07
0 0.9409506 0.05904951
0 1.0 6.374845e-15
0 1.0 4.50933e-09
0 1.0 5.922909e-15
0 0.9993343 0.00066564104
0 0.9588015 0.041198444
0 0.99999905 9.81401e-07
0 1.0 3.0596897e-10
0 1.0 2.5092813e-11
0 0.9999933 6.6482753e-06
0 1.0 2.4885954e-11
0 0.99990547 9.446712e-05
0 0.9999659 3.404783e-05
0 0.9999999 6.550035e-08
0 0.9974527 0.0025473104
0 0.28275153 0.71724844
0 1.0 2.2222024e-10
0 0.988489 0.011511046
0 0.99999213 7.831467e-06
0 0.99809474 0.0019052294
0 0.82296383 0.17703618
0 0.9999999 1.631885e-07
0 0.059009153 0.94099087
0 0.99999964 3.7747952e-07
0 1.0 5.441375e-13
0 1.0 1.4826405e-13
0 0.99989784 0.000102135906
0 0.999992 7.980926e-06
0 0.9999938 6.176021e-06
0 1.0 7.2490325e-10
0 0.99750406 0.0024959918
0 0.9953784 0.004621586
0 0.999987 1.29894515e-05
0 0.99999464 5.3199105e-06
0 0.99922216 0.00077777496
0 0.99997044 2.9593702e-05
0 1.0 2.1127045e-11
0 0.9926755 0.0073245643
0 0.99997103 2.8909424e-05
0 1.0 3.5435348e-16
0 0.09372226 0.9062777
0 1.0 8.902025e-16
0 0.99994767 5.233595e-05
0 0.9998814 0.000118556214
0 0.9415023 0.058497768
0 0.9999994 5.7570213e-07
0 1.0 3.1361604e-12
0 1.0 4.5726815e-11
0 0.9999999 9.620044e-08
0 1.0 1.359191e-13
0 0.95433724 0.04566277
0 1.0 5.4343436e-09
0 1.0 5.143595e-08
0 0.99999964 3.245266e-07
0 0.99999607 3.968757e-06
0 0.9820285 0.017971553
0 0.9999864 1.3597432e-05
0 0.9999999 1.5056771e-07
0 1.0 1.4281551e-09
0 1.0 1.4510162e-09
0 0.9999964 3.5830544e-06
0 0.9617112 0.03828872
0 0.9998215 0.00017856069
0 0.9936453 0.0063547217
0 0.23470765 0.76529235
0 1.0 1.6640711e-09
0 0.9990513 0.0009486882
0 1.0 6.6546615e-14
0 0.99915624 0.00084376155
0 0.9999999 1.2000574e-07
0 0.9996124 0.0003876298
0 1.0 2.1326755e-08
0 0.9532689 0.046731096
0 0.9999944 5.657238e-06
0 0.99999976 2.0771647e-07
0 1.0 3.0080924e-09
0 1.0 5.1163444e-12
0 1.0 4.4535824e-09
0 1.0 1.3755361e-08
0 0.998664 0.0013359643
0 0.9739197 0.02608031
0 1.0 4.6909933e-12
0 0.01912135 0.9808787
0 0.98703706 0.012962978
0 0.9876545 0.012345516
0 0.99997616 2.3822948e-05
0 1.0 1.7577289e-14
0 1.0 8.7132357e-10
0 1.0 1.7242627e-08
0 0.99938023 0.00061977695
0 0.9999995 5.183087e-07
0 0.47116607 0.5288339
0 1.0 2.560314e-12
1 0.0038488607 0.99615115
1 0.9999864 1.3609835e-05
1 0.28913864 0.7108614
1 0.98954684 0.010453152
1 0.99999964 4.1469286e-07
1 3.4611505e-05 0.9999654
1 0.08959505 0.910405
1 0.5539994 0.44600064
1 6.4862975e-06 0.99999356
1 0.0003380165 0.99966204
1 0.3042206 0.69577944
1 0.9999647 3.5295816e-05
1 0.9699967 0.030003278
1 0.0022705183 0.9977295
1 0.993152 0.0068479334
1 1.0 2.1159902e-08
1 0.9999857 1.4250276e-05
1 0.9873471 0.012652809
1 0.001100125 0.9988998
1 0.9655246 0.034475442
1 0.9566342 0.043365736
1 0.61473536 0.38526464
1 0.14752616 0.85247386
1 0.0067285704 0.9932714
1 0.0022791051 0.9977209
1 6.468075e-06 0.99999356
1 0.008422235 0.99157774
1 0.00013525278 0.9998647
1 0.96730655 0.0326935
1 0.0062817973 0.99371815
1 1.0 1.0881733e-13
1 0.0028705085 0.9971295
1 0.98166084 0.01833916
1 0.00034490583 0.9996551
1 0.004919736 0.99508023
1 0.9999863 1.36541385e-05
1 0.04155003 0.95844996
1 0.022977753 0.9770222
1 0.00015745999 0.9998425
1 1.0 2.884258e-10
1 0.38686934 0.6131307
1 0.99878556 0.001214508
1 1.0 3.961759e-11
1 0.005685252 0.99431473
1 1.0 1.1678166e-08
1 2.4866315e-06 0.9999975
1 1.630919e-05 0.99998367
1 0.66967773 0.33032224
1 0.021725021 0.97827494
1 0.0030221948 0.9969778
1 0.99999917 8.4778856e-07
1 0.06046834 0.9395316
1 1.0 5.1002093e-12
1 0.033523016 0.9664769
1 0.0074543185 0.99254566
1 0.51485604 0.48514393
1 0.00076042383 0.99923956
1 0.03094891 0.96905106
1 0.017145053 0.98285496
1 0.00032609925 0.99967396
1 0.9342407 0.065759316
1 0.980097 0.019903002
1 0.997888 0.0021120263
1 0.9997136 0.0002863229
1 1.8601228e-05 0.9999814
1 0.99995315 4.6893143e-05
1 0.0072660097 0.99273396
1 0.99597615 0.004023839
1 0.9798885 0.020111518
1 0.9989832 0.001016735
1 0.013741998 0.98625803
1 0.90590245 0.09409753
1 0.0077587664 0.99224126
1 0.97758615 0.022413878
1 0.0034894047 0.99651057
1 0.9979602 0.0020398411
1 0.023072762 0.97692716
1 0.00011223592 0.9998877
1 0.0028282176 0.9971718
1 0.9999993 6.672156e-07
1 3.0037481e-06 0.999997
1 0.0074508684 0.99254906
1 0.9526552 0.04734488
1 0.9758503 0.024149736
1 0.96452886 0.035471123
1 0.21479556 0.78520447
1 0.99999964 3.0209077e-07
1 3.0188336e-05 0.99996984
1 0.26848707 0.7315129
1 0.005685252 0.99431473
1 0.0011835307 0.9988165
1 1.0 1.4236846e-08
1 1.0 9.8419575e-09
1 0.9999361 6.3910025e-05
1 0.61018866 0.38981137
1 0.9870961 0.01290388
1 1.0 1.2135659e-12
1 0.99464405 0.005355937
1 0.975942 0.024057975
1 4.879488e-05 0.99995124
1 0.9999505 4.9460647e-05
1 0.9587061 0.04129399
1 0.000917974 0.99908197
1 0.99999964 3.0209077e-07
1 0.008046657 0.9919533
1 0.0048976536 0.9951023
1 0.008363494 0.99163646
1 1.0 1.7375012e-08
0 1.0 1.0014463e-16
0 0.00062010344 0.9993799
0 0.99998975 1.0239649e-05
0 0.99966514 0.0003348661
0 0.99102074 0.008979231
0 0.002277713 0.9977223
0 0.9999999 1.0595379e-07
0 0.9999964 3.5491848e-06
0 0.9973271 0.0026728597
0 0.99982506 0.00017493371
0 0.96518373 0.03481622
0 1.0 3.614494e-08
0 0.97611666 0.023883315
0 1.0 1.3394733e-11
0 1.0 1.7670576e-17
0 1.0 2.9869598e-10
0 0.94801563 0.051984422
0 0.99988437 0.00011556814
0 1.0 1.9666353e-09
0 1.0 4.596541e-09
0 0.9999999 1.3446235e-07
0 0.9998313 0.00016865275
0 0.99999976 1.9195285e-07
0 0.9990871 0.00091293553
0 0.99930215 0.00069785985
0 0.9999807 1.9345653e-05
0 1.0 5.5729537e-09
0 0.9849451 0.015054907
0 0.9994636 0.00053636124
0 0.99922025 0.0007797423
0 0.999948 5.202495e-05
0 0.9980083 0.0019916517
0 0.99940693 0.0005930385
0 0.99999905 9.711761e-07
0 0.9990073 0.0009927631
0 1.0 1.6252313e-13
0 1.0 2.441534e-10
0 0.999995 4.9764312e-06
0 1.0 5.4536047e-09
0 0.9999994 5.774799e-07
0 0.99986804 0.00013197954
0 1.0 1.8359794e-08
0 1.0 3.476893e-16
0 0.9999995 4.8312324e-07
0 0.9999871 1.2891221e-05
0 0.9999976 2.413735e-06
0 0.99999917 8.818844e-07
0 1.0 6.191043e-10
0 0.99994886 5.117233e-05
0 0.97951424 0.0204858
0 0.9992225 0.0007774738
0 1.0 3.669732e-09
0 1.0 1.4861579e-08
0 0.99200153 0.007998438
0 0.99280024 0.0071997913
0 0.72023803 0.279762
0 0.9999999 1.6360346e-07
0 0.99995255 4.7401285e-05
0 1.0 5.8016463e-09
0 0.99262416 0.007375863
0 0.9999999 1.5917263e-07
0 0.96368134 0.03631864
0 0.9999969 3.1435925e-06
0 0.99819034 0.0018096735
0 0.98653007 0.013469942
0 0.97411627 0.025883766
0 0.9998859 0.00011402557
0 0.041125298 0.9588747
0 0.9990608 0.0009391767
0 0.9998319 0.00016806007
0 0.9999933 6.705008e-06
0 1.0 3.0390959e-09
0 1.0 5.3937605e-09
0 0.99958307 0.000416973
0 0.99996877 3.1274183e-05
0 0.9999989 1.1287852e-06
0 0.99999595 4.082176e-06
0 0.9999993 6.7525696e-07
0 0.7147881 0.28521186
0 0.9807736 0.01922636
0 1.0 3.94794e-11
0 0.9999982 1.8387534e-06
0 1.0 4.296249e-12
0 0.9427632 0.057236772
0 0.9999939 6.124682e-06
0 0.949398 0.050601993
0 0.97323227 0.026767703
0 0.9999988 1.2109484e-06
0 0.9999902 9.782428e-06
0 0.9998877 0.000112281305
0 0.99999917 7.8748667e-07
0 0.99940515 0.0005948932
0 0.99900764 0.0009923266
0 0.60358876 0.3964113
0 0.33426163 0.66573834
0 0.9999665 3.3456305e-05
0 0.9999999 1.0220015e-07
0 0.99997115 2.888096e-05
0 1.0 1.0584427e-08
0 1.0 7.972719e-10
0 0.99999976 2.7313268e-07
0 1.0 4.7091294e-08
0 1.0 8.6826015e-12
0 1.0 5.451755e-16
0 0.9888915 0.011108501
0 0.99991286 8.708162e-05
0 0.0067960448 0.993204
0 0.9984211 0.0015789911
1 0.00021373262 0.9997863
1 0.0003142051 0.99968576
1 0.064910606 0.93508935
1 0.9999993 7.701475e-07
1 0.003064326 0.9969357
1 0.9957867 0.0042132223
1 0.006342353 0.99365765
1 0.0007086607 0.9992913
1 0.33828834 0.6617117
1 0.009970373 0.99002963
1 0.9992099 0.000790056
1 0.00015649006 0.9998435
1 0.9661062 0.033893872
1 0.00021872493 0.9997813
1 1.0 1.7253696e-10
1 0.0012173245 0.9987827
1 0.49896222 0.50103784
1 0.0013735959 0.9986265
1 1.0 6.9001224e-12
1 1.0 3.6309878e-08
1 0.99479854 0.005201464
1 0.06150868 0.93849134
1 0.99899715 0.0010028511
1 0.99874324 0.0012568083
1 0.1713527 0.8286473
1 0.0049152356 0.9950847
1 0.99999976 2.9737697e-07
1 0.99999964 3.5340798e-07
1 0.9434957 0.05650425
1 0.060266804 0.93973315
1 0.9990019 0.0009980985
1 0.9999987 1.3245289e-06
1 0.6323744 0.36762556
1 0.99933964 0.00066032505
1 0.9487524 0.051247533
1 0.004051216 0.9959488
1 0.0111725945 0.98882747
1 0.0047731516 0.99522686
1 0.017807875 0.9821921
1 0.0001441203 0.9998559
1 0.035091195 0.9649088
1 0.9503098 0.049690206
1 0.9999206 7.940662e-05
1 0.99986315 0.00013681699
1 0.0106235035 0.98937654
1 0.020013867 0.97998613
1 0.9981019 0.0018981076
1 0.9999999 1.7247355e-07
1 0.98582506 0.014175019
1 0.18493323 0.8150667
1 0.00020966367 0.9997904
1 0.9988004 0.0011995855
1 0.16152604 0.8384739
1 0.68479526 0.31520474
1 0.99998045 1.9608962e-05
1 0.8887029 0.11129714
1 0.10141639 0.89858365
1 0.046427518 0.9535725
1 0.0009926453 0.9990074
1 0.16349787 0.83650213
1 1.0 6.911357e-16
1 0.00751098 0.9924891
1 0.0031488128 0.99685115
1 0.39588842 0.60411155
1 0.9999999 1.4258212e-07
1 1.0 5.55434e-13
1 0.99928766 0.00071242155
1 0.99367565 0.006324308
1 0.0006747224 0.9993253
1 0.0007984161 0.9992016
1 0.9990878 0.00091214245
1 0.9938899 0.0061100908
1 0.3959481 0.6040519
1 0.9998518 0.00014816785
1 0.013944638 0.9860554
1 0.56360054 0.43639946
1 0.93153846 0.06846153
1 0.9285538 0.07144621
1 0.0006458425 0.9993542
1 1.0 1.9033017e-09
1 0.999897 0.000103019964
1 1.0 1.7790104e-08
1 0.9826444 0.017355641
1 1.0 4.1952004e-22
1 0.9999895 1.0546457e-05
1 0.017839473 0.98216057
1 0.99999607 3.9654806e-06
1 0.0009299067 0.9990701
1 0.00015064926 0.9998493
1 0.028194753 0.9718052
1 1.0 1.3358134e-13
1 0.1067398 0.8932602
1 0.9999987 1.3479093e-06
1 0.8619608 0.13803911
1 0.0037558367 0.9962442
1 1.0 2.0103151e-08
1 0.70520455 0.2947954
1 1.0 2.4013444e-10
1 0.83114 0.16886002
1 0.040243026 0.959757
1 0.0082690865 0.99173087
1 1.0 7.733692e-21
1 1.0 1.4323699e-09
1 0.7758199 0.22418009
1 0.9685338 0.0314662
1 0.0010371034 0.9989629
1 0.98629934 0.013700658
1 1.0 4.7816894e-20
0 1.0 3.0493394e-12
0 0.0032009736 0.996799
0 0.98772615 0.012273895
0 0.9971367 0.0028632677
0 0.9999547 4.5306093e-05
0 1.0 1.1201446e-28
0 0.99845684 0.0015431275
0 1.0 2.5267085e-16
0 1.0 3.6249055e-08
0 1.0 3.0329445e-10
0 1.0 5.349819e-08
0 0.8793989 0.12060111
0 0.99959594 0.00040401673
0 0.9999995 5.351825e-07
0 0.9735213 0.026478752
0 0.9519402 0.04805988
0 0.9999794 2.0655763e-05
0 0.99005604 0.009944017
0 1.0 1.6313901e-09
0 1.0 6.82487e-13
0 0.95173967 0.048260298
0 1.0 8.88567e-09
0 1.0 4.3428388e-16
0 0.999943 5.6927394e-05
0 0.9997633 0.00023669822
0 1.0 2.489926e-10
0 0.8047438 0.1952561
0 0.91035026 0.08964971
0 0.99430794 0.0056920378
0 0.99999774 2.2103088e-06
0 1.0 5.5503167e-09
0 1.0 5.052404e-10
0 1.0 1.2310938e-11
0 1.0 1.7798443e-09
0 1.0 5.898884e-11
0 1.0 9.03845e-24
0 0.21171242 0.7882876
0 0.98369837 0.016301567
0 0.9623403 0.03765965
0 0.9957261 0.0042739003
0 0.9988527 0.0011472326
0 1.0 3.8251513e-16
0 1.0 5.831508e-14
0 1.0 1.3045297e-11
0 0.9269297 0.073070325
0 0.99950135 0.00049858366
0 2.4794921e-05 0.9999752
0 1.0 5.573685e-10
0 1.0 9.516754e-11
0 1.0 3.3145506e-23
0 0.021735696 0.97826433
0 0.99999905 8.976764e-07
0 0.99035627 0.009643758
0 0.1336714 0.8663286
0 0.9999944 5.5692967e-06
0 0.041022655 0.9589773
0 1.0 2.9064162e-16
0 0.99985707 0.0001429065
0 1.0 1.3206758e-10
0 0.99999845 1.6039916e-06
0 0.9999887 1.1383719e-05
0 1.0 4.636883e-15
0 0.99999976 2.071659e-07
0 1.0 1.112478e-08
0 0.9999989 1.0878865e-06
0 0.9993917 0.0006082959
0 0.99999785 2.1743672e-06
0 1.0 1.7343679e-13
0 0.99805355 0.0019464189
0 1.0 7.204809e-11
0 1.0 5.7923444e-10
0 0.9999558 4.4278073e-05
0 0.99999666 3.3053445e-06
0 1.0 2.0295555e-08
0 1.0 1.4232631e-09
0 0.99983454 0.00016539013
0 0.99598396 0.0040160604
0 0.9999715 2.8442515e-05
0 0.99999857 1.4422035e-06
0 1.0 7.026105e-19
0 1.0 2.2922256e-11
0 0.99993706 6.299466e-05
0 1.0 2.0010908e-09
0 1.0 4.2038834e-22
0 1.0 7.9361816e-11
0 0.9344396 0.06556042
0 0.9999976 2.4180804e-06
0 1.0 6.512868e-10
0 0.9999999 9.553996e-08
0 0.99999917 8.158485e-07
0 0.48421735 0.5157826
0 1.0 2.855086e-13
0 0.023554722 0.97644526
0 1.0 5.365837e-10
0 1.0 6.461549e-12
0 0.9945181 0.005481952
0 1.0 3.9041187e-11
0 0.99999845 1.5847905e-06
0 1.0 1.1964264e-10
0 0.9874676 0.012532428
0 0.9999989 1.1295444e-06
0 0.9998258 0.00017422973
0 0.17525028 0.82474977
0 0.64995915 0.35004088
0 0.99999917 8.799605e-07
0 1.0 1.7924278e-14
0 1.0 1.6648688e-08
0 0.0042536096 0.99574643
