0.0009026931 0.99909735
0.038145028 0.96185493
0.3578532 0.64214677
0.0052223746 0.9947777
0.009242082 0.99075794
0.0313031 0.9686969
0.004970408 0.9950296
0.002068857 0.9979311
0.00063853414 0.99936146
0.6813242 0.31867585
0.008447059 0.9915529
0.017884918 0.98211503
0.19860463 0.8013954
1.0087313e-08 1.0
0.0005999534 0.9994
0.11329552 0.88670456
0.8120258 0.18797426
0.005418395 0.99458164
0.050560687 0.94943935
0.011456624 0.9885434
0.005042839 0.99495715
0.99379337 0.0062066666
0.0047251945 0.9952748
0.0018316802 0.99816835
0.0022167682 0.99778324
0.008370394 0.99162954
0.8344604 0.16553962
0.017118061 0.9828819
0.024807815 0.9751922
0.024004178 0.97599584
0.020373922 0.9796261
0.19673294 0.80326706
0.016875297 0.98312473
0.05214842 0.9478516
0.009534978 0.99046504
0.0018768731 0.9981231
0.016801173 0.9831988
0.0047940062 0.99520594
0.0022515494 0.99774843
0.00057234906 0.9994276
0.009918909 0.99008113
0.011539469 0.98846054
0.0032446445 0.9967553
1.4070714e-08 1.0
0.05738812 0.94261193
0.005369845 0.9946301
0.009039677 0.9909603
0.0007287487 0.9992712
0.005588947 0.99441105
0.031090064 0.9689099
0.001979015 0.998021
0.0013447624 0.9986552
0.013213299 0.9867867
4.9618342e-05 0.9999504
0.13981058 0.8601894
0.004067554 0.9959325
0.014278369 0.9857216
0.0022104073 0.9977896
0.0019428143 0.9980572
6.209489e-05 0.9999379
0.16978697 0.83021295
0.028991494 0.97100854
0.012603888 0.98739606
0.0052756807 0.99472433
0.004238322 0.9957617
0.024902133 0.9750979
4.3536484e-06 0.9999956
0.006950713 0.99304926
0.011341822 0.98865813
0.00588299 0.994117
0.0027984455 0.99720156
0.0018274576 0.9981725
0.05240737 0.9475926
0.83360684 0.16639315
0.8243364 0.17566359
0.18416606 0.81583387
0.009876273 0.9901237
0.04967476 0.9503252
0.9810135 0.018986471
0.015582315 0.9844177
7.631868e-09 1.0
0.017332332 0.9826676
0.026591603 0.9734084
0.0057266154 0.99427336
3.7028243e-05 0.9999629
0.0021431604 0.9978568
0.3534833 0.64651674
0.005455292 0.99454474
0.011334126 0.9886658
0.0063227834 0.9936772
0.0016467199 0.99835336
0.011127118 0.98887295
0.0107680475 0.989232
0.0238144 0.9761856
0.116469964 0.88353
0.022167364 0.9778326
0.008910003 0.99109006
0.002492112 0.9975078
0.8811261 0.11887383
0.92224646 0.07775357
0.00453383 0.9954661
0.016714875 0.9832851
0.36933994 0.63066
0.023711385 0.9762887
0.023381704 0.9766183
0.001756273 0.9982437
0.0052367374 0.9947633
0.005269485 0.9947305
0.0037030024 0.99629706
0.002788487 0.9972115
0.0019334514 0.9980666
0.0046758205 0.9953242
0.9897015 0.010298493
0.026263079 0.9737369
0.006238072 0.99376196
0.5035007 0.49649924
0.0032592895 0.99674076
0.0001737516 0.99982625
4.921026e-05 0.99995077
4.6422066e-09 1.0
0.032117125 0.9678829
0.0024843034 0.9975157
0.00039254368 0.9996075
0.009273124 0.9907268
0.06500992 0.9349901
0.42414618 0.5758538
5.303091e-05 0.99994695
0.0065017254 0.9934983
1.3783088e-09 1.0
0.70650524 0.29349473
0.00084977463 0.9991503
0.0029361784 0.9970638
0.5638221 0.43617794
2.1291477e-08 1.0
0.005574181 0.9944258
0.0067598224 0.99324024
0.35125533 0.6487447
0.013377289 0.98662275
0.053470936 0.94652903
0.0021486918 0.9978514
0.0026700762 0.99732995
2.7797103e-05 0.9999722
4.6315428e-08 1.0
0.61944854 0.38055143
0.006629977 0.99337006
4.661176e-09 1.0
0.04132604 0.95867395
4.9563003e-09 1.0
0.0067430665 0.9932569
0.32726678 0.67273325
0.9999491 5.095918e-05
0.9985403 0.0014597338
0.95578253 0.044217438
0.9579279 0.04207208
0.9999982 1.7956536e-06
0.9999881 1.1928083e-05
0.9850332 0.014966735
1.0 5.104811e-09
1.0 1.4729872e-12
0.99979585 0.0002041358
1.0 4.049468e-09
0.99999714 2.8577792e-06
0.9999999 1.13545056e-07
0.93992037 0.060079575
0.9879148 0.012085135
0.99999917 7.7943304e-07
0.9999999 1.3458758e-07
0.8892255 0.11077455
1.0 2.7623043e-12
0.99880135 0.0011985826
0.99999726 2.6931132e-06
0.9785623 0.021437712
0.07680759 0.9231924
1.0 2.5545286e-12
1.0 8.679509e-15
0.9522721 0.047727875
0.996053 0.0039470545
0.89105 0.1089501
0.0019569257 0.99804306
1.0 1.6666734e-08
0.9979024 0.002097586
0.032367382 0.9676326
0.99999976 2.2727522e-07
1.0 2.8152375e-13
0.99919957 0.0008003993
1.0 4.99202e-09
0.9995943 0.00040580222
1.0 6.956649e-10
0.97525036 0.024749605
0.9984181 0.0015819127
0.9999968 3.2707146e-06
0.99951756 0.0004823938
0.99997234 2.7633365e-05
1.0 7.9051085e-14
0.9999969 3.0765868e-06
0.9999987 1.3569352e-06
0.37966147 0.62033856
0.9555243 0.044475753
0.99998915 1.0886994e-05
0.9120441 0.087955914
0.99999976 2.5636817e-07
0.97826195 0.021738023
0.9999999 1.719057e-07
0.9993736 0.00062639837
0.9977163 0.0022837517
0.9982768 0.0017231634
0.9999876 1.2444754e-05
0.9999994 6.226552e-07
0.99734926 0.0026506998
0.99998295 1.6999196e-05
0.99939 0.00060993066
1.0 1.072106e-13
0.99999845 1.6060702e-06
1.0 8.8965727e-13
0.9777515 0.022248473
0.99999475 5.2813766e-06
0.99988127 0.000118710064
1.0 1.5474988e-11
0.76459277 0.23540725
0.12750307 0.87249696
1.0 4.608025e-08
0.9999999 1.4755976e-07
0.9851804 0.014819578
0.999951 4.8978465e-05
0.9998565 0.00014354908
0.24579963 0.7542004
0.9988318 0.0011681842
1.0 7.504619e-14
0.99999976 2.1843717e-07
1.0 2.050693e-15
1.0 3.4966885e-10
1.0 3.5505515e-08
1.0 3.3746755e-11
0.99999905 1.0059618e-06
1.0 4.3337046e-08
1.0 3.4503722e-10
0.99984896 0.00015096749
0.9994091 0.0005908765
0.98121625 0.018783767
0.99999905 9.806001e-07
0.99659145 0.0034085226
0.99994886 5.113408e-05
0.9999901 9.933996e-06
0.9999918 8.271659e-06
0.9559847 0.04401529
0.9999814 1.8591882e-05
0.76802963 0.23197033
0.9944001 0.005599873
0.9965442 0.0034557953
1.0 3.7833933e-12
0.99997675 2.3285822e-05
0.9990577 0.0009423296
0.9344477 0.06555235
0.9446149 0.055385083
0.999997 2.9213115e-06
1.0 5.881614e-08
1.0 6.3727634e-12
1.0 3.353789e-11
0.9887038 0.011296176
1.0 5.0802488e-08
0.9997476 0.00025238827
0.6124374 0.38756263
0.9993005 0.0006994721
0.9997894 0.00021064693
0.8907715 0.10922853
0.99999976 2.5643737e-07
0.99956256 0.0004374545
0.99996245 3.756724e-05
0.5900557 0.4099444
0.99995565 4.4299017e-05
0.99999523 4.7476847e-06
0.9993948 0.0006052589
0.9998573 0.0001427198
1.0 1.9017161e-09
0.99999094 9.079333e-06
1.0 1.1677679e-15
0.9990872 0.00091275416
0.9987997 0.0012003285
0.99984264 0.00015730782
1.0 5.043334e-10
1.0 4.2094094e-08
1.0 5.953609e-13
0.9999963 3.6991305e-06
0.9999901 9.902686e-06
0.87109256 0.1289075
0.9999924 7.674321e-06
1.0 1.3673909e-11
0.32596833 0.6740316
0.89116174 0.10883821
0.80010897 0.19989105
0.94153047 0.058469556
0.32514942 0.67485064
0.99999833 1.683195e-06
0.99957997 0.00042003932
1.0 9.7055874e-14
0.93762106 0.062378872
1.0 2.4819581e-08
0.9831539 0.016846115
