0.99909735
0.96185493
0.64214677
0.9947777
0.99075794
0.9686969
0.9950296
0.9979311
0.99936146
0.31867585
0.9915529
0.98211503
0.8013954
1.0
0.9994
0.88670456
0.18797426
0.99458164
0.94943935
0.9885434
0.99495715
0.0062066666
0.9952748
0.99816835
0.99778324
0.99162954
0.16553962
0.9828819
0.9751922
0.97599584
0.9796261
0.80326706
0.98312473
0.9478516
0.99046504
0.9981231
0.9831988
0.99520594
0.99774843
0.9994276
0.99008113
0.98846054
0.9967553
1.0
0.94261193
0.9946301
0.9909603
0.9992712
0.99441105
0.9689099
0.998021
0.9986552
0.9867867
0.9999504
0.8601894
0.9959325
0.9857216
0.9977896
0.9980572
0.9999379
0.83021295
0.97100854
0.98739606
0.99472433
0.9957617
0.9750979
0.9999956
0.99304926
0.98865813
0.994117
0.99720156
0.9981725
0.9475926
0.16639315
0.17566359
0.81583387
0.9901237
0.9503252
0.018986471
0.9844177
1.0
0.9826676
0.9734084
0.99427336
0.9999629
0.9978568
0.64651674
0.99454474
0.9886658
0.9936772
0.99835336
0.98887295
0.989232
0.9761856
0.88353
0.9778326
0.99109006
0.9975078
0.11887383
0.07775357
0.9954661
0.9832851
0.63066
0.9762887
0.9766183
0.9982437
0.9947633
0.9947305
0.99629706
0.9972115
0.9980666
0.9953242
0.010298493
0.9737369
0.99376196
0.49649924
0.99674076
0.99982625
0.99995077
1.0
0.9678829
0.9975157
0.9996075
0.9907268
0.9349901
0.5758538
0.99994695
0.9934983
1.0
0.29349473
0.9991503
0.9970638
0.43617794
1.0
0.9944258
0.99324024
0.6487447
0.98662275
0.94652903
0.9978514
0.99732995
0.9999722
1.0
0.38055143
0.99337006
1.0
0.95867395
1.0
0.9932569
0.67273325
5.095918e-05
0.0014597338
0.044217438
0.04207208
1.7956536e-06
1.1928083e-05
0.014966735
5.104811e-09
1.4729872e-12
0.0002041358
4.049468e-09
2.8577792e-06
1.13545056e-07
0.060079575
0.012085135
7.7943304e-07
1.3458758e-07
0.11077455
2.7623043e-12
0.0011985826
2.6931132e-06
0.021437712
0.9231924
2.5545286e-12
8.679509e-15
0.047727875
0.0039470545
0.1089501
0.99804306
1.6666734e-08
0.002097586
0.9676326
2.2727522e-07
2.8152375e-13
0.0008003993
4.99202e-09
0.00040580222
6.956649e-10
0.024749605
0.0015819127
3.2707146e-06
0.0004823938
2.7633365e-05
7.9051085e-14
3.0765868e-06
1.3569352e-06
0.62033856
0.044475753
1.0886994e-05
0.087955914
2.5636817e-07
0.021738023
1.719057e-07
0.00062639837
0.0022837517
0.0017231634
1.2444754e-05
6.226552e-07
0.0026506998
1.6999196e-05
0.00060993066
1.072106e-13
1.6060702e-06
8.8965727e-13
0.022248473
5.2813766e-06
0.000118710064
1.5474988e-11
0.23540725
0.87249696
4.608025e-08
1.4755976e-07
0.014819578
4.8978465e-05
0.00014354908
0.7542004
0.0011681842
7.504619e-14
2.1843717e-07
2.050693e-15
3.4966885e-10
3.5505515e-08
3.3746755e-11
1.0059618e-06
4.3337046e-08
3.4503722e-10
0.00015096749
0.0005908765
0.018783767
9.806001e-07
0.0034085226
5.113408e-05
9.933996e-06
8.271659e-06
0.04401529
1.8591882e-05
0.23197033
0.005599873
0.0034557953
3.7833933e-12
2.3285822e-05
0.0009423296
0.06555235
0.055385083
2.9213115e-06
5.881614e-08
6.3727634e-12
3.353789e-11
0.011296176
5.0802488e-08
0.00025238827
0.38756263
0.0006994721
0.00021064693
0.10922853
2.5643737e-07
0.0004374545
3.756724e-05
0.4099444
4.4299017e-05
4.7476847e-06
0.0006052589
0.0001427198
1.9017161e-09
9.079333e-06
1.1677679e-15
0.00091275416
0.0012003285
0.00015730782
5.043334e-10
4.2094094e-08
5.953609e-13
3.6991305e-06
9.902686e-06
0.1289075
7.674321e-06
1.3673909e-11
0.6740316
0.10883821
0.19989105
0.058469556
0.67485064
1.683195e-06
0.00042003932
9.7055874e-14
0.062378872
2.4819581e-08
0.016846115
