0.005328474 0.9946715
3.574921e-11 1.0
8.240989e-05 0.9999176
0.0008589762 0.999141
2.1818391e-12 1.0
0.1715656 0.82843435
0.001291329 0.9987087
0.00059450767 0.9994055
0.017072454 0.9829275
0.12980542 0.8701946
0.0018935268 0.9981065
0.010253962 0.989746
2.963058e-11 1.0
0.005753942 0.99424607
0.0007055844 0.9992944
0.11153955 0.88846046
0.001524631 0.9984754
0.0013339503 0.99866605
0.0024395382 0.9975605
1.163277e-08 1.0
0.010828527 0.98917145
0.0026547927 0.99734527
0.032492977 0.967507
0.0012798223 0.99872017
0.044764757 0.9552352
7.888428e-12 1.0
0.0059923157 0.9940077
0.035447884 0.96455216
0.88441414 0.115585856
8.632469e-12 1.0
6.4756055e-11 1.0
0.03170722 0.9682928
0.0045397696 0.9954602
0.052003525 0.94799644
0.00043292707 0.9995671
0.0013337141 0.9986663
0.26698625 0.73301375
0.00059435953 0.9994056
0.0007562167 0.99924386
0.00055840594 0.99944156
2.6872012e-12 1.0
0.0012501732 0.99874985
0.013172985 0.986827
0.04611221 0.9538878
0.00015218183 0.99984777
0.02343023 0.9765697
6.689145e-11 1.0
0.0010436116 0.9989563
0.0045925863 0.9954074
0.010828813 0.9891712
0.052606307 0.94739366
0.001183662 0.9988164
0.00014942534 0.9998505
0.0049761985 0.99502385
0.048908677 0.9510913
7.030956e-05 0.99992967
0.0001981196 0.99980193
0.012723678 0.98727626
3.972207e-05 0.9999603
0.05373584 0.94626415
0.031428773 0.9685712
0.0017429953 0.998257
7.819796e-10 1.0
0.0051141246 0.99488586
0.0012393013 0.9987607
0.0008403471 0.9991597
0.0013215445 0.9986784
8.601139e-05 0.99991393
0.00081078743 0.9991892
0.09690383 0.90309614
0.0007455869 0.9992544
0.0060182824 0.99398166
0.001256897 0.9987431
0.017496554 0.9825035
0.0004171324 0.9995828
0.0016919086 0.99830806
0.005332577 0.9946674
0.00016179816 0.99983823
0.87256795 0.12743203
0.0031106377 0.9968894
0.24490367 0.7550963
3.579003e-05 0.99996424
0.0007811386 0.9992188
0.001469333 0.9985306
0.00081004837 0.9991899
0.000905837 0.9990941
0.00083092705 0.9991691
0.0031959282 0.9968041
1.9965965e-12 1.0
0.030135596 0.96986437
0.00013673693 0.99986327
0.00082000246 0.99918
0.00064961554 0.99935037
8.879099e-06 0.9999912
0.3380398 0.6619602
0.00052711426 0.9994729
0.01138162 0.9886184
0.05232538 0.9476746
0.00078275416 0.9992173
0.0019220747 0.99807787
0.00059439667 0.9994056
0.16416523 0.83583474
0.00058298925 0.99941707
0.016388606 0.9836114
9.497962e-12 1.0
1.2587922e-10 1.0
0.015763227 0.98423684
0.0008576816 0.9991423
0.00021084827 0.9997892
0.004332448 0.9956676
0.0038254792 0.99617445
0.0039382246 0.99606174
0.0073355725 0.9926644
0.0038371994 0.9961628
0.2102562 0.7897438
0.005803495 0.99419653
0.0003005903 0.9996995
0.0010742894 0.99892575
0.0047668563 0.9952331
0.00010367778 0.9998963
4.103619e-11 1.0
0.0006024362 0.9993975
0.05968892 0.9403111
3.9840145e-11 1.0
0.005245349 0.9947547
0.14031604 0.859684
0.0012722306 0.99872774
0.0021115358 0.9978885
0.97708523 0.022914754
0.015968448 0.9840315
0.010824135 0.98917586
0.0010866645 0.9989133
0.017908689 0.98209137
2.6934233e-10 1.0
0.000119616365 0.9998803
0.00016185756 0.9998381
0.029284872 0.97071517
0.00445403 0.995546
0.07242996 0.9275701
0.19654109 0.80345887
0.0015559879 0.998444
0.00094984 0.9990502
5.836257e-11 1.0
0.0049217255 0.9950782
0.0007013164 0.9992987
5.7494287e-21 1.0
0.00061003334 0.99939
0.9999989 1.0938925e-06
0.0026401095 0.99735993
1.0 1.8539423e-13
0.9839035 0.016096516
0.9998565 0.00014344945
1.0 1.9001333e-11
1.0 8.049247e-12
0.9945127 0.005487333
1.0 2.1108225e-08
0.9983224 0.0016775979
0.8242662 0.17573377
0.9996352 0.00036480074
0.9793448 0.020655189
1.0 5.247963e-09
0.9999957 4.301327e-06
0.9998925 0.00010753265
0.33278 0.66722
0.99852604 0.0014739394
0.99999464 5.417366e-06
0.99861753 0.0013824129
1.0 1.942577e-10
1.0 2.4142525e-11
1.0 1.0742637e-09
0.99607015 0.0039298786
0.99731964 0.0026803724
0.99999964 3.4483304e-07
1.0 2.5903395e-13
0.93946207 0.060537945
1.0 6.6288794e-11
1.0 8.1025586e-12
1.0 1.3993606e-08
0.9745326 0.02546735
0.9996283 0.00037161613
1.0 2.6466154e-08
1.0 3.1029952e-08
0.99898416 0.0010158704
1.0 8.666958e-10
1.0 2.2028304e-12
0.99999976 2.6740162e-07
0.99467814 0.005321884
0.9999838 1.6153685e-05
1.0 1.3840314e-08
1.0 1.0531603e-16
1.0 6.861384e-11
0.18866561 0.81133443
0.9999436 5.637259e-05
1.0 8.57751e-14
1.0 7.732046e-12
1.0 1.2662958e-14
0.9780855 0.021914521
0.9856549 0.014345105
0.9999596 4.0468418e-05
0.98427016 0.015729867
1.0 5.6474714e-13
0.9997181 0.00028186577
0.99968314 0.00031684354
1.0 2.9243063e-11
1.0 1.3586656e-08
1.0 8.2031604e-10
0.996467 0.0035329892
0.9999752 2.48182e-05
0.9992567 0.000743367
1.0 2.4267616e-13
0.0637878 0.9362122
1.0 1.5838422e-16
0.9999001 9.994634e-05
1.0 5.032221e-12
1.0 5.555837e-12
1.0 1.7184562e-10
0.9999409 5.9181733e-05
0.93641627 0.063583724
0.99999857 1.4559399e-06
0.9998816 0.00011837051
0.9999999 1.12787006e-07
0.9705785 0.029421467
0.98611903 0.013880934
1.0 3.0836233e-13
0.14653301 0.85346705
0.99999535 4.5952775e-06
1.0 2.0430322e-16
0.99994624 5.3771135e-05
0.9999949 5.0883204e-06
0.6887432 0.3112569
0.9999467 5.324358e-05
0.9999341 6.592931e-05
1.0 3.8038927e-08
1.0 3.7898444e-15
0.9999938 6.1752553e-06
0.9999989 1.1193464e-06
1.0 1.4671685e-09
0.99976546 0.00023455366
0.9996184 0.00038158847
0.23745792 0.76254207
0.99999225 7.765234e-06
1.0 2.384719e-08
0.9989912 0.0010088567
1.0 1.1324861e-17
1.0 3.4882923e-08
1.0 2.2540168e-37
0.99929225 0.00070769555
1.0 9.439404e-10
0.43234313 0.5676569
0.024897795 0.9751022
0.11495341 0.8850466
1.0 1.27639784e-14
1.0 2.4823126e-16
0.9999999 9.571451e-08
0.99982375 0.00017622935
0.86282057 0.1371795
1.0 2.60868e-13
0.73469114 0.2653088
0.99894255 0.0010574905
1.0 2.1744433e-09
1.0 3.1598233e-12
0.9921895 0.0078104543
0.98993766 0.010062382
0.99878985 0.0012102288
0.9999486 5.1366038e-05
1.0 2.2382999e-13
1.0 5.0075473e-12
0.16991952 0.83008045
0.9965497 0.003450233
0.99998426 1.5735823e-05
0.99979836 0.00020169801
0.9999987 1.3368053e-06
0.9510421 0.048957843
0.9999981 1.9442361e-06
1.0 2.508445e-10
0.99996316 3.679058e-05
0.98656577 0.0134341745
1.0 3.208824e-16
0.29591885 0.7040812
1.0 1.6911098e-11
1.0 1.3299681e-10
0.9999893 1.0692634e-05
1.0 4.0345425e-09
0.999908 9.2021e-05
0.99999726 2.7862438e-06
0.99997616 2.3834038e-05
0.6830013 0.31699872
0.0075703952 0.99242955
0.9987149 0.0012850894
0.99844736 0.0015527244
1.0 2.3272129e-11
0.9990928 0.0009072268
0.9999964 3.5961862e-06
1.0 2.7043529e-13
0.99999774 2.32211e-06
1.0 4.97834e-12
1.0 3.5002102e-11
1.0 7.532473e-09
