0.9946715
1.0
0.9999176
0.999141
1.0
0.82843435
0.9987087
0.9994055
0.9829275
0.8701946
0.9981065
0.989746
1.0
0.99424607
0.9992944
0.88846046
0.9984754
0.99866605
0.9975605
1.0
0.98917145
0.99734527
0.967507
0.99872017
0.9552352
1.0
0.9940077
0.96455216
0.115585856
1.0
1.0
0.9682928
0.9954602
0.94799644
0.9995671
0.9986663
0.73301375
0.9994056
0.99924386
0.99944156
1.0
0.99874985
0.986827
0.9538878
0.99984777
0.9765697
1.0
0.9989563
0.9954074
0.9891712
0.94739366
0.9988164
0.9998505
0.99502385
0.9510913
0.99992967
0.99980193
0.98727626
0.9999603
0.94626415
0.9685712
0.998257
1.0
0.99488586
0.9987607
0.9991597
0.9986784
0.99991393
0.9991892
0.90309614
0.9992544
0.99398166
0.9987431
0.9825035
0.9995828
0.99830806
0.9946674
0.99983823
0.12743203
0.9968894
0.7550963
0.99996424
0.9992188
0.9985306
0.9991899
0.9990941
0.9991691
0.9968041
1.0
0.96986437
0.99986327
0.99918
0.99935037
0.9999912
0.6619602
0.9994729
0.9886184
0.9476746
0.9992173
0.99807787
0.9994056
0.83583474
0.99941707
0.9836114
1.0
1.0
0.98423684
0.9991423
0.9997892
0.9956676
0.99617445
0.99606174
0.9926644
0.9961628
0.7897438
0.99419653
0.9996995
0.99892575
0.9952331
0.9998963
1.0
0.9993975
0.9403111
1.0
0.9947547
0.859684
0.99872774
0.9978885
0.022914754
0.9840315
0.98917586
0.9989133
0.98209137
1.0
0.9998803
0.9998381
0.97071517
0.995546
0.9275701
0.80345887
0.998444
0.9990502
1.0
0.9950782
0.9992987
1.0
0.99939
1.0938925e-06
0.99735993
1.8539423e-13
0.016096516
0.00014344945
1.9001333e-11
8.049247e-12
0.005487333
2.1108225e-08
0.0016775979
0.17573377
0.00036480074
0.020655189
5.247963e-09
4.301327e-06
0.00010753265
0.66722
0.0014739394
5.417366e-06
0.0013824129
1.942577e-10
2.4142525e-11
1.0742637e-09
0.0039298786
0.0026803724
3.4483304e-07
2.5903395e-13
0.060537945
6.6288794e-11
8.1025586e-12
1.3993606e-08
0.02546735
0.00037161613
2.6466154e-08
3.1029952e-08
0.0010158704
8.666958e-10
2.2028304e-12
2.6740162e-07
0.005321884
1.6153685e-05
1.3840314e-08
1.0531603e-16
6.861384e-11
0.81133443
5.637259e-05
8.57751e-14
7.732046e-12
1.2662958e-14
0.021914521
0.014345105
4.0468418e-05
0.015729867
5.6474714e-13
0.00028186577
0.00031684354
2.9243063e-11
1.3586656e-08
8.2031604e-10
0.0035329892
2.48182e-05
0.000743367
2.4267616e-13
0.9362122
1.5838422e-16
9.994634e-05
5.032221e-12
5.555837e-12
1.7184562e-10
5.9181733e-05
0.063583724
1.4559399e-06
0.00011837051
1.12787006e-07
0.029421467
0.013880934
3.0836233e-13
0.85346705
4.5952775e-06
2.0430322e-16
5.3771135e-05
5.0883204e-06
0.3112569
5.324358e-05
6.592931e-05
3.8038927e-08
3.7898444e-15
6.1752553e-06
1.1193464e-06
1.4671685e-09
0.00023455366
0.00038158847
0.76254207
7.765234e-06
2.384719e-08
0.0010088567
1.1324861e-17
3.4882923e-08
2.2540168e-37
0.00070769555
9.439404e-10
0.5676569
0.9751022
0.8850466
1.27639784e-14
2.4823126e-16
9.571451e-08
0.00017622935
0.1371795
2.60868e-13
0.2653088
0.0010574905
2.1744433e-09
3.1598233e-12
0.0078104543
0.010062382
0.0012102288
5.1366038e-05
2.2382999e-13
5.0075473e-12
0.83008045
0.003450233
1.5735823e-05
0.00020169801
1.3368053e-06
0.048957843
1.9442361e-06
2.508445e-10
3.679058e-05
0.0134341745
3.208824e-16
0.7040812
1.6911098e-11
1.3299681e-10
1.0692634e-05
4.0345425e-09
9.2021e-05
2.7862438e-06
2.3834038e-05
0.31699872
0.99242955
0.0012850894
0.0015527244
2.3272129e-11
0.0009072268
3.5961862e-06
2.7043529e-13
2.32211e-06
4.97834e-12
3.5002102e-11
7.532473e-09
