2.198804e-05 0.99997807
6.3612754e-07 0.9999994
0.00057985785 0.99942017
0.3074778 0.6925222
0.0015897751 0.9984102
0.0045246026 0.99547535
0.23674138 0.76325864
0.0013115773 0.9986884
0.94800556 0.051994428
0.002965547 0.99703443
0.1404261 0.85957384
0.00019779494 0.9998022
0.001636953 0.9983631
9.336149e-05 0.99990666
0.008752517 0.9912475
0.02368731 0.97631276
0.00062466174 0.9993754
0.00046813238 0.99953187
0.03400353 0.96599644
0.0585223 0.9414777
0.005260007 0.99474007
0.025275404 0.97472465
0.039217442 0.9607826
0.0024043245 0.9975956
0.013607273 0.9863927
0.007302629 0.9926973
0.0011983037 0.9988017
0.004505539 0.9954945
0.01686127 0.9831388
0.03458916 0.9654108
0.00016568373 0.9998343
0.0013049801 0.9986951
0.0019654338 0.99803454
0.00020698002 0.999793
0.0011801937 0.99881977
0.93300533 0.06699468
0.0012930632 0.99870694
0.00018260586 0.99981743
0.0031623226 0.9968376
0.0010684654 0.99893147
0.004816589 0.9951834
0.0007233928 0.9992766
0.74022967 0.25977036
3.8763033e-06 0.99999607
0.0008572229 0.99914277
0.035350222 0.9646498
0.0017647493 0.9982352
0.00036926562 0.9996307
0.00061278755 0.99938715
0.08458996 0.91541004
0.00039872096 0.9996013
0.0013148648 0.9986852
0.020003354 0.9799967
0.0024706763 0.9975293
0.038060546 0.9619394
0.0010106941 0.9989893
0.0032344747 0.9967655
0.00048999075 0.99951005
0.99610835 0.0038915938
0.0011076292 0.99889237
0.005053284 0.9949468
0.003377851 0.9966221
0.21218914 0.7878108
9.1912254e-05 0.9999081
0.0013348274 0.9986652
0.014465278 0.98553467
0.00043992006 0.99956006
0.12720422 0.8727958
0.056165118 0.94383484
0.0015318496 0.9984681
0.6463869 0.35361308
0.49895722 0.5010428
0.004400391 0.9955996
0.076442815 0.92355716
0.0028982647 0.9971017
0.00022590432 0.99977416
0.0028137458 0.99718624
0.00086150045 0.9991385
0.0019197563 0.99808025
0.20149657 0.7985034
0.0562823 0.9437178
0.004756455 0.9952435
0.0044957884 0.9955042
0.00037447276 0.99962556
0.008873796 0.99112624
0.0065761567 0.9934238
0.05149136 0.9485087
0.5729288 0.42707118
0.0031908385 0.9968092
0.0018533885 0.99814665
0.6172175 0.38278255
0.68261236 0.3173877
0.0005245633 0.9994754
0.7302846 0.26971543
0.0006131881 0.9993868
0.017585384 0.98241466
0.048971757 0.9510282
0.0020390044 0.99796104
0.0009037947 0.9990963
0.0071627684 0.99283725
0.00071076106 0.99928916
0.40857202 0.591428
0.3536387 0.6463613
0.020569526 0.97943044
0.0017558216 0.99824417
0.00360247 0.99639755
1.3970943e-11 1.0
0.0013538947 0.9986461
0.0027313903 0.9972687
0.034627933 0.965372
0.0006573924 0.9993426
0.0022965958 0.9977034
0.0016587055 0.9983413
0.024425635 0.9755744
0.014049882 0.9859502
0.0011436745 0.9988563
0.001973329 0.99802667
0.48053813 0.51946187
0.001580347 0.99841964
0.05411966 0.94588035
0.0022198756 0.99778014
0.0012574459 0.9987425
0.004314282 0.9956857
0.0062890793 0.9937109
0.00086305506 0.999137
0.06617478 0.9338252
0.000891316 0.9991086
0.00045322932 0.9995467
0.036736194 0.9632638
0.01744504 0.9825549
0.0010004682 0.99899954
0.002968392 0.99703157
0.0011593502 0.99884063
0.0083088325 0.9916911
0.0008049718 0.99919504
0.019688992 0.98031104
5.2908103e-12 1.0
0.00093553914 0.9990645
0.04859652 0.95140344
0.0006326203 0.9993674
0.003638762 0.9963612
0.003643883 0.9963561
0.0013174659 0.99868256
0.38666898 0.613331
0.010845047 0.989155
0.042357866 0.95764214
0.0022923376 0.9977076
0.00021627128 0.9997837
1.0 6.053653e-17
0.9959336 0.004066471
1.0 8.4747837e-10
0.9999769 2.3122291e-05
0.9998223 0.00017771736
0.67991036 0.32008967
0.9981501 0.0018499083
1.0 4.1029534e-11
0.99999833 1.6809477e-06
0.0015411107 0.99845886
0.0011021806 0.9988978
0.9999988 1.2473392e-06
0.99895084 0.0010491818
0.91251826 0.08748169
1.0 2.5374657e-11
0.986013 0.013987058
0.9999248 7.525919e-05
1.0 2.77126e-08
0.9999924 7.6027127e-06
0.99999464 5.3744848e-06
0.07537552 0.92462444
0.9977946 0.0022054426
1.0 4.4309765e-09
0.9995209 0.00047915312
0.98173714 0.018262895
0.962569 0.037430953
0.98734367 0.012656337
1.0 1.6899678e-08
1.0 2.6669857e-16
1.0 9.231285e-09
0.97155964 0.028440395
0.99999976 1.889032e-07
0.99999976 2.5557287e-07
0.99801743 0.0019826046
0.9999989 1.03062e-06
0.99999905 1.0129394e-06
0.9999906 9.378345e-06
0.99925166 0.00074827316
0.9999993 6.7941556e-07
0.9693853 0.030614667
0.9996283 0.00037169145
0.9999926 7.3719875e-06
0.069666065 0.9303339
1.0 1.5368827e-15
0.9997714 0.000228644
0.9999913 8.751218e-06
1.0 5.9266414e-10
0.99999976 2.4860736e-07
0.9994692 0.00053076295
1.0 4.1746597e-12
0.99999917 8.818642e-07
0.98782736 0.012172723
1.0 4.9559738e-11
0.9964992 0.0035008544
0.9999989 1.0855432e-06
1.0 2.0648327e-09
0.9999999 1.5008301e-07
0.99920636 0.00079368456
1.0 2.1765034e-11
1.0 9.227236e-09
0.9999963 3.638535e-06
0.9999559 4.407228e-05
0.9560246 0.04397545
0.9999995 4.4612494e-07
0.99994445 5.5496177e-05
0.9998673 0.00013268896
0.9999982 1.8448801e-06
0.9999999 8.200493e-08
1.0 1.0065984e-11
0.9998796 0.000120400706
1.0 1.2836196e-14
1.0 4.5088458e-10
0.63346636 0.36653364
0.9999881 1.1942116e-05
0.9999982 1.8167975e-06
0.9978801 0.0021199358
0.9999988 1.2341001e-06
0.9975141 0.0024858902
0.9999969 3.0788028e-06
1.0 2.0954117e-11
0.45845088 0.54154915
0.96567553 0.034324504
0.92045146 0.07954858
1.0 6.1600997e-10
0.016848626 0.9831513
1.0 3.4546248e-11
0.99999046 9.496777e-06
0.99999964 3.7158932e-07
0.99999905 9.0024747e-07
0.9776831 0.022316953
0.99998033 1.966503e-05
0.9997981 0.00020190986
0.9595936 0.04040643
0.99999106 8.947082e-06
0.9991092 0.0008907285
0.99992716 7.286143e-05
0.99971896 0.00028097554
1.0 1.8345512e-08
1.0 2.6085556e-09
0.9884647 0.011535225
0.9390521 0.060947858
1.0 1.2542472e-08
0.9999981 1.8610064e-06
1.0 5.4234937e-12
0.99999905 9.940305e-07
0.7517238 0.24827613
0.9926064 0.0073936475
1.0 8.8789767e-13
1.0 1.1703842e-10
1.0 8.5276794e-13
1.0 5.650287e-08
0.9999294 7.0537826e-05
1.0 3.5759748e-09
1.0 3.4445718e-18
0.99999917 7.963211e-07
0.99999917 8.25397e-07
1.0 4.9071893e-09
1.0 5.081569e-11
0.8469326 0.15306738
1.0 5.9775865e-12
0.99977416 0.00022582959
0.99473286 0.005267122
0.99999976 1.7926251e-07
1.0 4.6156487e-13
1.0 5.0806268e-08
1.0 1.1099118e-11
1.0 1.5324818e-13
1.0 4.4499282e-14
1.0 2.6172845e-11
0.069799036 0.93020093
0.9999976 2.4434617e-06
0.99963677 0.0003632641
1.0 1.1060819e-12
0.9995741 0.00042585676
0.99999976 2.2637772e-07
1.0 1.2930385e-10
0.99999523 4.7675894e-06
0.12242638 0.87757367
1.0 2.541603e-18
0.9994815 0.00051848334
0.9999714 2.861132e-05
1.0 1.06817846e-10
0.99998975 1.0238008e-05
0.99999857 1.4302761e-06
0.98899055 0.011009416
0.9998876 0.000112447065
0.9996784 0.00032166677
0.99984396 0.00015599381
