0.99997807
0.9999994
0.99942017
0.6925222
0.9984102
0.99547535
0.76325864
0.9986884
0.051994428
0.99703443
0.85957384
0.9998022
0.9983631
0.99990666
0.9912475
0.97631276
0.9993754
0.99953187
0.96599644
0.9414777
0.99474007
0.97472465
0.9607826
0.9975956
0.9863927
0.9926973
0.9988017
0.9954945
0.9831388
0.9654108
0.9998343
0.9986951
0.99803454
0.999793
0.99881977
0.06699468
0.99870694
0.99981743
0.9968376
0.99893147
0.9951834
0.9992766
0.25977036
0.99999607
0.99914277
0.9646498
0.9982352
0.9996307
0.99938715
0.91541004
0.9996013
0.9986852
0.9799967
0.9975293
0.9619394
0.9989893
0.9967655
0.99951005
0.0038915938
0.99889237
0.9949468
0.9966221
0.7878108
0.9999081
0.9986652
0.98553467
0.99956006
0.8727958
0.94383484
0.9984681
0.35361308
0.5010428
0.9955996
0.92355716
0.9971017
0.99977416
0.99718624
0.9991385
0.99808025
0.7985034
0.9437178
0.9952435
0.9955042
0.99962556
0.99112624
0.9934238
0.9485087
0.42707118
0.9968092
0.99814665
0.38278255
0.3173877
0.9994754
0.26971543
0.9993868
0.98241466
0.9510282
0.99796104
0.9990963
0.99283725
0.99928916
0.591428
0.6463613
0.97943044
0.99824417
0.99639755
1.0
0.9986461
0.9972687
0.965372
0.9993426
0.9977034
0.9983413
0.9755744
0.9859502
0.9988563
0.99802667
0.51946187
0.99841964
0.94588035
0.99778014
0.9987425
0.9956857
0.9937109
0.999137
0.9338252
0.9991086
0.9995467
0.9632638
0.9825549
0.99899954
0.99703157
0.99884063
0.9916911
0.99919504
0.98031104
1.0
0.9990645
0.95140344
0.9993674
0.9963612
0.9963561
0.99868256
0.613331
0.989155
0.95764214
0.9977076
0.9997837
6.053653e-17
0.004066471
8.4747837e-10
2.3122291e-05
0.00017771736
0.32008967
0.0018499083
4.1029534e-11
1.6809477e-06
0.99845886
0.9988978
1.2473392e-06
0.0010491818
0.08748169
2.5374657e-11
0.013987058
7.525919e-05
2.77126e-08
7.6027127e-06
5.3744848e-06
0.92462444
0.0022054426
4.4309765e-09
0.00047915312
0.018262895
0.037430953
0.012656337
1.6899678e-08
2.6669857e-16
9.231285e-09
0.028440395
1.889032e-07
2.5557287e-07
0.0019826046
1.03062e-06
1.0129394e-06
9.378345e-06
0.00074827316
6.7941556e-07
0.030614667
0.00037169145
7.3719875e-06
0.9303339
1.5368827e-15
0.000228644
8.751218e-06
5.9266414e-10
2.4860736e-07
0.00053076295
4.1746597e-12
8.818642e-07
0.012172723
4.9559738e-11
0.0035008544
1.0855432e-06
2.0648327e-09
1.5008301e-07
0.00079368456
2.1765034e-11
9.227236e-09
3.638535e-06
4.407228e-05
0.04397545
4.4612494e-07
5.5496177e-05
0.00013268896
1.8448801e-06
8.200493e-08
1.0065984e-11
0.000120400706
1.2836196e-14
4.5088458e-10
0.36653364
1.1942116e-05
1.8167975e-06
0.0021199358
1.2341001e-06
0.0024858902
3.0788028e-06
2.0954117e-11
0.54154915
0.034324504
0.07954858
6.1600997e-10
0.9831513
3.4546248e-11
9.496777e-06
3.7158932e-07
9.0024747e-07
0.022316953
1.966503e-05
0.00020190986
0.04040643
8.947082e-06
0.0008907285
7.286143e-05
0.00028097554
1.8345512e-08
2.6085556e-09
0.011535225
0.060947858
1.2542472e-08
1.8610064e-06
5.4234937e-12
9.940305e-07
0.24827613
0.0073936475
8.8789767e-13
1.1703842e-10
8.5276794e-13
5.650287e-08
7.0537826e-05
3.5759748e-09
3.4445718e-18
7.963211e-07
8.25397e-07
4.9071893e-09
5.081569e-11
0.15306738
5.9775865e-12
0.00022582959
0.005267122
1.7926251e-07
4.6156487e-13
5.0806268e-08
1.1099118e-11
1.5324818e-13
4.4499282e-14
2.6172845e-11
0.93020093
2.4434617e-06
0.0003632641
1.1060819e-12
0.00042585676
2.2637772e-07
1.2930385e-10
4.7675894e-06
0.87757367
2.541603e-18
0.00051848334
2.861132e-05
1.06817846e-10
1.0238008e-05
1.4302761e-06
0.011009416
0.000112447065
0.00032166677
0.00015599381
