7.4119595e-09 1.0
0.022680603 0.9773194
0.0009935054 0.99900657
0.0027092022 0.9972908
0.50793165 0.49206838
1.0643657e-09 1.0
0.40420806 0.5957919
0.0003151817 0.9996848
0.004743335 0.9952566
0.0073229414 0.9926771
0.50748014 0.49251983
0.0012394512 0.9987606
0.020831568 0.97916836
0.061403457 0.93859655
2.723267e-09 1.0
0.0038675573 0.9961325
6.952642e-05 0.9999305
0.021644993 0.97835505
0.4210144 0.57898563
0.010559597 0.9894404
0.018176768 0.9818232
0.008742007 0.99125797
0.0004964049 0.9995036
0.002367583 0.9976324
0.3462765 0.65372354
0.0019092235 0.9980908
0.004933456 0.9950665
0.3350472 0.66495275
0.010512493 0.9894875
3.4109707e-05 0.9999659
0.045041554 0.95495844
0.9599542 0.040045723
0.030129056 0.969871
1.2056871e-08 1.0
0.019750169 0.9802499
9.9003e-10 1.0
0.9934062 0.006593762
0.014948729 0.9850513
0.0011123266 0.9988877
0.00096734625 0.9990326
0.55973613 0.4402638
0.007403407 0.9925966
0.0866682 0.91333175
0.002667321 0.9973327
0.009919826 0.9900802
0.91911274 0.08088728
0.010519205 0.98948073
4.668543e-09 1.0
0.044512503 0.9554875
0.007532084 0.99246794
0.0021250944 0.99787486
0.009460839 0.9905392
0.005751419 0.9942486
0.00055144675 0.9994486
2.2605113e-09 1.0
0.008830236 0.9911698
0.032610815 0.96738917
0.0074370797 0.99256295
0.0096308775 0.99036914
4.9242344e-09 1.0
0.95586735 0.04413266
0.006912376 0.9930876
0.0024649631 0.997535
2.1936735e-08 1.0
0.9668696 0.03313043
0.050954442 0.94904554
0.33397868 0.66602135
0.20426649 0.79573345
0.011017783 0.98898214
0.83567023 0.16432975
5.029408e-09 1.0
0.013726534 0.98627347
0.16587956 0.8341205
0.98088545 0.019114511
0.08658853 0.91341144
0.50318784 0.4968122
2.8737219e-05 0.9999713
0.023212146 0.9767878
8.635315e-09 1.0
0.0063548777 0.9936451
0.20316674 0.7968333
0.60743624 0.3925638
0.030189566 0.9698104
0.7071738 0.2928262
0.012330885 0.98766917
8.48323e-09 1.0
0.0019506179 0.9980494
0.0037951372 0.9962049
0.009889796 0.9901102
0.14455229 0.85544765
0.019545112 0.98045486
0.0014337569 0.9985663
0.0006503276 0.99934965
0.0072841733 0.9927159
0.07031131 0.9296887
0.0040072165 0.9959928
0.009112031 0.990888
0.011469587 0.98853046
0.019437572 0.98056245
0.044068493 0.95593154
0.01173607 0.98826396
0.052951876 0.9470482
0.008718512 0.9912815
0.0033877122 0.99661225
0.016804814 0.98319525
0.98307174 0.016928239
0.24542351 0.7545765
0.0040076124 0.99599236
0.06792368 0.93207633
0.058818128 0.94118184
0.017786503 0.9822135
0.489405 0.5105949
0.00020837087 0.9997917
0.00038094365 0.999619
0.0007004233 0.9992995
0.0030967575 0.99690324
0.00070942426 0.9992906
0.12756675 0.87243325
0.17171402 0.828286
0.042211734 0.9577882
0.0045498554 0.9954502
0.010144585 0.9898554
0.0074981437 0.99250185
0.14560843 0.8543916
0.048849892 0.9511502
0.018059729 0.9819403
0.010037172 0.98996276
0.048227284 0.95177275
0.20522419 0.79477584
0.44828555 0.5517145
0.008063788 0.9919362
0.0033623865 0.9966376
1.0257174e-08 1.0
0.84962064 0.15037937
0.006088131 0.99391186
0.0016044459 0.9983955
0.08377689 0.9162231
0.012023653 0.9879764
0.050827656 0.9491724
0.009069515 0.9909305
0.101333596 0.89866644
2.7227333e-08 1.0
0.0076118 0.99238825
0.016384164 0.9836158
0.00620534 0.9937947
0.0005438148 0.9994562
0.27257863 0.7274214
0.004491185 0.9955088
0.999982 1.8029095e-05
0.99999774 2.2149407e-06
0.9999989 1.0805647e-06
0.99752825 0.002471786
0.99999976 1.9177135e-07
0.9828225 0.017177546
0.99999666 3.2966748e-06
0.9999846 1.5332744e-05
0.9999993 7.339211e-07
0.99999607 3.986936e-06
1.0 8.206999e-09
0.9999999 7.397373e-08
0.9999964 3.5313783e-06
0.01725077 0.9827492
1.0 7.9338645e-15
0.14894488 0.85105515
0.9937056 0.006294416
1.0 6.0220106e-12
1.0 3.712673e-08
1.0 2.3780384e-11
0.98485905 0.015140877
0.9999999 1.0960524e-07
0.99994695 5.305271e-05
0.99975103 0.0002489808
1.0 1.1913477e-11
0.29256916 0.70743084
0.9999865 1.3493793e-05
1.0 1.3061073e-16
0.99991226 8.777963e-05
1.0 2.2707884e-12
0.9871084 0.012891594
0.9999038 9.624677e-05
0.022058211 0.9779418
0.16224198 0.83775806
0.99641514 0.0035848848
1.0 2.5749818e-08
0.999972 2.8010758e-05
0.99990106 9.891126e-05
0.9982368 0.0017632002
0.9922317 0.0077682654
0.98513305 0.014866959
0.99981743 0.00018254701
0.892963 0.10703702
0.9998869 0.000113152346
1.0 1.5134469e-09
0.23860916 0.7613908
0.9999995 4.1992814e-07
0.92760205 0.072397895
0.9999933 6.6835e-06
0.9998765 0.00012348898
0.9999757 2.4289304e-05
0.99946135 0.00053869886
0.9934683 0.0065316823
0.9960861 0.0039138286
0.99970573 0.00029425888
0.99462223 0.005377807
0.9999763 2.3717608e-05
0.9999286 7.14199e-05
1.0 9.581658e-09
1.0 1.9048452e-09
0.9922333 0.0077667474
0.9762333 0.02376662
0.90608436 0.093915656
0.99138534 0.008614669
1.0 1.4373653e-08
1.0 3.412032e-08
0.99999905 1.0111663e-06
1.0 1.8055983e-09
1.0 2.0933216e-08
1.0 1.112211e-15
0.9999999 1.0815034e-07
0.9992588 0.00074115617
1.0 1.76643e-18
0.9998932 0.000106811654
0.9998834 0.000116540214
1.0 2.3921281e-14
0.9999988 1.17696e-06
0.9998405 0.00015945498
0.4746676 0.5253324
0.14156283 0.8584371
0.9999994 6.3942844e-07
0.9998454 0.00015464492
1.0 1.4277934e-12
0.99999964 3.5346463e-07
0.99999917 8.039855e-07
0.57768667 0.42231327
0.99468815 0.005311858
1.0 5.191934e-11
1.0 5.3351834e-09
0.9964045 0.0035955224
0.91541976 0.08458029
0.99997556 2.4459292e-05
0.9809089 0.019091148
0.9999943 5.6840663e-06
0.99532473 0.0046752943
0.99997294 2.7066591e-05
0.9998247 0.00017528902
0.9999863 1.3737051e-05
0.99999964 3.330254e-07
0.49874166 0.5012583
0.99992645 7.359527e-05
0.96970695 0.030293077
0.9999999 6.6328724e-08
0.99999964 3.4906756e-07
0.9998901 0.00010995193
0.9998759 0.00012405348
1.0 1.8642588e-08
0.9995505 0.00044950246
0.99969363 0.0003063783
0.998536 0.0014640075
1.0 1.6764971e-11
0.9999852 1.4753072e-05
0.99992 8.0002894e-05
1.0 2.1188372e-12
0.99999785 2.1009512e-06
0.9999808 1.9136798e-05
1.0 7.1592988e-12
0.9913612 0.008638778
0.99996495 3.503778e-05
0.99802727 0.0019727563
1.0 2.0288269e-09
1.0 2.4543365e-10
0.9999993 7.0346715e-07
1.0 6.070281e-13
0.9999993 6.663667e-07
0.9999951 4.9131336e-06
0.99999976 2.1930089e-07
1.0 4.851878e-13
0.9999621 3.7857753e-05
0.9999207 7.922148e-05
0.99985063 0.00014940085
0.53790045 0.46209955
0.99999905 9.753278e-07
0.99981683 0.00018314937
0.99961025 0.00038982995
0.87546724 0.12453277
1.0 2.0671546e-08
0.99280506 0.0071949563
0.99991095 8.9076e-05
0.9999994 5.8528644e-07
0.03121082 0.96878916
1.0 8.475562e-17
0.99999964 3.0641667e-07
0.99959415 0.00040591342
0.33272183 0.6672782
0.36484945 0.6351505
0.99912316 0.0008768836
0.9999987 1.3519996e-06
