1.0
0.9773194
0.99900657
0.9972908
0.49206838
1.0
0.5957919
0.9996848
0.9952566
0.9926771
0.49251983
0.9987606
0.97916836
0.93859655
1.0
0.9961325
0.9999305
0.97835505
0.57898563
0.9894404
0.9818232
0.99125797
0.9995036
0.9976324
0.65372354
0.9980908
0.9950665
0.66495275
0.9894875
0.9999659
0.95495844
0.040045723
0.969871
1.0
0.9802499
1.0
0.006593762
0.9850513
0.9988877
0.9990326
0.4402638
0.9925966
0.91333175
0.9973327
0.9900802
0.08088728
0.98948073
1.0
0.9554875
0.99246794
0.99787486
0.9905392
0.9942486
0.9994486
1.0
0.9911698
0.96738917
0.99256295
0.99036914
1.0
0.04413266
0.9930876
0.997535
1.0
0.03313043
0.94904554
0.66602135
0.79573345
0.98898214
0.16432975
1.0
0.98627347
0.8341205
0.019114511
0.91341144
0.4968122
0.9999713
0.9767878
1.0
0.9936451
0.7968333
0.3925638
0.9698104
0.2928262
0.98766917
1.0
0.9980494
0.9962049
0.9901102
0.85544765
0.98045486
0.9985663
0.99934965
0.9927159
0.9296887
0.9959928
0.990888
0.98853046
0.98056245
0.95593154
0.98826396
0.9470482
0.9912815
0.99661225
0.98319525
0.016928239
0.7545765
0.99599236
0.93207633
0.94118184
0.9822135
0.5105949
0.9997917
0.999619
0.9992995
0.99690324
0.9992906
0.87243325
0.828286
0.9577882
0.9954502
0.9898554
0.99250185
0.8543916
0.9511502
0.9819403
0.98996276
0.95177275
0.79477584
0.5517145
0.9919362
0.9966376
1.0
0.15037937
0.99391186
0.9983955
0.9162231
0.9879764
0.9491724
0.9909305
0.89866644
1.0
0.99238825
0.9836158
0.9937947
0.9994562
0.7274214
0.9955088
1.8029095e-05
2.2149407e-06
1.0805647e-06
0.002471786
1.9177135e-07
0.017177546
3.2966748e-06
1.5332744e-05
7.339211e-07
3.986936e-06
8.206999e-09
7.397373e-08
3.5313783e-06
0.9827492
7.9338645e-15
0.85105515
0.006294416
6.0220106e-12
3.712673e-08
2.3780384e-11
0.015140877
1.0960524e-07
5.305271e-05
0.0002489808
1.1913477e-11
0.70743084
1.3493793e-05
1.3061073e-16
8.777963e-05
2.2707884e-12
0.012891594
9.624677e-05
0.9779418
0.83775806
0.0035848848
2.5749818e-08
2.8010758e-05
9.891126e-05
0.0017632002
0.0077682654
0.014866959
0.00018254701
0.10703702
0.000113152346
1.5134469e-09
0.7613908
4.1992814e-07
0.072397895
6.6835e-06
0.00012348898
2.4289304e-05
0.00053869886
0.0065316823
0.0039138286
0.00029425888
0.005377807
2.3717608e-05
7.14199e-05
9.581658e-09
1.9048452e-09
0.0077667474
0.02376662
0.093915656
0.008614669
1.4373653e-08
3.412032e-08
1.0111663e-06
1.8055983e-09
2.0933216e-08
1.112211e-15
1.0815034e-07
0.00074115617
1.76643e-18
0.000106811654
0.000116540214
2.3921281e-14
1.17696e-06
0.00015945498
0.5253324
0.8584371
6.3942844e-07
0.00015464492
1.4277934e-12
3.5346463e-07
8.039855e-07
0.42231327
0.005311858
5.191934e-11
5.3351834e-09
0.0035955224
0.08458029
2.4459292e-05
0.019091148
5.6840663e-06
0.0046752943
2.7066591e-05
0.00017528902
1.3737051e-05
3.330254e-07
0.5012583
7.359527e-05
0.030293077
6.6328724e-08
3.4906756e-07
0.00010995193
0.00012405348
1.8642588e-08
0.00044950246
0.0003063783
0.0014640075
1.6764971e-11
1.4753072e-05
8.0002894e-05
2.1188372e-12
2.1009512e-06
1.9136798e-05
7.1592988e-12
0.008638778
3.503778e-05
0.0019727563
2.0288269e-09
2.4543365e-10
7.0346715e-07
6.070281e-13
6.663667e-07
4.9131336e-06
2.1930089e-07
4.851878e-13
3.7857753e-05
7.922148e-05
0.00014940085
0.46209955
9.753278e-07
0.00018314937
0.00038982995
0.12453277
2.0671546e-08
0.0071949563
8.9076e-05
5.8528644e-07
0.96878916
8.475562e-17
3.0641667e-07
0.00040591342
0.6672782
0.6351505
0.0008768836
1.3519996e-06
