0.5212801 0.47871998
0.5248613 0.47513878
0.5461033 0.45389664
0.22440247 0.7755976
0.009789763 0.9902103
0.34740055 0.6525994
0.8738717 0.12612836
0.0025127418 0.9974872
0.000106895815 0.99989307
0.001972822 0.99802715
0.06821082 0.93178916
0.15531102 0.844689
0.03636401 0.9636359
0.05905177 0.94094825
0.255057 0.744943
0.045738973 0.954261
0.090964094 0.9090359
0.810208 0.18979193
0.0015013552 0.9984987
0.112389766 0.8876102
0.19705229 0.8029477
1.6035204e-06 0.99999845
0.1651616 0.8348384
0.019998303 0.98000175
0.9472167 0.05278324
0.8826555 0.117344506
0.13169166 0.86830837
0.072288066 0.92771196
0.66336435 0.33663562
0.80202323 0.19797674
0.038375117 0.9616249
0.5147821 0.48521784
0.0039157574 0.9960842
0.0013357984 0.99866426
0.8479339 0.1520661
0.9451247 0.05487536
0.61108536 0.38891464
0.84581715 0.1541828
0.03502436 0.9649757
0.42765212 0.57234794
0.000111794136 0.9998882
0.548538 0.45146197
0.0018497251 0.99815035
0.82321835 0.17678167
0.03339932 0.96660066
0.28089207 0.719108
0.91818047 0.081819534
0.81548136 0.18451868
0.03023767 0.9697623
0.90252054 0.097479425
0.49509728 0.5049027
0.0057062535 0.99429375
0.053398095 0.94660187
0.6530678 0.3469321
0.0007580746 0.99924195
0.008894906 0.991105
0.6467754 0.35322458
0.123687364 0.8763127
0.06664597 0.933354
4.1998326e-05 0.99995804
0.6726406 0.3273594
0.7752459 0.22475408
0.47991145 0.52008855
0.7117223 0.28827778
5.006985e-05 0.99994993
0.0430456 0.9569544
0.80420595 0.19579406
0.017786736 0.98221326
0.6318449 0.36815503
0.07935215 0.92064786
0.0051745065 0.9948255
0.13807376 0.8619263
0.46030506 0.53969485
0.9594305 0.04056947
0.5459815 0.4540184
0.023008488 0.9769915
0.8324015 0.16759843
0.5494873 0.45051277
0.042678207 0.9573218
0.9517328 0.0482672
0.8899071 0.11009294
0.9822219 0.017778117
0.9284129 0.07158706
0.6942872 0.30571282
0.500226 0.49977404
0.5003353 0.4996647
0.94940305 0.05059693
0.03890493 0.9610951
0.95404404 0.045955986
0.06483238 0.9351676
0.023071544 0.9769284
0.0005710234 0.9994289
0.044540178 0.9554599
0.15439773 0.8456023
0.0380972 0.9619028
0.0010128354 0.99898714
0.04211799 0.95788205
0.42443398 0.57556605
0.0077971523 0.9922029
0.051002648 0.9489974
0.07835891 0.9216411
0.02467668 0.9753234
0.01290297 0.987097
0.054264195 0.9457359
0.13782482 0.8621752
0.17330742 0.8266925
0.76818013 0.23181984
0.13668098 0.863319
0.0001570216 0.999843
0.00010201851 0.99989796
0.1994344 0.8005656
0.3690969 0.63090307
0.20032911 0.7996709
0.1048804 0.8951196
0.39772028 0.6022797
0.028732892 0.97126716
0.022199212 0.97780085
0.6060423 0.3939577
0.8720347 0.12796527
0.06608167 0.93391836
0.00018056521 0.99981946
0.084551066 0.9154489
0.322691 0.677309
0.8330238 0.16697617
0.15595347 0.84404653
0.33409297 0.665907
0.004714799 0.9952852
0.02053433 0.97946566
0.92832375 0.071676314
0.0019331053 0.99806696
0.17487012 0.82512987
0.04827123 0.9517288
0.63079476 0.36920518
0.24230167 0.75769836
0.40432534 0.5956747
0.0007633651 0.9992367
0.004954378 0.99504566
0.94307524 0.056924783
1.0904971e-05 0.99998915
0.6845485 0.3154515
0.3001119 0.6998881
0.39863944 0.6013606
2.641684e-06 0.9999974
0.98593163 0.014068355
0.02586877 0.97413117
0.00022406765 0.99977595
0.95773137 0.04226864
0.9800668 0.019933222
0.46713078 0.5328693
0.07563756 0.9243625
0.97270966 0.027290367
0.6367853 0.36321467
0.1969301 0.8030699
0.077145085 0.9228549
0.92028123 0.07971876
0.98433393 0.01566603
0.121984296 0.87801576
0.6658087 0.33419132
0.5257334 0.47426656
0.17155941 0.8284406
0.432144 0.5678561
0.96694916 0.033050835
0.88998485 0.11001522
0.93765527 0.06234475
0.8490681 0.1509319
0.042955846 0.9570442
0.90871817 0.091281824
0.016505854 0.98349416
0.88867116 0.11132877
0.98121405 0.01878599
0.25107324 0.74892676
0.06508859 0.93491143
0.8835665 0.11643351
0.40905178 0.5909483
0.5808692 0.4191308
0.85911167 0.14088832
0.00029306478 0.9997069
0.20399852 0.79600143
0.98448724 0.015512739
0.9753318 0.024668256
0.8153857 0.1846143
0.83136535 0.16863456
0.2982515 0.70174855
0.78359497 0.21640506
0.9759202 0.02407977
0.7031114 0.2968886
0.7072617 0.29273835
0.8798395 0.12016051
0.91123706 0.08876289
0.9185773 0.08142266
0.8283903 0.1716097
0.40939134 0.5906086
0.95051074 0.049489208
0.66898537 0.33101463
0.91847134 0.08152871
0.64601874 0.3539813
0.43965122 0.5603488
0.008778922 0.9912211
0.11654511 0.88345486
0.99332905 0.0066709816
0.7904243 0.20957567
0.7423181 0.25768188
0.9782964 0.021703646
0.9595846 0.040415358
0.91037256 0.08962746
0.16006087 0.8399391
0.48594153 0.5140584
0.5156015 0.48439842
0.9872995 0.012700524
0.07633195 0.923668
0.96222234 0.03777767
0.99108094 0.008919128
0.62906414 0.37093586
0.14689972 0.8531003
0.15688142 0.84311855
0.67907655 0.32092348
0.7470836 0.25291643
0.7210405 0.2789595
0.05907322 0.9409268
0.28511548 0.7148845
0.6427078 0.35729223
0.00019196192 0.999808
0.024952613 0.9750474
0.5567309 0.44326907
0.94548374 0.05451623
0.90938663 0.090613306
0.57204837 0.42795157
0.928737 0.071263
0.56734234 0.43265772
0.2917256 0.7082744
0.9295392 0.07046081
0.9868051 0.013194915
0.93065584 0.06934409
0.7608349 0.2391651
0.80997866 0.19002134
4.682245e-05 0.99995315
0.8448181 0.15518187
0.48196077 0.5180392
0.7830897 0.21691027
0.02621138 0.9737887
0.092947654 0.90705234
0.11852616 0.8814738
0.23365013 0.76634985
0.8388747 0.16112523
0.93656224 0.06343772
0.93242186 0.067578174
0.4291397 0.57086027
0.43885416 0.5611458
0.84252155 0.15747848
0.9934215 0.0065785693
0.9050343 0.09496573
0.92729557 0.07270436
0.98623335 0.013766596
0.26184696 0.73815304
0.92297107 0.07702897
0.99706286 0.0029370775
0.9249972 0.07500283
0.66135013 0.33864987
0.5398744 0.4601256
0.10879987 0.89120007
0.89274836 0.10725165
0.9211245 0.07887552
0.82218784 0.17781216
0.16540867 0.8345914
0.6077064 0.3922936
0.8642163 0.13578369
0.94021875 0.059781305
0.876864 0.12313599
0.99992883 7.1143106e-05
0.7530376 0.24696244
0.2214273 0.7785727
0.9849899 0.015010122
0.98477226 0.015227742
0.80148107 0.19851887
0.21218775 0.78781223
0.8041621 0.19583793
0.9808686 0.019131368
0.029148601 0.9708515
0.9263345 0.073665485
0.0066955844 0.99330443
0.9626302 0.03736983
0.016455261 0.98354477
0.12970445 0.8702955
0.968495 0.03150497
0.9865666 0.013433436
0.95950407 0.040495902
0.5842995 0.4157005
0.968628 0.031372055
0.83914393 0.16085613
0.10717739 0.8928226
0.00072618085 0.99927384
0.096941926 0.903058
0.94212747 0.057872564
0.9204046 0.079595454
0.2292822 0.7707178
0.22277832 0.7772217
