0.47871998
0.47513878
0.45389664
0.7755976
0.9902103
0.6525994
0.12612836
0.9974872
0.99989307
0.99802715
0.93178916
0.844689
0.9636359
0.94094825
0.744943
0.954261
0.9090359
0.18979193
0.9984987
0.8876102
0.8029477
0.99999845
0.8348384
0.98000175
0.05278324
0.117344506
0.86830837
0.92771196
0.33663562
0.19797674
0.9616249
0.48521784
0.9960842
0.99866426
0.1520661
0.05487536
0.38891464
0.1541828
0.9649757
0.57234794
0.9998882
0.45146197
0.99815035
0.17678167
0.96660066
0.719108
0.081819534
0.18451868
0.9697623
0.097479425
0.5049027
0.99429375
0.94660187
0.3469321
0.99924195
0.991105
0.35322458
0.8763127
0.933354
0.99995804
0.3273594
0.22475408
0.52008855
0.28827778
0.99994993
0.9569544
0.19579406
0.98221326
0.36815503
0.92064786
0.9948255
0.8619263
0.53969485
0.04056947
0.4540184
0.9769915
0.16759843
0.45051277
0.9573218
0.0482672
0.11009294
0.017778117
0.07158706
0.30571282
0.49977404
0.4996647
0.05059693
0.9610951
0.045955986
0.9351676
0.9769284
0.9994289
0.9554599
0.8456023
0.9619028
0.99898714
0.95788205
0.57556605
0.9922029
0.9489974
0.9216411
0.9753234
0.987097
0.9457359
0.8621752
0.8266925
0.23181984
0.863319
0.999843
0.99989796
0.8005656
0.63090307
0.7996709
0.8951196
0.6022797
0.97126716
0.97780085
0.3939577
0.12796527
0.93391836
0.99981946
0.9154489
0.677309
0.16697617
0.84404653
0.665907
0.9952852
0.97946566
0.071676314
0.99806696
0.82512987
0.9517288
0.36920518
0.75769836
0.5956747
0.9992367
0.99504566
0.056924783
0.99998915
0.3154515
0.6998881
0.6013606
0.9999974
0.014068355
0.97413117
0.99977595
0.04226864
0.019933222
0.5328693
0.9243625
0.027290367
0.36321467
0.8030699
0.9228549
0.07971876
0.01566603
0.87801576
0.33419132
0.47426656
0.8284406
0.5678561
0.033050835
0.11001522
0.06234475
0.1509319
0.9570442
0.091281824
0.98349416
0.11132877
0.01878599
0.74892676
0.93491143
0.11643351
0.5909483
0.4191308
0.14088832
0.9997069
0.79600143
0.015512739
0.024668256
0.1846143
0.16863456
0.70174855
0.21640506
0.02407977
0.2968886
0.29273835
0.12016051
0.08876289
0.08142266
0.1716097
0.5906086
0.049489208
0.33101463
0.08152871
0.3539813
0.5603488
0.9912211
0.88345486
0.0066709816
0.20957567
0.25768188
0.021703646
0.040415358
0.08962746
0.8399391
0.5140584
0.48439842
0.012700524
0.923668
0.03777767
0.008919128
0.37093586
0.8531003
0.84311855
0.32092348
0.25291643
0.2789595
0.9409268
0.7148845
0.35729223
0.999808
0.9750474
0.44326907
0.05451623
0.090613306
0.42795157
0.071263
0.43265772
0.7082744
0.07046081
0.013194915
0.06934409
0.2391651
0.19002134
0.99995315
0.15518187
0.5180392
0.21691027
0.9737887
0.90705234
0.8814738
0.76634985
0.16112523
0.06343772
0.067578174
0.57086027
0.5611458
0.15747848
0.0065785693
0.09496573
0.07270436
0.013766596
0.73815304
0.07702897
0.0029370775
0.07500283
0.33864987
0.4601256
0.89120007
0.10725165
0.07887552
0.17781216
0.8345914
0.3922936
0.13578369
0.059781305
0.12313599
7.1143106e-05
0.24696244
0.7785727
0.015010122
0.015227742
0.19851887
0.78781223
0.19583793
0.019131368
0.9708515
0.073665485
0.99330443
0.03736983
0.98354477
0.8702955
0.03150497
0.013433436
0.040495902
0.4157005
0.031372055
0.16085613
0.8928226
0.99927384
0.903058
0.057872564
0.079595454
0.7707178
0.7772217
