1 0.00019464659 0.9998054
1 0.06812042 0.9318795
1 3.1314023e-05 0.99996865
1 0.9905771 0.009422866
1 0.53392863 0.46607134
1 0.6109572 0.3890428
1 0.044744138 0.95525587
1 0.124078855 0.87592113
1 0.9999819 1.8098586e-05
1 1.0 9.5949075e-11
1 0.9915069 0.008493146
1 1.0 1.2161978e-09
1 0.011669151 0.98833084
1 0.9888154 0.011184558
1 0.9999424 5.7572153e-05
1 0.99913675 0.0008632721
1 0.85727596 0.14272411
1 0.02131174 0.97868824
1 0.009588536 0.99041146
1 0.07156721 0.9284328
1 1.0 2.5079377e-14
1 0.9943433 0.005656764
1 0.0002847076 0.99971527
1 0.334445 0.66555506
1 0.99942756 0.00057243253
1 0.6059029 0.39409706
1 0.011669151 0.98833084
1 1.2796856e-05 0.99998724
1 0.98876965 0.01123034
1 0.00047234586 0.9995277
1 1.0 1.465568e-10
1 0.00039474608 0.99960524
1 0.9976708 0.0023291558
1 0.05548217 0.94451785
1 0.99999654 3.443346e-06
1 0.9995995 0.00040048757
1 0.00982363 0.9901764
1 1.0 5.037446e-08
1 0.0024674512 0.9975325
1 0.999933 6.6983055e-05
1 0.99913675 0.0008632721
1 1.0 2.5865815e-10
1 0.9999999 6.622317e-08
1 0.41793746 0.5820626
1 0.0062073367 0.99379265
1 0.0032916213 0.9967084
1 0.00063663337 0.99936336
1 0.122151256 0.8778487
1 0.012500497 0.98749954
1 0.00062625 0.99937373
1 3.2633605e-05 0.99996734
1 0.9333067 0.06669337
1 0.005849034 0.99415094
1 0.00044548052 0.99955446
1 0.0009262405 0.99907374
1 0.0441453 0.9558548
1 0.04307973 0.95692027
1 0.99999976 2.6950866e-07
1 0.32235008 0.6776499
1 0.0031618301 0.9968382
1 0.004110322 0.9958897
1 0.0011653134 0.99883467
1 0.9999976 2.4184149e-06
1 0.009588536 0.99041146
1 0.98778594 0.012214033
1 0.04791745 0.9520826
1 0.9999995 4.21006e-07
1 0.0015416509 0.9984584
1 0.9985073 0.0014926504
1 0.9999962 3.8059977e-06
1 0.9987054 0.0012945709
1 0.7071291 0.29287088
1 0.00028581507 0.9997142
1 0.9993705 0.00062947324
1 0.0018813243 0.9981187
1 2.6896407e-05 0.99997306
1 0.99070704 0.00929288
1 0.99932456 0.0006754343
1 0.46249548 0.53750455
1 0.32455817 0.67544186
1 1.8816792e-05 0.99998116
1 0.020757353 0.9792427
1 0.065658845 0.93434113
1 0.9686211 0.03137889
1 0.9999658 3.4263197e-05
1 0.998252 0.0017480479
1 0.9989724 0.0010275573
1 0.002029309 0.99797064
1 0.88285977 0.11714016
1 0.26535872 0.73464125
1 0.0044069802 0.995593
1 1.6089002e-06 0.99999845
1 0.000995479 0.99900454
1 0.9989712 0.0010288233
1 0.9997392 0.00026073548
1 1.1832561e-05 0.9999882
1 1.0 6.4631864e-09
1 0.99999905 9.847057e-07
1 0.73002774 0.26997223
1 0.0028790885 0.9971209
1 0.00041528768 0.99958473
1 0.00017337708 0.9998266
1 0.00032017063 0.9996798
1 0.89363235 0.106367625
1 0.008304673 0.99169534
1 0.014088847 0.98591113
1 0.008009387 0.9919906
1 0.00043093177 0.9995691
1 1.0 1.3619694e-18
1 0.9465623 0.05343773
1 0.99999857 1.4643241e-06
1 1.0 5.644206e-10
1 0.8552011 0.14479885
1 0.99998796 1.2050904e-05
1 0.11230214 0.8876979
1 0.9999999 1.6648154e-07
1 2.2407385e-05 0.9999776
1 0.1478663 0.8521337
1 0.41565648 0.58434343
1 0.00034297057 0.99965703
1 0.9999335 6.647044e-05
1 0.058799837 0.94120014
1 1.7077754e-06 0.99999833
1 0.15676491 0.8432351
1 0.9995906 0.00040948202
1 1.0 2.9818455e-08
1 0.92437285 0.075627096
1 0.009057969 0.99094206
1 0.00027031393 0.9997297
1 0.004903567 0.9950964
1 1.0 1.240514e-09
1 0.56035864 0.43964142
1 1.0 2.953835e-09
1 1.0 3.100562e-09
1 1.0 1.2705629e-15
1 0.004311452 0.9956885
1 0.54400903 0.45599106
1 0.00029467462 0.99970526
1 1.0 5.9806604e-10
1 6.669038e-05 0.99993336
1 0.00795544 0.99204457
1 0.001658227 0.9983418
1 0.051887546 0.9481125
1 0.0021842832 0.9978157
1 0.3220129 0.6779871
1 0.03857911 0.9614209
1 0.42299312 0.5770069
1 0.0052980483 0.9947019
1 0.0051800027 0.99482006
0 0.90008724 0.09991276
0 0.9990306 0.0009693954
0 0.9999956 4.4333055e-06
0 0.99997973 2.0248737e-05
0 0.65784067 0.34215933
0 1.0 7.328825e-12
0 1.0 1.9974088e-11
0 0.96860707 0.031392872
0 0.90837127 0.091628745
0 0.99997926 2.0760408e-05
0 0.9999993 6.9332947e-07
0 0.9999999 1.551829e-07
0 0.99726844 0.0027316215
0 0.9877949 0.012205061
0 0.9999999 1.1175017e-07
0 0.9948048 0.005195228
0 1.0 1.6418757e-09
0 0.99950063 0.00049930386
0 0.9999993 6.639125e-07
0 0.035859786 0.96414024
0 0.9999924 7.644394e-06
0 0.99999833 1.6580022e-06
0 1.0 9.2691736e-11
0 1.0 2.0883519e-20
0 1.0 2.49817e-10
0 0.9999975 2.4767858e-06
0 0.0068125115 0.99318755
0 0.9999851 1.4842231e-05
0 0.81721234 0.18278766
0 1.0 4.146271e-10
0 0.99996006 3.989875e-05
0 0.9999988 1.1453293e-06
0 0.984866 0.015133997
0 1.0 1.1333695e-14
0 0.6057202 0.39427975
0 0.99787366 0.0021263843
0 0.99947697 0.0005231119
0 1.0 4.016832e-11
0 0.98094785 0.01905211
0 1.0 7.82563e-21
0 1.0 2.5721299e-08
0 0.99914813 0.00085184636
0 1.0 2.5741956e-16
0 0.8331344 0.1668656
0 0.99971896 0.000280975
0 0.99996614 3.3871624e-05
0 0.997795 0.002205086
0 0.0051697125 0.9948303
0 1.0 1.7753282e-09
0 1.0 2.0791962e-11
0 1.0 2.0913038e-14
0 0.9992167 0.00078331074
0 0.95606554 0.043934427
0 0.99999034 9.598949e-06
0 0.8566825 0.14331758
0 1.0 4.821456e-08
0 0.9424351 0.05756488
0 1.0 3.670313e-09
0 0.901984 0.09801601
0 0.99999404 5.9200993e-06
0 0.9999734 2.6610685e-05
0 0.99981755 0.00018246628
0 1.0 6.734406e-09
0 0.9999933 6.7109827e-06
0 0.98773414 0.0122658145
0 0.9999969 3.0898893e-06
0 0.018629476 0.9813705
0 0.9955591 0.004440902
0 1.0 1.368207e-08
0 0.016084095 0.98391587
0 0.9487957 0.051204287
0 1.0 5.4148327e-08
0 0.9996302 0.00036982595
0 0.9999999 8.65324e-08
0 0.9889079 0.01109207
0 0.99408805 0.005911918
0 0.9999918 8.279157e-06
0 1.0 7.285501e-10
0 0.120026834 0.8799732
0 1.0 1.1742509e-09
0 1.0 3.2560608e-17
0 0.8888879 0.11111215
0 0.016441744 0.98355824
0 0.9999999 9.526174e-08
0 0.99999917 7.9901406e-07
0 0.99122846 0.00877156
0 1.0 6.1672006e-10
0 0.9958663 0.004133711
0 0.69108015 0.30891988
0 1.0 1.3670716e-09
0 0.40490934 0.5950906
0 1.0 1.972126e-10
0 1.0 1.8299591e-08
0 1.0 5.399641e-08
0 0.9998274 0.00017252778
0 0.9999629 3.7107675e-05
0 0.9999895 1.044282e-05
0 0.9974009 0.002599182
0 0.9905455 0.009454465
0 0.99762326 0.0023767347
0 0.9994234 0.00057662494
0 0.99384177 0.006158187
0 0.9965731 0.0034268831
0 0.9999945 5.490939e-06
0 1.0 1.5654312e-09
0 0.99978596 0.00021408015
0 0.76065314 0.2393469
0 0.25334784 0.7466522
0 1.0 2.3088417e-08
0 1.0 5.5447194e-09
0 0.9081119 0.0918881
0 0.99994886 5.1079154e-05
0 1.0 1.7252123e-13
0 0.99999964 3.4210646e-07
0 0.03305827 0.9669417
0 0.42077053 0.5792294
0 1.0 7.844403e-09
0 0.99324036 0.0067596617
0 0.9999963 3.738108e-06
0 1.0 3.5167164e-20
0 1.0 6.2751535e-14
0 1.0 1.1386766e-13
0 1.0 2.4148823e-12
0 0.98954165 0.0104583725
0 1.0 1.30761216e-17
0 0.99998426 1.5676775e-05
0 1.0 5.8171175e-08
0 0.99998736 1.2670491e-05
0 0.99985063 0.0001493376
0 0.9999993 7.6002163e-07
0 0.672393 0.32760698
0 0.97518414 0.024815837
0 0.99601305 0.003987026
0 0.9975254 0.002474562
0 1.0 6.458897e-13
0 1.0 3.3626715e-12
0 1.0 4.2889383e-08
0 0.92096156 0.07903846
0 1.0 1.1418172e-09
0 0.99981505 0.00018498888
0 0.99994445 5.5551878e-05
0 0.99999917 8.697261e-07
0 0.9999944 5.638914e-06
0 0.99999976 1.8844868e-07
0 1.0 2.2803068e-08
0 0.99982494 0.00017509141
0 1.0 3.7813946e-16
0 0.9978257 0.0021742915
0 0.9999659 3.4073753e-05
1 0.00045923173 0.9995408
1 0.0010965712 0.9989034
1 0.00030283362 0.9996972
1 1.5766923e-06 0.99999845
1 0.009322331 0.9906777
1 0.0023825853 0.9976174
1 0.8837149 0.1162851
1 1.2023214e-06 0.9999988
1 2.1511103e-06 0.99999785
1 0.029187437 0.97081256
1 0.9926797 0.0073202658
1 0.6810544 0.31894556
1 0.9861493 0.01385076
1 0.8984926 0.101507396
1 2.816438e-07 0.99999976
1 0.00048056676 0.99951947
1 3.0924157e-06 0.9999969
1 1.0 1.7565277e-08
1 0.99358106 0.006418952
1 0.99996924 3.0707608e-05
1 0.90881944 0.091180585
1 0.0008610623 0.99913895
1 0.015575984 0.98442405
1 0.0005800508 0.9994199
1 0.9999976 2.3839266e-06
1 0.031711515 0.9682884
1 0.99988616 0.00011379312
1 0.4052887 0.5947113
1 1.8209279e-07 0.99999976
1 0.7595949 0.24040505
1 0.0028850231 0.997115
1 0.009624952 0.990375
1 0.004237354 0.99576265
1 0.00067582063 0.9993242
1 1.0 2.8403773e-09
1 0.9997092 0.0002907798
1 0.9148009 0.08519911
1 0.008002798 0.9919972
1 0.09730724 0.90269274
1 1.543378e-06 0.99999845
1 0.9885804 0.011419582
1 1.0 2.5255414e-17
1 0.00060136087 0.9993986
1 0.9671369 0.032863136
1 0.00018822086 0.9998118
1 3.820622e-05 0.99996173
1 0.02817353 0.9718265
1 0.017166471 0.9828335
1 0.89068 0.10931995
1 0.997787 0.0022130157
1 0.99908936 0.00091068324
1 0.04708151 0.95291847
1 1.0 5.956091e-11
1 0.9922117 0.007788263
1 1.7660625e-07 0.9999999
1 0.017244127 0.9827559
1 0.007961618 0.99203837
1 0.10236088 0.8976391
1 0.16619946 0.83380055
1 0.055870358 0.94412965
1 0.99955267 0.0004473613
1 0.8444369 0.15556312
1 0.97871417 0.021285791
1 0.3527683 0.6472317
1 0.6859522 0.3140478
1 0.92246735 0.0775327
1 0.9932939 0.0067061945
1 0.9999758 2.4170397e-05
1 0.89820254 0.10179747
1 1.528833e-05 0.99998474
1 0.6750768 0.32492322
1 0.99999845 1.5789929e-06
1 0.9998982 0.00010173814
1 0.00016836337 0.99983156
1 0.9998714 0.00012861763
1 1.6270942e-05 0.9999838
1 0.97026205 0.02973797
1 0.9923631 0.0076368884
1 0.013925781 0.9860742
1 0.9968696 0.0031303866
1 0.0013721386 0.9986279
1 0.9532837 0.04671626
1 0.9707088 0.029291194
1 0.024729054 0.975271
1 0.010090516 0.9899095
1 0.90926373 0.09073628
1 0.999895 0.00010497773
1 0.011011416 0.9889886
1 0.99123925 0.008760775
1 0.9978041 0.002195928
1 0.0009604594 0.9990395
1 0.10127448 0.8987255
1 1.8209279e-07 0.99999976
1 1.0 1.30256795e-11
1 0.99998677 1.3216962e-05
1 0.9804323 0.019567663
1 0.00094636175 0.99905366
1 0.98553145 0.014468563
1 0.3437148 0.6562852
1 0.03262648 0.96737355
1 0.83157307 0.16842699
1 0.06104912 0.9389509
1 1.0 2.6815732e-09
1 0.990754 0.009245963
1 0.00014880982 0.9998512
1 0.97236335 0.027636586
1 0.0013533921 0.9986467
1 0.9999682 3.1867217e-05
1 1.0 1.4588136e-17
1 0.339445 0.66055506
1 0.9960312 0.0039686994
1 1.0 5.516462e-08
1 0.09020272 0.90979725
1 0.000477034 0.9995229
1 0.004199401 0.99580055
1 0.0024503355 0.9975497
1 0.7072626 0.2927374
1 0.99995947 4.052167e-05
1 0.34446946 0.6555305
1 0.99723524 0.0027648336
1 0.00090833125 0.9990916
1 0.99999595 4.0955233e-06
1 0.058976777 0.9410232
1 0.00011709664 0.99988294
1 0.999913 8.6976564e-05
1 1.0 1.5374883e-13
1 0.13462755 0.8653724
1 0.97824836 0.021751657
1 0.9999994 5.8305244e-07
1 0.99657154 0.0034285057
1 0.0038584233 0.9961416
1 0.018923612 0.98107636
1 0.99894243 0.0010576023
1 1.0 1.6841941e-09
1 0.99990535 9.466316e-05
1 0.8118921 0.18810788
1 0.061279573 0.93872035
1 0.7321364 0.2678636
1 0.94770104 0.052298974
1 0.060563933 0.9394361
1 0.00028943998 0.9997105
1 0.99999976 2.2689753e-07
1 0.99803764 0.0019623374
1 9.7412794e-08 0.9999999
1 0.9966395 0.003360487
1 0.021021547 0.97897846
1 0.00019976114 0.99980026
1 1.0 7.3443407e-09
1 0.8527582 0.14724179
0 0.9999956 4.4490444e-06
0 0.99999964 3.4426853e-07
0 0.9999995 4.858618e-07
0 0.7253803 0.2746198
0 0.9999999 1.13131726e-07
0 1.0 1.0868717e-11
0 0.99937564 0.00062435603
0 0.99999714 2.9072319e-06
0 0.9999931 6.949255e-06
0 0.9997354 0.00026453653
0 0.99939775 0.0006022198
0 0.8982427 0.10175725
0 0.9998646 0.00013538361
0 0.9921732 0.007826864
0 0.9935695 0.006430475
0 0.37686947 0.6231305
0 1.0 1.5349723e-08
0 0.99989676 0.00010324586
0 0.99258924 0.007410776
0 0.9856241 0.014375889
0 0.24727654 0.7527235
0 0.10096057 0.89903945
0 0.99999857 1.3740463e-06
0 0.96099687 0.039003074
0 0.9995443 0.00045560088
0 0.97504586 0.024954109
0 1.0 1.5069249e-10
0 1.0 3.461492e-14
0 0.99999905 9.312129e-07
0 0.9992461 0.0007539105
0 0.99473023 0.005269723
0 0.99995244 4.75345e-05
0 0.9999999 6.035418e-08
0 0.99999976 1.8918787e-07
0 0.99987173 0.00012828643
0 1.0 9.028026e-09
0 0.6413257 0.35867435
0 0.99983656 0.00016341436
0 0.9959567 0.004043274
0 0.95666194 0.043338034
0 0.99999905 9.691527e-07
0 0.9999205 7.9561854e-05
0 0.9976725 0.0023275465
0 0.92727846 0.07272151
0 1.0 7.925612e-10
0 1.0 2.2473317e-08
0 0.97799414 0.022005886
0 0.99999404 5.9231434e-06
0 0.999861 0.00013891917
0 1.0 4.5827377e-08
0 0.8418851 0.15811493
0 0.99415934 0.005840656
0 0.4923431 0.50765693
0 0.9999993 6.6992095e-07
0 0.99996364 3.6353278e-05
0 0.99987614 0.00012380637
0 0.99997485 2.5140234e-05
0 1.0 3.2130734e-09
0 0.96670467 0.033295337
0 1.0 3.9384482e-11
0 1.0 1.1370885e-12
0 0.26569483 0.73430514
0 1.0 1.3168593e-11
0 0.9908015 0.00919856
0 0.5856793 0.41432068
0 0.98373705 0.01626296
0 0.9998498 0.00015021434
0 0.99972135 0.00027857727
0 1.0 4.3793452e-13
0 0.00072884944 0.9992712
0 0.9999999 1.193793e-07
0 0.9999944 5.574733e-06
0 0.999587 0.00041295768
0 0.6848277 0.31517228
0 1.0 4.3162182e-11
0 0.9994753 0.0005246721
0 0.9999784 2.1613305e-05
0 0.99542195 0.004578083
0 0.938002 0.061998013
0 0.45906 0.54094005
0 0.9999962 3.7837804e-06
0 0.9780587 0.021941261
0 1.0 1.5621465e-10
0 0.0001556522 0.9998443
0 0.99946517 0.0005347981
0 0.99997795 2.2093642e-05
0 0.99584794 0.0041519925
0 0.9101226 0.08987746
0 0.9997161 0.00028382518
0 0.6786753 0.3213247
0 0.99999726 2.7492122e-06
0 0.99784255 0.0021573962
0 0.98750824 0.0124918
0 0.9994462 0.00055378745
0 1.0 2.1106041e-09
0 0.9861304 0.013869595
0 0.99976176 0.00023824828
0 0.9999964 3.5266567e-06
0 1.0 4.0450965e-10
0 0.9876793 0.012320773
0 0.99938655 0.0006134894
0 0.9868787 0.013121333
0 0.99551916 0.0044807675
0 0.99998677 1.3249584e-05
0 0.9999789 2.1071128e-05
0 1.0 9.228546e-15
0 0.078575864 0.9214241
0 0.9993948 0.0006052202
0 0.09405042 0.90594965
0 0.9999696 3.0356843e-05
0 1.0 4.6960335e-12
0 0.8941021 0.10589794
0 0.73047554 0.26952443
0 0.978268 0.02173197
0 0.99528706 0.004712949
0 1.0 2.5975966e-10
0 1.0 7.640315e-09
0 0.9999627 3.7266014e-05
0 0.9986393 0.001360759
0 0.9999498 5.019898e-05
0 1.0 2.805529e-10
0 0.92954034 0.07045966
0 0.9998319 0.0001681072
0 0.006865413 0.9931346
0 0.9451786 0.054821398
0 0.3388224 0.66117764
0 0.9998845 0.00011547209
0 0.999985 1.4975367e-05
0 0.99999976 2.557494e-07
0 0.9999032 9.681702e-05
0 0.99999964 3.3481766e-07
0 0.996452 0.0035480252
0 1.0 1.4381378e-09
0 1.0 9.811856e-09
0 0.9350632 0.06493686
0 0.9973847 0.002615227
0 0.9991586 0.00084135775
0 1.0 2.0175868e-08
0 0.99972147 0.00027851673
0 0.9925136 0.007486418
0 0.9452273 0.054772638
0 1.0 1.24815696e-08
0 0.99897265 0.0010273795
0 0.99998784 1.2188281e-05
0 0.99929416 0.0007058501
0 0.9862729 0.013727148
0 0.99970764 0.00029231663
0 0.99878794 0.001212063
0 1.0 2.4657389e-17
1 2.0617936e-06 0.999998
1 0.85633945 0.14366056
1 0.007943825 0.9920562
1 2.7756118e-07 0.99999976
1 0.0044136425 0.9955864
1 0.87772727 0.122272745
1 1.0 1.6363616e-08
1 0.0045457277 0.9954543
1 4.2954573e-05 0.9999571
1 0.99851996 0.0014800873
1 0.0030422895 0.9969578
1 3.957136e-07 0.99999964
1 0.031754036 0.968246
1 0.0012651868 0.9987348
1 0.970933 0.029067004
1 1.0 4.2838444e-08
1 0.9999918 8.271422e-06
1 0.007677872 0.99232215
1 0.0039917757 0.99600816
1 0.90580934 0.0941906
1 5.6893755e-06 0.9999943
1 0.19642001 0.8035799
1 0.9648479 0.035152007
1 0.99059254 0.009407522
1 0.9997589 0.00024112173
1 0.9027381 0.09726192
1 4.687305e-07 0.9999995
1 0.9999938 6.256604e-06
1 0.0032008747 0.9967991
1 0.9999999 1.2199162e-07
1 0.009391073 0.99060893
1 0.005263191 0.99473685
1 0.9998677 0.00013228836
1 0.00020868701 0.9997913
1 0.043185472 0.9568145
1 0.9999975 2.4938342e-06
1 0.031654492 0.9683455
1 0.071861364 0.9281386
1 0.9998524 0.00014750235
1 0.00032762272 0.9996724
1 0.034373574 0.9656264
1 0.99632674 0.0036732103
1 0.99999845 1.5679054e-06
1 0.013869746 0.9861303
1 5.4867818e-05 0.99994516
1 9.704765e-05 0.99990296
1 1.0 6.666712e-12
1 0.024416694 0.9755833
1 0.99999964 3.0033817e-07
1 1.0 3.5131443e-08
1 0.0008142996 0.99918574
1 2.6331472e-06 0.9999974
1 0.018315932 0.981684
1 0.9921638 0.007836216
1 0.0077899657 0.99221003
1 0.052296214 0.94770384
1 0.0037313497 0.99626863
1 0.002828508 0.99717146
1 1.0 5.034273e-13
1 1.0 1.706288e-16
1 0.99991703 8.300226e-05
1 0.00068557105 0.9993144
1 0.99985695 0.00014299004
1 0.033741046 0.96625894
1 0.02097868 0.9790213
1 1.0 1.958165e-09
1 0.0015420201 0.998458
1 0.0010387187 0.9989613
1 0.005564133 0.9944359
1 0.000120329314 0.9998796
1 2.9669532e-06 0.999997
1 0.09304875 0.90695125
1 0.91627157 0.083728485
1 0.9999924 7.574474e-06
1 1.2896311e-05 0.9999871
1 0.011224782 0.98877525
1 0.7291434 0.27085656
1 0.025164701 0.97483534
1 0.99995387 4.615384e-05
1 0.0059392415 0.9940607
1 0.99999976 1.853541e-07
1 0.999984 1.6027765e-05
1 0.9990074 0.0009925782
1 0.03296822 0.9670318
1 2.5001757e-06 0.9999975
1 0.044993296 0.9550067
1 0.99989486 0.0001050881
1 0.53954184 0.4604582
1 0.030576875 0.9694231
1 0.74959004 0.25041
1 0.0009960163 0.99900395
1 0.99989057 0.000109381675
1 0.9999925 7.457762e-06
1 0.99999976 2.0162256e-07
1 0.49028444 0.50971556
1 2.1179421e-06 0.99999785
1 0.00017041506 0.99982953
1 8.372483e-06 0.99999166
1 0.00039854806 0.9996014
1 7.7560935e-06 0.99999225
1 0.9999995 5.1522653e-07
1 1.0 1.2684201e-11
1 0.001432553 0.99856746
1 0.0049635237 0.9950364
1 0.3578178 0.64218223
1 0.99627304 0.0037269793
1 0.99492884 0.005071142
1 0.000121860096 0.99987817
1 0.002333426 0.9976666
1 0.029492479 0.9705075
1 0.5898436 0.4101565
1 0.9999968 3.2781122e-06
1 1.0 6.589071e-11
1 0.00067139557 0.9993286
1 0.0033799678 0.99662006
1 0.0007166479 0.9992834
1 0.9971405 0.002859513
1 0.15587193 0.8441281
1 0.9754695 0.02453044
1 0.9999528 4.72042e-05
1 0.0026572999 0.99734277
1 0.03747043 0.9625296
1 0.011159536 0.9888405
1 0.09241066 0.9075894
1 0.07446801 0.925532
1 0.98147273 0.018527297
1 0.1067316 0.89326847
1 1.0 2.7167285e-10
1 0.99999917 8.6164283e-07
1 0.9997185 0.00028151908
1 0.9998499 0.0001500792
1 0.0015638071 0.99843615
1 1.3059827e-06 0.9999987
1 0.9909299 0.009070133
1 1.0 8.302089e-10
1 0.021494363 0.9785056
1 0.023484869 0.9765152
1 0.9887233 0.011276751
1 0.0002485363 0.9997515
1 0.99998033 1.9708757e-05
1 0.23909688 0.76090306
1 0.9907941 0.009205899
1 0.9885401 0.011459912
1 0.0004372481 0.9995627
1 0.46466815 0.5353319
1 0.08594775 0.9140522
1 0.9999832 1.6788068e-05
1 0.9987025 0.0012974178
0 0.9999906 9.381073e-06
0 1.0 5.675867e-11
0 0.99999964 3.0431522e-07
0 0.9999516 4.8344074e-05
0 0.9999958 4.19149e-06
0 0.9752377 0.024762217
0 1.0 5.7845967e-24
0 0.9994455 0.0005544913
0 0.99984884 0.0001511474
0 1.0 1.1053857e-20
0 1.0 2.5269344e-09
0 0.99999976 1.8055826e-07
0 0.9979965 0.0020034362
0 0.99730825 0.0026916985
0 0.9996644 0.00033558518
0 0.99999964 3.0553835e-07
0 1.0 1.0718322e-09
0 0.13084057 0.86915946
0 0.023375165 0.97662485
0 0.99757725 0.0024228022
0 0.99893814 0.0010618191
0 0.4599083 0.54009175
0 1.0 4.180461e-08
0 0.9999846 1.5412645e-05
0 0.999998 2.0544176e-06
0 0.98336434 0.01663567
0 0.8922937 0.1077063
0 0.99998164 1.8361656e-05
0 1.0 1.5018984e-09
0 0.9993895 0.0006104454
0 0.9954745 0.004525419
0 0.7564577 0.24354233
0 0.9949675 0.0050325193
0 1.0 1.124101e-11
0 0.999257 0.000742935
0 1.0 7.500792e-12
0 0.97973907 0.020260898
0 0.99999464 5.3524545e-06
0 0.019341115 0.9806589
0 1.0 1.7099235e-09
0 1.0 5.0792986e-27
0 1.0 1.0944491e-09
0 1.0 1.8815833e-09
0 0.9999833 1.667626e-05
0 1.0 6.3587375e-09
0 1.0 1.4258804e-23
0 0.999877 0.00012298684
0 1.0 1.5268897e-08
0 0.99799794 0.0020020485
0 0.9999999 9.623733e-08
0 0.9999912 8.825997e-06
0 1.0 2.266306e-08
0 0.9999801 1.9876157e-05
0 1.0 1.373391e-09
0 0.99994624 5.375099e-05
0 0.9998982 0.00010174454
0 0.99451727 0.0054827156
0 0.99877137 0.0012286309
0 0.99888664 0.0011134201
0 1.0 5.133461e-08
0 0.99931693 0.0006830498
0 0.9999875 1.24708895e-05
0 0.9829192 0.017080827
0 1.0 1.464899e-15
0 7.58152e-06 0.9999924
0 1.0 8.655954e-18
0 0.99819845 0.0018015862
0 0.9999962 3.7883585e-06
0 0.9988181 0.0011818897
0 0.9999554 4.4560395e-05
0 0.97944355 0.020556465
0 0.9789069 0.021093095
0 0.9999995 4.3321555e-07
0 1.0 1.19325e-09
0 1.0 1.16115666e-10
0 1.0 7.4301225e-12
0 0.06840375 0.9315963
0 0.9999937 6.278216e-06
0 0.99988973 0.0001102971
0 0.95128024 0.04871971
0 0.9967128 0.0032872485
0 0.9999999 6.593945e-08
0 0.99999416 5.88282e-06
0 1.0 4.015589e-12
0 1.0 1.16180295e-11
0 1.0 5.4986744e-09
0 1.0 2.9302023e-11
0 0.99902856 0.00097138865
0 1.0 1.1400855e-08
0 0.9946849 0.0053152097
0 0.99998903 1.0953833e-05
0 0.9999057 9.429945e-05
0 0.9926392 0.0073607857
0 1.0 3.0654808e-16
0 0.99926203 0.0007379653
0 1.0 2.4006185e-08
0 0.9999999 9.222471e-08
0 1.0 4.97735e-13
0 0.059449866 0.94055015
0 0.99954224 0.0004578191
0 1.0 3.1516243e-09
0 1.0 3.780535e-13
0 0.9999722 2.7807231e-05
0 0.9999913 8.669314e-06
0 0.9997981 0.00020186731
0 1.0 2.3343236e-13
0 0.9999887 1.1340214e-05
0 0.9783805 0.02161952
0 1.0 6.3544303e-10
0 1.0 9.97119e-11
0 0.99828124 0.0017187406
0 0.9997464 0.00025358444
0 0.9999993 7.072961e-07
0 0.9999738 2.624938e-05
0 0.989092 0.010907949
0 0.2869816 0.71301836
0 1.0 3.6375296e-09
0 0.9995437 0.00045619803
0 0.8214346 0.17856534
0 0.9987331 0.0012668436
0 0.9999993 6.9165924e-07
0 0.9978248 0.0021752354
0 0.9999963 3.7407292e-06
0 1.0 5.601183e-09
0 0.9995307 0.00046936874
0 1.0 4.2640764e-08
0 1.0 3.796617e-11
0 0.99999845 1.6046907e-06
0 0.99998236 1.7640605e-05
0 0.9956168 0.0043832357
0 0.8217022 0.17829783
0 0.99987864 0.00012134167
0 0.9999945 5.5046603e-06
0 0.9915173 0.008482757
0 0.99940515 0.00059484097
0 1.0 1.4010932e-09
0 1.0 1.8177182e-11
0 1.0 1.01829725e-10
0 0.9982597 0.0017402412
0 0.726463 0.27353692
0 0.9999962 3.8234166e-06
0 0.029922009 0.970078
0 1.0 5.234489e-12
0 0.99922466 0.00077535555
0 0.39694443 0.6030556
0 0.9999974 2.5825573e-06
0 1.0 4.861332e-18
0 0.99999857 1.453659e-06
1 0.061083145 0.93891686
1 0.00018633076 0.99981374
1 1.0 1.2736433e-09
1 0.28563616 0.7143639
1 1.0 6.226621e-09
1 0.00045471647 0.9995453
1 0.99999344 6.6067887e-06
1 0.02029149 0.9797085
1 0.2287934 0.77120656
1 0.99981326 0.00018675602
1 0.00035079755 0.99964917
1 0.0036923322 0.99630773
1 0.0070389393 0.9929611
1 0.0067300173 0.99327
1 0.0039322735 0.99606764
1 0.04705965 0.95294034
1 0.0072596776 0.99274033
1 0.9085536 0.09144642
1 0.0011985782 0.99880147
1 0.9999999 1.0022858e-07
1 0.010961076 0.98903894
1 1.0 7.20112e-13
1 1.0 3.7071363e-17
1 0.97407484 0.025925182
1 1.0 3.4425187e-09
1 5.550972e-05 0.99994445
1 0.006370708 0.9936293
1 0.09265101 0.90734893
1 0.0007211503 0.99927884
1 0.42867577 0.5713243
1 0.96106195 0.038938113
1 0.9997862 0.00021377989
1 0.99980086 0.00019910831
1 4.0951552e-05 0.999959
1 0.019060059 0.9809399
1 0.99614596 0.0038539974
1 0.00400896 0.99599105
1 0.00883206 0.9911679
1 0.9323396 0.06766046
1 0.00035479554 0.99964523
1 3.8854523e-06 0.99999607
1 2.434921e-05 0.9999757
1 0.019444147 0.98055583
1 0.00029241666 0.9997075
1 0.0021774576 0.9978225
1 0.17018563 0.82981443
1 0.0039388086 0.99606115
1 0.9961695 0.0038304979
1 0.024497926 0.97550213
1 0.00054996833 0.99945
1 0.9350912 0.06490873
1 0.41560635 0.5843937
1 0.8844711 0.11552886
1 0.9999869 1.31509905e-05
1 0.0061780787 0.99382186
1 0.0629456 0.93705446
1 0.9999676 3.2465894e-05
1 0.9715405 0.028459532
1 0.9926069 0.007393097
1 5.0071714e-05 0.99994993
1 3.6115987e-05 0.9999639
1 0.97413355 0.025866479
1 0.6769677 0.3230323
1 0.08120459 0.91879547
1 5.4293767e-05 0.99994576
1 0.046360284 0.95363975
1 0.9995659 0.0004340415
1 0.00028916914 0.99971086
1 3.988266e-05 0.99996006
1 0.0027872054 0.9972128
1 0.009266521 0.9907335
1 0.98499197 0.015008021
1 0.8375977 0.16240229
1 6.810961e-05 0.99993193
1 1.0 1.3577638e-16
1 1.0 4.7850737e-09
1 6.851793e-05 0.99993145
1 0.99971336 0.00028665614
1 0.0011442902 0.9988557
1 0.030632757 0.9693673
1 1.0 5.253594e-08
1 1.0 6.4756955e-10
1 0.05270213 0.9472979
1 0.010151722 0.9898483
1 3.5048914e-05 0.99996495
1 8.1195656e-05 0.9999188
1 0.9999651 3.4894998e-05
1 0.013821247 0.98617876
1 0.0002627614 0.9997372
1 0.045460254 0.9545398
1 0.9618469 0.038153138
1 0.006629295 0.99337065
1 0.041993592 0.95800644
1 0.00018883221 0.99981123
1 0.5595913 0.4404087
1 0.9869018 0.01309826
1 0.7056941 0.29430595
1 0.9995603 0.0004396878
1 0.014088853 0.98591113
1 0.011042501 0.98895746
1 3.87813e-05 0.99996126
1 0.9462097 0.0537903
1 2.1207043e-05 0.9999788
1 0.029834421 0.97016555
1 0.92930454 0.070695445
1 0.004925249 0.9950748
1 0.9999809 1.90812e-05
1 0.950844 0.049155965
1 0.99999857 1.4869058e-06
1 0.9999999 9.106772e-08
1 0.0033652033 0.9966348
1 0.85249215 0.1475078
1 0.0142720565 0.98572797
1 6.3693005e-05 0.99993634
1 0.11088854 0.8891114
1 0.0062372913 0.9937627
1 0.99977463 0.00022539808
1 0.0058034677 0.99419653
1 0.9999734 2.6589807e-05
1 1.0 3.5493476e-11
1 0.00012485549 0.9998752
1 0.9999883 1.1732501e-05
1 0.99999976 2.9239604e-07
1 0.14202107 0.857979
1 0.002679242 0.99732083
1 8.633615e-05 0.9999137
1 0.04285025 0.95714974
1 1.0 7.1976835e-14
1 0.93554354 0.06445654
1 0.99996126 3.868548e-05
1 0.034074076 0.96592593
1 0.008142473 0.99185747
1 0.003295649 0.9967044
1 0.018568764 0.98143125
1 0.99999714 2.858117e-06
1 0.039200056 0.96079993
1 0.0077386103 0.99226147
1 0.01119575 0.9888043
1 0.12527351 0.87472653
1 0.007190846 0.9928092
1 0.0009478479 0.9990521
1 0.0036949622 0.996305
1 0.055149447 0.94485056
1 0.33017954 0.6698205
1 0.00604749 0.99395245
1 0.9999764 2.3574099e-05
1 0.99863535 0.0013646621
1 0.15521543 0.8447846
0 1.0 1.7510418e-08
0 0.99996746 3.2518845e-05
0 1.0 2.4264088e-10
0 0.016064683 0.98393524
0 1.0 5.9203334e-15
0 1.0 3.7510698e-14
0 0.85124785 0.14875214
0 0.032103173 0.9678968
0 0.97906804 0.020931965
0 1.0 2.1260696e-10
0 1.0 4.8124553e-18
0 1.0 4.932448e-10
0 0.928313 0.07168694
0 0.9999682 3.1868312e-05
0 0.99999976 2.584765e-07
0 0.9644058 0.035594247
0 1.0 5.8133943e-18
0 0.9964574 0.0035425622
0 0.99255294 0.0074470616
0 0.006571174 0.99342877
0 0.34892175 0.6510782
0 0.9998913 0.000108760345
0 0.9860918 0.013908251
0 0.0011505497 0.9988494
0 0.001078882 0.99892116
0 1.0 7.071391e-10
0 0.9838035 0.016196497
0 1.0 2.1993586e-08
0 0.9736953 0.026304731
0 0.9984883 0.0015117128
0 0.99858665 0.0014133959
0 1.0 4.19337e-10
0 1.0 6.642194e-11
0 1.0 2.7125617e-09
0 0.024367198 0.9756328
0 0.9998355 0.00016453322
0 1.0 8.567872e-12
0 0.9999999 1.6902102e-07
0 0.9999496 5.045556e-05
0 1.0 1.7577123e-10
0 1.0 6.0482766e-24
0 0.9999393 6.072734e-05
0 1.0 4.774928e-27
0 0.9999974 2.6491211e-06
0 0.99999976 1.9387558e-07
0 0.9999877 1.226049e-05
0 0.029121581 0.9708784
0 0.9697037 0.030296275
0 1.0 5.337081e-11
0 0.9999852 1.4730297e-05
0 0.9993618 0.00063825434
0 1.0 2.7236508e-13
0 0.9998858 0.00011414404
0 1.0 3.9945674e-19
0 1.0 4.462261e-14
0 1.0 9.0274905e-17
0 0.018216986 0.981783
0 0.7569551 0.24304488
0 0.037968505 0.96203154
0 1.0 1.1161649e-13
0 0.99999714 2.8846875e-06
0 0.9999157 8.422759e-05
0 1.0 3.2516752e-08
0 0.9999962 3.7704776e-06
0 0.9999347 6.537774e-05
0 0.9998976 0.00010233234
0 0.98870033 0.011299649
0 0.27863362 0.7213664
0 0.99980074 0.00019929845
0 0.9999969 3.1248214e-06
0 0.46584818 0.53415185
0 0.9939103 0.0060897246
0 1.0 4.5876477e-14
0 1.0 4.0255008e-10
0 0.09832398 0.90167606
0 0.9571712 0.04282878
0 0.9941222 0.0058778278
0 0.91955626 0.08044374
0 0.93167204 0.068327956
0 0.99916565 0.000834384
0 0.99999976 2.814604e-07
0 0.4257966 0.5742034
0 0.99987435 0.00012566254
0 0.99992776 7.219676e-05
0 1.0 1.0972583e-09
0 0.7311127 0.26888728
0 1.0 4.6144425e-13
0 0.99360424 0.0063958196
0 1.0 1.1668705e-19
0 1.0 1.03535856e-23
0 1.0 8.935501e-09
0 0.9999602 3.9807463e-05
0 0.99987495 0.00012500928
0 0.9993119 0.00068809406
0 0.965335 0.034665003
0 1.0 5.449652e-17
0 0.003567377 0.99643266
0 0.99425817 0.005741801
0 1.0 5.2800743e-08
0 0.9937104 0.0062895506
0 1.0 9.807186e-15
0 1.0 1.4553218e-11
0 0.99999905 8.97079e-07
0 0.99999833 1.6954358e-06
0 0.83900326 0.1609967
0 1.0 6.082496e-17
0 0.99999917 7.98493e-07
0 1.0 2.4363056e-17
0 0.7250479 0.27495214
0 0.9763783 0.023621697
0 1.0 8.1711016e-10
0 1.0 1.2854787e-11
0 0.9999995 4.4347246e-07
0 0.99999964 4.0674644e-07
0 0.4019224 0.5980776
0 0.99848026 0.0015197218
0 1.0 4.941176e-14
0 1.0 2.7218698e-09
0 0.9999049 9.513464e-05
0 0.9999999 1.245381e-07
0 0.8808032 0.11919673
0 0.9999987 1.258565e-06
0 1.0 3.635747e-09
0 0.9525579 0.047442075
0 0.9999769 2.3091441e-05
0 5.650357e-10 1.0
0 0.0060398 0.99396026
0 0.99952376 0.00047619778
0 1.0 9.902561e-11
0 0.9999963 3.6429374e-06
0 1.0 1.349002e-13
0 0.9999999 6.4053005e-08
0 1.0 3.246883e-09
0 0.9993254 0.0006745948
0 0.99997723 2.2738675e-05
0 1.0 2.9822665e-08
0 0.16086133 0.8391386
0 1.0 1.9160626e-15
0 0.999954 4.6017598e-05
0 1.0 8.199578e-10
0 1.0 3.792571e-11
0 1.0 2.0428016e-13
0 1.0 1.3855319e-15
0 0.9992914 0.0007085229
0 0.99959785 0.0004021901
0 0.3901249 0.60987514
0 1.0 1.0262769e-12
0 0.9987882 0.0012118339
1 0.0018052601 0.99819475
1 1.0 1.272978e-09
1 0.9999993 6.649352e-07
1 0.0074925325 0.9925075
1 0.0056032287 0.9943968
1 0.0058626723 0.9941373
1 0.0024769395 0.997523
1 0.9999869 1.31063925e-05
1 0.06564884 0.9343511
1 0.047602173 0.9523979
1 1.7322353e-06 0.9999982
1 0.121122 0.87887806
1 1.0 5.0672327e-08
1 0.98925936 0.010740587
1 0.0010034149 0.99899656
1 0.9999945 5.51263e-06
1 0.0019226559 0.9980774
1 0.005813708 0.9941863
1 0.0004093005 0.9995907
1 1.0 2.221174e-09
1 0.45150515 0.5484949
1 1.0 1.1929406e-09
1 0.00026252298 0.99973744
1 9.750546e-06 0.9999902
1 1.0 2.62141e-12
1 1.6161728e-05 0.9999838
1 0.99919564 0.0008044086
1 0.9986313 0.0013687257
1 0.0017870518 0.99821293
1 0.00092578615 0.9990742
1 0.0013446971 0.9986553
1 0.037699915 0.9623
1 0.9981346 0.0018654002
1 0.9998621 0.00013789242
1 0.99963295 0.00036702526
1 1.0 1.1727118e-19
1 1.0 1.0784495e-28
1 0.00020397664 0.9997961
1 0.114581265 0.8854188
1 0.9999877 1.232779e-05
1 0.13312878 0.86687124
1 0.9817123 0.01828773
1 0.0043519214 0.9956481
1 0.023053369 0.97694665
1 0.63397086 0.36602914
1 0.0022395602 0.9977604
1 0.0046446673 0.99535537
1 0.00027353645 0.9997265
1 0.00022797179 0.999772
1 0.8794749 0.120525144
1 0.99998355 1.6415343e-05
1 1.2139085e-06 0.9999988
1 0.187149 0.812851
1 0.98793435 0.012065585
1 0.99999213 7.881532e-06
1 0.0017996081 0.9982004
1 1.0 1.2712139e-09
1 1.5658104e-09 1.0
1 1.4973634e-06 0.99999845
1 0.0019001802 0.99809986
1 1.0 5.682819e-12
1 0.00028714028 0.9997129
1 0.6029188 0.3970812
1 0.8203358 0.17966424
1 1.0 1.1765533e-09
1 0.06478623 0.9352138
1 0.999936 6.404925e-05
1 0.99999666 3.3347333e-06
1 7.311481e-06 0.9999927
1 1.0 5.5463953e-11
1 1.0 3.8395628e-10
1 0.89626324 0.10373682
1 0.9917178 0.008282205
1 2.3349141e-06 0.9999976
1 8.518543e-06 0.99999154
1 0.0004737473 0.99952626
1 0.9999999 1.7346609e-07
1 0.001157252 0.9988427
1 0.01090691 0.98909307
1 0.9834036 0.016596353
1 0.004134944 0.9958651
1 0.070171446 0.9298285
1 0.0046650474 0.9953349
1 0.093973525 0.9060264
1 0.99993026 6.968917e-05
1 0.26426354 0.7357364
1 1.0 8.459908e-14
1 0.0037277814 0.9962722
1 1.0 2.5349058e-08
1 0.9998983 0.000101682665
1 0.99999225 7.754674e-06
1 0.99995434 4.5616238e-05
1 0.9996177 0.00038224616
1 2.5349261e-06 0.9999975
1 0.00053167413 0.9994684
1 0.00014771841 0.9998523
1 0.009639459 0.9903605
1 0.100220904 0.8997791
1 0.12032431 0.87967575
1 0.00042724615 0.9995727
1 0.99999964 3.731408e-07
1 0.99998665 1.3407964e-05
1 0.0018263141 0.9981737
1 0.00641599 0.993584
1 1.0 5.8500785e-18
1 0.8554893 0.14451072
1 1.0 3.571535e-14
1 0.4903472 0.5096528
1 1.0 3.4510454e-09
1 0.0110821165 0.98891795
1 0.26867142 0.7313286
1 0.008464604 0.9915354
1 1.0 2.4179641e-32
1 4.971897e-07 0.9999995
1 0.00029022116 0.9997098
1 0.70079714 0.2992029
1 1.0805393e-05 0.99998915
1 0.00040438067 0.9995956
1 0.008406261 0.9915937
1 0.9964869 0.0035130754
1 0.0006225322 0.99937755
1 1.0 5.995316e-13
1 1.0 1.494327e-08
1 0.999987 1.3048428e-05
1 9.057953e-07 0.99999905
1 0.023444748 0.9765553
1 0.0017655896 0.9982344
1 0.0034437005 0.9965563
1 0.9959512 0.004048764
1 0.002978222 0.99702173
1 0.99968207 0.00031800562
1 1.8172921e-05 0.9999819
1 0.0040818313 0.9959182
1 0.06478623 0.9352138
1 8.93109e-06 0.99999106
1 0.00047079008 0.99952924
1 0.16907232 0.83092767
1 1.0 4.6344415e-08
1 0.033057943 0.966942
1 1.0 2.9940838e-29
1 0.00088204007 0.9991179
1 0.9999999 6.868857e-08
1 0.023332434 0.97666764
1 1.5619119e-06 0.99999845
1 7.916741e-05 0.99992085
1 0.17670049 0.8232995
1 0.9199544 0.08004556
1 1.0604159e-06 0.9999989
0 0.999982 1.7952434e-05
0 1.0 3.3642436e-08
0 1.0 4.4550776e-09
0 0.9992085 0.0007915395
0 0.9983291 0.0016709102
0 1.0 4.8502445e-15
0 0.7104538 0.28954625
0 0.022053173 0.9779468
0 1.0 2.2677679e-19
0 0.99997497 2.4984236e-05
0 1.0 3.644601e-23
0 1.0 1.0620959e-10
0 0.8662769 0.13372307
0 1.0 7.684206e-12
0 0.001027274 0.9989728
0 0.99999845 1.5076874e-06
0 0.9999993 7.296438e-07
0 1.0 2.4531674e-09
0 0.9999987 1.356053e-06
0 0.99921477 0.000785239
0 0.7955918 0.20440821
0 0.9998568 0.00014310585
0 1.0 2.9472623e-20
0 1.0 4.3984773e-15
0 1.0 1.3604622e-20
0 0.9999999 6.726911e-08
0 0.9997633 0.00023667632
0 1.0 2.9496692e-20
0 0.999493 0.0005069564
0 1.0 4.8050543e-14
0 0.99996305 3.6961424e-05
0 1.0 5.280167e-11
0 0.99999917 8.276782e-07
0 0.99785197 0.0021480436
0 0.9586377 0.04136226
0 1.0 8.779632e-10
0 1.0 1.0189484e-17
0 1.0 3.7624323e-15
0 0.83532435 0.16467567
0 0.08649031 0.9135097
0 0.99999976 2.4189538e-07
0 1.0 3.143111e-17
0 1.0 9.8210017e-11
0 1.0 1.5939456e-09
0 0.9999409 5.914286e-05
0 1.0 1.10625606e-10
0 1.0 6.296588e-11
0 0.9999902 9.730008e-06
0 0.99793386 0.0020661987
0 1.0 8.109339e-10
0 0.017120618 0.98287934
0 0.99961686 0.00038312137
0 1.0 6.8059855e-12
0 1.0 1.6448892e-15
0 0.99999785 2.1788155e-06
0 0.99988997 0.00011004234
0 0.99634534 0.003654707
0 1.0 3.0231977e-16
0 0.9999963 3.6421802e-06
0 0.9999962 3.7884597e-06
0 1.0 3.6680753e-08
0 1.0 9.789886e-10
0 1.0 1.2993471e-11
0 1.0 2.5631536e-30
0 1.0 1.06553396e-16
0 1.0 3.5975408e-15
0 0.99136424 0.0086357435
0 1.0 5.6172382e-14
0 0.9956962 0.004303775
0 1.0 4.9268476e-16
0 0.99999976 2.8250352e-07
0 1.0 2.3311246e-09
0 0.9989219 0.0010781464
0 1.0 3.5130853e-11
0 0.9871438 0.012856187
0 1.0 1.4320412e-14
0 0.9999993 6.6215716e-07
0 0.99999917 8.233702e-07
0 1.0 2.1533735e-09
0 0.99999964 4.1172711e-07
0 0.07074834 0.92925173
0 0.99999774 2.274592e-06
0 0.999998 2.0191092e-06
0 1.0 2.7312475e-12
0 0.99857986 0.0014201812
0 0.99924624 0.000753847
0 1.0 5.336598e-09
0 0.23137738 0.7686226
0 0.99991083 8.915494e-05
0 1.0 1.5666051e-09
0 0.99999464 5.4011107e-06
0 0.9996012 0.0003988898
0 1.0 1.8219181e-11
0 1.0 3.064211e-28
0 0.99999833 1.6227796e-06
0 0.0018888841 0.9981111
0 1.0 1.6988114e-10
0 1.0 2.261254e-12
0 1.0 5.136708e-10
0 0.99999833 1.6629572e-06
0 0.7987439 0.20125616
0 6.748829e-05 0.9999325
0 0.9998085 0.00019155694
0 0.9999988 1.1694235e-06
0 0.99190676 0.008093267
0 1.0 8.892253e-23
0 0.99998474 1.5294832e-05
0 0.22254758 0.77745247
0 0.22770138 0.77229863
0 0.9999989 1.0310123e-06
0 0.9713633 0.028636709
0 0.9999887 1.13068445e-05
0 1.0 5.63609e-08
0 0.99999845 1.5441037e-06
0 1.0 7.947854e-09
0 0.9999988 1.2365387e-06
0 0.999987 1.2968336e-05
0 0.0489231 0.9510769
0 0.8843898 0.11561021
0 1.0 9.987958e-15
0 1.0 6.526236e-25
0 0.9999999 1.3738534e-07
0 0.99988866 0.00011127108
0 0.9974337 0.0025662552
0 0.99999595 4.006458e-06
0 1.0 5.0204896e-11
0 1.0 3.156419e-20
0 1.0 1.6801856e-14
0 0.91021025 0.0897897
0 0.982692 0.017307969
0 0.0006975526 0.9993024
0 0.99999166 8.390228e-06
0 0.99235415 0.007645827
0 1.0 9.4728505e-12
0 1.0 1.0843138e-16
0 0.77469915 0.22530088
0 1.0 6.426597e-11
0 1.0 1.2569497e-10
0 0.9999788 2.1241289e-05
0 1.0 2.7873632e-09
0 0.9998909 0.00010907452
0 0.011686266 0.9883137
0 1.0 8.180895e-10
0 1.0 1.9067816e-14
0 0.99899596 0.0010040667
0 0.9999137 8.6346365e-05
0 1.0 3.313845e-14
0 0.99996185 3.817873e-05
