0.40045506 0.59954494
0.9745028 0.025497165
0.042903733 0.9570963
0.0022003278 0.9977997
0.4546705 0.5453295
0.14502467 0.8549754
0.34489083 0.6551091
0.0023146481 0.9976853
0.13970849 0.86029154
9.390758e-06 0.9999906
1.0046895e-05 0.99999
0.011910734 0.98808926
0.010200355 0.9897996
0.98251593 0.017484047
0.02033419 0.9796658
0.02316769 0.97683233
0.29192826 0.7080717
0.018571854 0.98142815
0.0001414065 0.9998586
0.010910736 0.9890892
0.032123264 0.96787673
0.9398143 0.060185622
0.0007172364 0.9992828
1.24917e-06 0.9999988
0.9321893 0.06781069
0.04352793 0.95647204
0.030701013 0.96929896
0.026944045 0.9730559
0.06670319 0.9332968
0.098284304 0.9017157
4.0103012e-07 0.99999964
0.0063756206 0.9936243
0.018496793 0.98150325
6.025205e-07 0.9999994
0.114400014 0.8855999
1.9035217e-05 0.9999809
8.756645e-06 0.9999913
0.11335973 0.88664025
0.06592644 0.9340735
0.0024758996 0.9975241
0.12341244 0.87658757
0.41724437 0.58275557
0.66380084 0.3361992
0.018125672 0.98187435
0.1329012 0.86709875
0.7836192 0.2163807
5.8009893e-05 0.99994195
0.0035210857 0.996479
0.93991816 0.06008183
0.82947135 0.17052868
0.011962913 0.9880371
7.767063e-06 0.99999225
0.025271604 0.9747284
0.95533025 0.044669695
0.37072158 0.6292784
0.028517533 0.97148246
0.17385544 0.8261445
2.5785262e-06 0.9999974
0.06096782 0.93903214
2.3597756e-06 0.9999976
0.023580892 0.9764191
0.45598793 0.54401207
0.46743393 0.5325661
0.0007873594 0.9992126
0.27994293 0.7200571
0.47437814 0.5256219
0.011395673 0.9886043
0.1362445 0.86375546
0.00044077996 0.9995592
0.081284426 0.91871554
5.3548134e-05 0.9999465
0.17547175 0.8245283
0.92399114 0.07600884
0.0024191744 0.99758077
0.99234265 0.007657275
0.10719205 0.892808
0.061653517 0.93834645
0.06229373 0.9377063
4.725474e-05 0.9999528
0.08421906 0.9157809
0.35605788 0.6439421
7.037155e-05 0.99992967
4.668501e-08 1.0
0.19437551 0.80562454
1.5022026e-05 0.999985
0.24694847 0.75305146
0.005421258 0.9945787
0.25733542 0.7426646
0.02789782 0.97210217
0.02297476 0.9770253
0.03576985 0.9642302
0.023329405 0.97667056
0.6217056 0.3782944
1.5528816e-09 1.0
0.0066033327 0.99339664
0.0021877778 0.99781215
0.00036015303 0.99963987
0.006103605 0.9938964
0.94001114 0.059988804
0.07878682 0.9212132
0.015329225 0.98467076
0.9162095 0.08379053
0.017139124 0.9828608
0.11944262 0.8805574
0.00044663393 0.9995534
0.08056212 0.9194378
0.05017466 0.9498254
0.00024904677 0.9997509
0.91325384 0.08674622
0.009954542 0.9900455
0.000115894036 0.9998841
0.00025023424 0.9997497
0.311017 0.68898296
0.00063968654 0.99936026
1.3655677e-13 1.0
1.4058313e-07 0.9999999
0.13560928 0.86439073
0.100552686 0.8994473
7.5426206e-06 0.9999925
0.030403864 0.9695961
0.0060865385 0.9939135
0.020597938 0.97940207
0.0033068038 0.99669313
0.002971589 0.9970284
8.770685e-06 0.9999912
0.009436575 0.9905634
0.13987038 0.86012965
0.7984956 0.20150444
0.016546518 0.98345345
0.11647847 0.8835215
0.253377 0.746623
0.21638833 0.78361166
0.027422793 0.9725772
0.0938581 0.90614194
0.0018434217 0.9981566
0.016104817 0.98389524
0.995193 0.004807008
0.0036857163 0.99631435
0.25526884 0.7447311
0.0001062273 0.9998938
0.007781527 0.9922185
0.38099587 0.61900413
1.9881232e-07 0.99999976
7.96364e-05 0.99992037
0.00437386 0.9956261
0.0023879556 0.997612
6.569246e-05 0.9999343
0.2475667 0.7524333
0.028922945 0.971077
0.0069255796 0.9930744
0.9557787 0.044221245
0.0013936876 0.9986064
0.008537599 0.9914624
0.9374467 0.06255324
0.45387146 0.5461285
0.08188445 0.91811556
0.09168682 0.90831316
0.00026532312 0.9997347
0.13897568 0.8610243
0.5963137 0.40368629
0.11308572 0.88691425
0.0012801505 0.99871993
0.09239048 0.9076095
0.02621159 0.97378844
5.4141143e-05 0.9999459
0.05682047 0.94317955
0.014624628 0.9853754
0.9373363 0.06266367
0.75895417 0.24104589
0.0021242274 0.9978758
0.009741577 0.99025846
1.3196876e-08 1.0
0.0654624 0.93453765
6.410648e-10 1.0
0.07818366 0.92181635
0.48408735 0.5159126
0.06430878 0.9356912
0.54683226 0.45316768
0.15625727 0.84374267
0.10103138 0.89896864
0.0001756432 0.99982435
0.37708974 0.62291026
0.007856076 0.992144
0.09813898 0.901861
0.003582096 0.9964179
1.5979576e-07 0.9999999
0.103800096 0.89619994
0.007861808 0.9921382
0.0012517768 0.9987482
0.49393246 0.50606745
0.0033717924 0.9966282
0.5230791 0.47692093
0.026266988 0.97373307
0.049024284 0.9509757
0.10271456 0.89728546
0.4361652 0.5638348
0.8088898 0.19111021
0.042304352 0.9576957
0.67480236 0.3251976
0.109484725 0.8905153
0.00013343985 0.9998665
0.0014627088 0.9985373
0.10051383 0.8994862
0.8666765 0.13332345
0.91747975 0.08252026
0.08082994 0.9191701
0.07749455 0.9225055
0.10191185 0.8980882
0.0312008 0.96879923
0.10633527 0.8936647
0.057790767 0.9422092
0.037187576 0.9628124
0.87669116 0.12330881
0.061708834 0.93829113
0.02420361 0.97579634
0.005077139 0.99492294
0.2133832 0.7866168
0.0003246023 0.9996754
0.26186848 0.7381315
0.83639187 0.16360818
0.0076341713 0.9923658
0.05315936 0.9468406
0.014662918 0.9853371
0.016061595 0.9839384
0.30159804 0.698402
0.23594841 0.7640516
0.34472921 0.6552707
0.12137166 0.8786283
0.019974522 0.9800254
1.279741e-06 0.9999987
0.075789064 0.92421097
0.070690274 0.9293098
0.22943115 0.77056885
0.09426821 0.9057318
0.15449476 0.8455052
0.02174187 0.9782581
0.94285315 0.05714678
0.25051516 0.7494849
0.1770862 0.8229138
0.19488536 0.8051147
0.04159784 0.9584021
0.6067019 0.393298
2.7617713e-09 1.0
0.74997926 0.25002068
0.0074276063 0.99257237
0.01631481 0.98368526
0.005590636 0.9944094
0.10957551 0.8904245
0.25670224 0.74329776
0.058772307 0.9412277
8.068115e-05 0.9999193
0.6466964 0.3533036
0.89929473 0.10070521
0.00049159816 0.9995084
0.008000231 0.99199975
0.14599831 0.85400164
0.07680409 0.92319596
0.055375908 0.9446241
0.35585326 0.64414674
0.025488308 0.9745116
0.1292263 0.8707737
0.16566952 0.83433044
5.0163188e-05 0.9999498
0.59064907 0.40935096
0.42292786 0.57707214
0.7489719 0.25102815
0.004893591 0.99510646
6.2611875e-06 0.9999937
0.11302284 0.8869772
0.01870797 0.981292
0.0053556426 0.9946444
0.00055733154 0.99944264
0.040351782 0.95964825
0.07736667 0.92263335
0.0007011897 0.9992988
0.005137451 0.9948625
0.018115057 0.9818849
0.033763073 0.9662369
0.05917707 0.94082296
0.0027695352 0.99723047
0.031021044 0.968979
0.0048905495 0.9951094
7.634755e-06 0.9999924
4.350405e-05 0.9999565
0.028594494 0.9714055
0.032407418 0.9675926
0.065832265 0.93416774
0.4594914 0.54050857
0.0009585169 0.9990415
0.9208272 0.079172805
0.8550002 0.1449998
0.061130174 0.9388699
0.08978831 0.9102117
3.199087e-05 0.99996805
0.0002443155 0.9997557
0.00537958 0.99462044
0.9594371 0.040562868
0.004950641 0.9950493
0.008267882 0.9917321
0.35033843 0.64966154
0.4290103 0.5709897
0.12534505 0.8746549
0.42489898 0.57510096
0.21774 0.78226
0.03315978 0.96684015
0.06664875 0.9333512
0.23505732 0.7649427
0.65844727 0.34155273
0.012118205 0.9878818
0.044346724 0.9556533
0.0042244727 0.9957755
0.62651044 0.37348953
0.39343998 0.60656005
0.0004958164 0.9995042
0.42682022 0.5731797
1.0541292e-08 1.0
0.00011535301 0.9998846
0.08943324 0.91056675
0.119449705 0.88055027
0.12916884 0.8708311
0.3998664 0.6001336
0.5707752 0.42922476
0.00020465322 0.9997954
0.005246687 0.99475324
0.04215934 0.9578407
0.0011883413 0.9988117
0.057244092 0.9427559
0.37072158 0.6292784
0.32350034 0.67649966
0.008083473 0.9919165
0.00015968322 0.99984026
7.3060547e-10 1.0
2.7373085e-06 0.99999726
0.29494333 0.70505667
0.22027181 0.7797282
0.022581307 0.9774187
7.099131e-15 1.0
0.39648172 0.60351837
0.31745857 0.6825415
0.057317056 0.9426829
0.55760896 0.44239098
0.63433576 0.3656642
0.12394611 0.87605387
0.106032394 0.8939676
0.9681506 0.031849306
0.039457552 0.9605424
0.88032657 0.1196734
0.03214769 0.9678523
0.10470212 0.8952979
0.1646777 0.8353223
0.29633626 0.70366377
0.02757027 0.97242975
0.03974159 0.9602584
0.96923435 0.030765673
0.8689856 0.13101448
0.001433017 0.99856704
0.07960328 0.92039675
0.029715661 0.97028434
0.009229773 0.9907703
0.019798245 0.9802018
0.030912893 0.9690871
0.04542698 0.954573
0.03347689 0.9665231
0.00057099614 0.9994289
3.3396125e-05 0.9999666
0.027273037 0.972727
0.025906041 0.974094
0.9849296 0.0150703415
0.011311562 0.9886884
0.006843638 0.9931564
0.8156021 0.18439794
0.43006706 0.569933
0.03620991 0.96379006
2.634182e-07 0.99999976
0.018067641 0.9819324
0.006557033 0.993443
0.17811072 0.8218893
0.029655866 0.9703442
0.28730604 0.7126939
9.039261e-06 0.99999094
0.023962766 0.97603726
0.42833075 0.5716693
0.0070365635 0.9929635
0.078777134 0.9212229
0.020124024 0.9798759
3.4913748e-07 0.99999964
0.4535033 0.5464967
0.1182669 0.8817331
0.27910516 0.7208949
0.130731 0.8692691
0.013296603 0.9867034
0.013196133 0.98680395
2.5228857e-05 0.9999747
0.001652122 0.9983479
0.00028580855 0.9997142
0.0067030275 0.9932969
0.06252457 0.93747544
5.779168e-10 1.0
0.008060745 0.99193925
0.057816308 0.9421837
0.031259026 0.96874094
0.08344463 0.91655535
0.0417128 0.95828724
0.044261374 0.95573866
0.003118023 0.99688196
0.0006944034 0.9993056
0.004773328 0.9952266
0.2552626 0.7447374
0.20776214 0.79223794
0.84040606 0.15959392
0.25496292 0.7450371
0.0022218323 0.9977781
0.00027104656 0.999729
5.5574213e-07 0.9999994
5.756743e-05 0.9999424
0.0130078 0.98699224
0.7462565 0.25374347
0.7823984 0.21760161
0.00057540525 0.9994246
0.22139394 0.77860606
0.31098545 0.68901455
0.16158816 0.8384118
0.06432832 0.9356717
0.12051319 0.87948686
0.5014484 0.49855155
0.0077227126 0.99227726
0.004256003 0.99574393
0.012553843 0.9874462
0.19453958 0.80546045
0.0149708195 0.98502916
0.46197093 0.5380291
0.07807731 0.92192274
0.8878217 0.11217828
4.6048276e-06 0.99999535
0.013522146 0.98647785
0.0014425629 0.9985574
6.9096524e-05 0.99993086
1.0217184e-12 1.0
0.03586788 0.96413213
0.9707974 0.029202588
0.022814453 0.9771855
0.10198375 0.8980163
0.9258603 0.0741397
0.2404061 0.7595939
0.9596966 0.040303454
0.076605275 0.92339474
0.0037480032 0.996252
0.0011016174 0.9988984
2.5642702e-10 1.0
1.1444706e-07 0.9999999
0.21152094 0.78847903
0.40781316 0.5921868
0.00044972103 0.9995503
0.46425992 0.53574014
0.011282615 0.98871744
0.91539186 0.08460817
0.017492618 0.9825074
0.019912763 0.9800873
8.048444e-05 0.99991953
0.11474343 0.8852566
0.9893678 0.010632258
4.6251917e-05 0.99995375
0.015960919 0.984039
0.82568955 0.17431048
0.16950828 0.8304918
0.9250996 0.074900396
0.038580563 0.96141946
4.4951385e-06 0.99999547
0.021108495 0.97889155
7.1815055e-05 0.99992824
0.049231466 0.95076853
0.19288756 0.80711246
0.0002116267 0.99978834
0.1769229 0.82307714
0.0029065567 0.99709344
3.193518e-07 0.99999964
0.00024156031 0.9997584
0.08225184 0.91774815
0.10327832 0.89672166
0.05693959 0.9430604
0.09241569 0.90758425
0.008265213 0.99173486
0.00016816844 0.9998318
0.10057508 0.8994249
0.30274066 0.69725937
0.80781454 0.19218548
0.00029497652 0.999705
0.01221125 0.98778874
0.037765644 0.9622344
0.00020417356 0.99979585
0.0221479 0.9778521
0.06370228 0.9362978
0.89731103 0.10268901
0.0013259187 0.99867415
0.026607871 0.9733922
0.3147773 0.6852226
0.00027481784 0.99972516
7.156752e-07 0.9999993
0.0022477275 0.99775225
0.7611682 0.23883183
0.4447299 0.5552701
0.005054804 0.9949452
0.00038657442 0.99961346
0.009868364 0.9901316
0.008290869 0.9917092
4.610844e-06 0.99999535
0.0021285596 0.9978714
0.073204 0.926796
0.0008249131 0.999175
0.41640273 0.5835973
0.006952975 0.99304706
0.34489083 0.6551091
0.022176266 0.97782373
0.05644303 0.9435569
0.1274782 0.8725218
0.018968549 0.9810315
0.07201129 0.9279887
0.89496654 0.10503349
0.4310167 0.56898326
0.00030331156 0.99969673
0.22955945 0.7704405
0.12171964 0.8782804
0.09607873 0.90392125
0.6209948 0.37900522
3.1131437e-06 0.9999969
0.12110813 0.8788919
0.021579849 0.9784201
0.027345203 0.9726548
0.04512608 0.954874
0.85682184 0.1431781
0.028355561 0.97164446
0.48158717 0.51841277
0.19544321 0.80455685
0.16617587 0.83382416
0.005979979 0.9940201
0.05152947 0.94847053
2.6864866e-10 1.0
0.0125869885 0.98741305
0.99806184 0.0019381145
0.4024536 0.5975464
0.00017120107 0.9998288
0.0295788 0.9704212
0.013167631 0.9868324
8.003082e-06 0.999992
0.00062335836 0.9993767
0.011335109 0.98866487
1.11949426e-07 0.9999999
0.18530712 0.81469285
0.017338865 0.9826612
0.02464778 0.97535217
0.024895476 0.9751046
0.5183201 0.4816799
0.08114829 0.91885173
0.047872443 0.95212764
0.009157738 0.9908422
6.671833e-06 0.9999933
0.05562014 0.94437987
0.18278018 0.81721985
0.11003588 0.88996416
1.8111047e-07 0.99999976
0.09653119 0.9034687
0.018907543 0.9810924
0.9770107 0.022989254
3.9930806e-12 1.0
0.9146686 0.0853314
1.0775609e-06 0.9999989
0.14232881 0.85767126
0.0042417664 0.99575824
0.32798004 0.67201996
0.80158585 0.19841415
3.2474876e-05 0.9999676
0.9046217 0.09537828
0.023363464 0.9766366
0.0024426684 0.9975573
0.020292755 0.97970724
0.045342315 0.95465773
0.057747573 0.94225246
0.93425953 0.06574048
0.07736361 0.9226364
0.030404778 0.9695952
0.0055612954 0.99443877
0.4158115 0.5841885
6.958571e-05 0.9999304
3.6819795e-06 0.9999963
0.9217454 0.078254506
0.30889568 0.6911043
0.018710345 0.9812897
0.64504266 0.3549574
0.031167127 0.96883285
1.3455672e-08 1.0
0.0056630005 0.994337
0.15763572 0.84236425
0.013965958 0.9860341
0.00083556626 0.99916446
0.0043615145 0.99563855
0.59036446 0.4096355
0.055632453 0.9443675
0.053502914 0.94649714
0.1317145 0.86828554
0.97806203 0.021938011
0.048456017 0.951544
0.0025131123 0.9974868
0.0956512 0.9043488
0.042679116 0.9573208
0.058709458 0.94129056
5.0149938e-05 0.9999498
0.85451245 0.14548753
0.9187565 0.081243485
0.08507557 0.91492444
0.16432121 0.83567876
0.009793499 0.99020654
0.052478362 0.9475216
0.0034128972 0.99658704
0.24537914 0.7546208
0.02952466 0.9704753
0.054985985 0.94501406
0.8507329 0.149267
0.2318954 0.7681046
0.71395594 0.2860441
0.0047647418 0.99523526
0.11223402 0.88776594
0.01975263 0.9802474
0.0035847996 0.99641514
0.503563 0.49643698
4.2749642e-07 0.9999995
0.33184606 0.6681539
0.00024940938 0.99975055
0.071001865 0.9289982
1.3273845e-08 1.0
0.017965259 0.9820348
2.7768037e-05 0.9999722
2.4946596e-05 0.9999751
0.0002151243 0.9997849
0.05422032 0.9457797
0.0008247709 0.99917525
0.09137007 0.90862995
0.010985886 0.9890141
0.07471459 0.9252854
0.034353904 0.9656461
0.001183436 0.9988166
0.0005909379 0.9994091
0.0017522075 0.99824786
0.011526867 0.9884731
0.0021992202 0.99780077
0.014805808 0.98519415
0.061542545 0.9384574
0.0021046964 0.99789524
0.00066046225 0.9993395
0.016571965 0.98342806
0.00025173245 0.9997483
0.18326665 0.81673336
0.00043227384 0.9995677
0.78309286 0.21690719
0.1282147 0.87178534
0.1996266 0.8003734
0.9123323 0.08766771
0.6846697 0.31533033
2.0981355e-05 0.999979
0.000584108 0.9994159
0.9122741 0.08772589
0.0025394908 0.9974605
0.04410637 0.95589364
0.19989112 0.8001089
0.1849882 0.81501186
9.865206e-09 1.0
0.20336266 0.79663736
0.029240983 0.970759
0.6324701 0.36752993
0.09658103 0.90341896
0.040561277 0.95943874
0.09793002 0.90207005
0.11517283 0.8848272
0.0050327787 0.99496716
0.071497284 0.92850274
0.2909053 0.70909476
0.0062381304 0.99376184
0.0016838914 0.99831617
0.14898467 0.8510153
0.0018906794 0.99810934
4.2697396e-16 1.0
0.038679417 0.9613205
0.79244417 0.20755583
0.34193707 0.65806293
0.049501587 0.95049846
0.34354314 0.6564569
0.0001631422 0.9998368
0.20978345 0.79021657
0.69599736 0.3040026
0.0016231758 0.99837685
0.1408037 0.85919636
0.062248264 0.93775177
0.98631126 0.013688671
1.0319328e-05 0.9999896
0.11159064 0.8884093
0.048767474 0.95123255
0.14110304 0.858897
8.298412e-06 0.99999166
0.7259113 0.2740887
0.894165 0.10583502
0.0036085597 0.9963915
0.09124054 0.9087595
0.38881034 0.6111896
0.38956502 0.61043495
0.16733967 0.8326603
0.046907056 0.9530929
0.33359903 0.666401
0.0075967154 0.99240327
0.14973263 0.8502673
0.002065434 0.9979346
0.002853333 0.99714667
0.16768277 0.8323173
0.054965716 0.94503427
0.38849097 0.6115091
4.463564e-10 1.0
0.8050323 0.19496773
0.34489083 0.6551091
1.881489e-05 0.99998116
0.00033295262 0.99966705
5.2908733e-11 1.0
0.08113045 0.91886955
5.559332e-06 0.9999944
0.2040802 0.79591984
1.6996586e-05 0.99998295
0.1105307 0.88946927
0.4436596 0.55634046
0.0009497372 0.9990502
0.0052570803 0.9947429
0.011817436 0.9881826
0.80440485 0.19559519
0.08196131 0.9180387
0.02947359 0.9705264
0.3638274 0.63617253
0.006537211 0.9934628
0.096081726 0.9039182
0.083197996 0.916802
0.0020442777 0.9979557
0.0691928 0.93080723
0.71305984 0.28694016
0.6118025 0.38819745
0.14276302 0.857237
0.17963555 0.8203645
0.90867406 0.09132592
0.0029431344 0.99705684
0.5361061 0.4638939
0.0014518586 0.9985481
0.042881563 0.95711845
1.1507378e-06 0.9999988
0.9545998 0.04540021
0.70987195 0.290128
0.036673155 0.9633269
0.646079 0.353921
0.00021183406 0.9997882
0.100019485 0.89998055
5.059471e-05 0.99994946
9.113933e-05 0.9999088
1.780631e-14 1.0
0.7495527 0.2504473
0.5076049 0.4923951
0.06250315 0.9374968
0.0287499 0.97125006
0.08591418 0.91408587
0.6785807 0.32141924
0.06026177 0.9397382
0.00012351808 0.9998765
0.012024333 0.98797566
0.15725149 0.84274846
0.04617644 0.9538235
8.795543e-09 1.0
0.9148026 0.08519744
0.033395797 0.96660423
0.0021697897 0.9978302
0.19870606 0.8012939
0.09239906 0.90760094
5.8312842e-05 0.9999417
0.9759787 0.024021301
0.00013462424 0.9998654
0.08953692 0.9104631
0.0040275706 0.99597245
4.64619e-05 0.9999535
3.9319257e-05 0.99996066
0.060917366 0.9390826
0.00031207682 0.9996879
5.3273703e-05 0.9999467
1.9536167e-06 0.9999981
0.078909114 0.9210909
4.781591e-08 1.0
0.055749822 0.94425017
0.71893436 0.2810656
3.2625885e-05 0.99996734
0.15487222 0.84512776
0.016051276 0.98394877
0.00010953595 0.99989045
0.0057866103 0.9942134
0.8954857 0.104514316
0.004820343 0.99517965
0.07126264 0.9287373
0.12778933 0.8722106
3.310459e-14 1.0
0.003984799 0.99601513
5.3664233e-09 1.0
0.68231136 0.31768864
0.004399942 0.9956001
8.454949e-08 0.9999999
0.012714631 0.9872853
0.054431703 0.94556826
0.08821418 0.9117858
0.13371669 0.86628336
0.0030775385 0.99692243
0.97079414 0.029205902
0.17215617 0.82784384
0.13901423 0.8609857
0.102930255 0.89706975
0.11817986 0.88182014
0.8720815 0.12791851
0.9432676 0.056732446
0.015750667 0.9842493
0.0009889794 0.99901104
0.000103871746 0.99989617
0.086264834 0.9137352
0.92327183 0.07672814
0.19553126 0.8044688
0.6902401 0.30975986
0.28720495 0.712795
0.00039876546 0.9996013
9.4422353e-07 0.99999905
0.0013305777 0.9986694
0.10355988 0.89644015
0.028433701 0.97156626
0.64613926 0.3538607
0.98393595 0.01606399
0.35731038 0.64268965
1.9153743e-09 1.0
0.1639826 0.83601743
0.0008496512 0.9991504
0.23304813 0.76695186
0.04304462 0.95695543
0.0029745202 0.99702543
4.076975e-07 0.99999964
0.027974768 0.9720252
0.00049466663 0.9995053
0.01230567 0.98769426
0.05843726 0.9415627
0.07066164 0.9293384
0.00051844725 0.9994816
0.11620192 0.88379806
0.6626676 0.3373324
0.0017364332 0.99826354
0.98386496 0.016135044
0.00082550204 0.9991744
0.10838906 0.8916109
0.8408027 0.15919724
9.6368585e-06 0.99999034
0.01639591 0.983604
0.06529893 0.934701
0.010750072 0.98924994
0.00027723872 0.9997228
0.0090169 0.9909831
0.013073874 0.9869262
0.4295319 0.5704681
0.44933155 0.5506685
0.056967355 0.9430326
1.537075e-07 0.9999999
0.00074382545 0.9992562
0.021790907 0.97820914
0.012445539 0.9875545
0.08575518 0.91424483
4.2783613e-10 1.0
0.029672198 0.9703278
0.0900483 0.9099517
0.0007586332 0.99924135
0.9485021 0.051497802
0.548164 0.45183596
3.147108e-06 0.9999969
0.024074113 0.97592586
0.20017427 0.7998258
8.174304e-05 0.9999182
0.30130574 0.6986943
0.024662849 0.9753372
0.64452404 0.355476
0.26956576 0.73043424
0.023832638 0.9761673
0.07912188 0.9208782
0.9783448 0.02165519
0.3189449 0.681055
0.009581021 0.990419
0.02738339 0.9726166
0.025550188 0.9744499
0.07322763 0.9267724
0.00044081802 0.9995592
0.0033049972 0.99669504
0.15739478 0.8426052
0.018110666 0.98188937
0.060387354 0.9396126
2.6677255e-05 0.9999733
0.01894105 0.9810589
7.9174e-06 0.99999213
0.00027144767 0.9997285
0.017550817 0.9824492
0.04131517 0.9586848
0.028900558 0.9710994
0.742484 0.25751603
0.0013725542 0.9986274
0.009351873 0.9906481
0.20406911 0.7959309
4.867457e-10 1.0
0.34489083 0.6551091
3.9733675e-11 1.0
0.0075365016 0.99246347
0.14388295 0.856117
0.2514477 0.7485523
0.32174972 0.67825025
9.7273616e-05 0.9999027
0.10704659 0.8929534
0.011877592 0.9881224
0.06380833 0.9361917
0.16934755 0.8306525
0.34716603 0.65283394
5.3856393e-06 0.99999464
0.9573937 0.042606317
0.006687793 0.9933122
0.058291987 0.941708
0.27231815 0.7276819
5.850005e-09 1.0
1.4726955e-05 0.9999852
0.10021227 0.8997878
0.27705836 0.7229416
3.3268681e-09 1.0
0.967867 0.03213296
1.4005688e-10 1.0
0.0036624519 0.99633753
5.9609363e-05 0.9999404
0.004575067 0.9954249
0.3143659 0.6856341
0.012552075 0.9874479
0.064319566 0.93568045
0.028293956 0.97170603
0.00061737513 0.9993826
0.033769105 0.9662309
0.9728727 0.027127396
4.296614e-10 1.0
0.012518474 0.98748153
0.81442606 0.18557398
0.9968585 0.003141568
0.00028645832 0.9997135
0.027756432 0.97224355
0.14809468 0.85190535
0.26704192 0.732958
0.020677276 0.97932273
0.449348 0.55065197
0.08813609 0.9118639
0.00014764038 0.9998523
2.6967805e-06 0.99999726
0.19577084 0.80422914
0.009505977 0.9904941
0.02714141 0.97285855
0.00797457 0.99202543
0.026462605 0.97353745
0.019063648 0.9809364
1.3067516e-05 0.9999869
0.24638723 0.75361276
0.005526732 0.9944733
4.9895075e-09 1.0
0.0707613 0.92923874
0.27751723 0.72248274
0.0020284487 0.9979716
8.322473e-06 0.99999166
0.8118366 0.18816335
1.6610724e-05 0.99998343
0.30739173 0.69260824
0.0027048963 0.9972951
0.11723782 0.88276213
0.9215911 0.0784089
0.9857999 0.014200094
0.0053937715 0.9946062
0.0024099743 0.99759007
0.27746904 0.722531
0.6719023 0.32809773
0.232564 0.76743597
9.987075e-06 0.99999
0.06960441 0.93039566
0.92052436 0.07947564
0.35177225 0.64822775
0.04229279 0.95770717
0.14144099 0.85855895
0.005447244 0.9945528
0.08623995 0.91376007
0.2641403 0.7358597
3.331613e-08 1.0
1.3528911e-12 1.0
0.81051946 0.18948056
1.22990305e-05 0.9999877
0.07542564 0.9245744
1.4960466e-05 0.9999851
9.701943e-06 0.99999034
0.50181144 0.49818853
0.18888184 0.8111181
0.10989701 0.890103
0.2031813 0.79681873
0.3010793 0.69892067
0.007358807 0.99264115
0.08828695 0.91171306
0.21539325 0.78460675
0.008296791 0.9917032
0.9441017 0.055898268
0.0031845006 0.9968155
6.99195e-11 1.0
0.02178641 0.9782136
5.818704e-06 0.99999416
0.1794927 0.8205073
0.032638486 0.9673615
0.07458455 0.92541546
7.4163704e-06 0.9999926
0.008927764 0.99107224
0.83635557 0.16364439
0.0022213503 0.9977786
0.20240155 0.7975985
0.12446705 0.8755329
0.024608579 0.9753914
0.6897336 0.31026632
0.022374261 0.9776258
0.031444322 0.9685556
0.055430558 0.94456947
0.4183816 0.58161837
0.2329796 0.76702034
0.24846797 0.751532
8.5252725e-13 1.0
0.05272271 0.94727725
0.030078404 0.9699215
0.05107622 0.9489238
0.0045659426 0.995434
0.0048216037 0.99517834
0.00412744 0.99587256
0.008996964 0.99100304
1.4563925e-09 1.0
0.8668912 0.1331088
0.9302197 0.06978029
0.050550286 0.9494498
0.001264693 0.99873537
0.48961228 0.5103877
0.099932946 0.9000671
0.015249402 0.9847506
0.0739271 0.9260729
1.5978501e-05 0.999984
0.049605027 0.950395
0.0011374285 0.9988626
0.06520865 0.9347913
0.0016344889 0.99836546
1.3913517e-09 1.0
0.016715351 0.98328465
0.87682414 0.12317586
0.74826056 0.2517394
0.0016569076 0.9983431
0.5049997 0.49500024
0.78404784 0.2159521
0.03582849 0.96417147
0.00019941478 0.9998006
1.0894285e-05 0.99998915
0.049988482 0.9500115
0.10245208 0.89754796
0.14028853 0.85971147
0.08937127 0.91062874
0.027799185 0.97220075
1.2239789e-05 0.9999877
0.24505347 0.75494653
0.5870183 0.4129817
0.2687949 0.7312051
0.01659781 0.98340225
0.0022389381 0.997761
0.011897093 0.98810285
3.6599248e-09 1.0
2.3885484e-06 0.9999976
0.035790436 0.9642096
0.9036961 0.09630383
0.007903223 0.9920968
0.17910598 0.82089406
0.030038917 0.9699611
0.98921716 0.010782797
0.041048214 0.9589518
0.018066633 0.9819334
0.11309789 0.88690215
0.021199446 0.9788006
0.44872713 0.55127287
0.0451456 0.9548544
0.6767315 0.32326847
0.009761556 0.9902384
0.5105257 0.4894743
0.0366366 0.96336335
0.008822209 0.99117774
0.05198751 0.9480125
0.00582832 0.9941717
0.01967638 0.9803237
0.005302667 0.99469733
0.03231038 0.96768963
0.90243036 0.097569704
0.39813828 0.6018617
0.37072158 0.6292784
0.00018300711 0.9998171
3.9106995e-11 1.0
0.090115905 0.9098841
0.91170216 0.088297814
0.013244235 0.9867557
0.6733701 0.32662985
0.06576649 0.93423355
0.0011913605 0.9988086
0.010381238 0.9896187
0.073471904 0.92652804
0.11726013 0.88273984
0.015110576 0.98488945
0.005097704 0.99490225
8.9823545e-05 0.9999101
0.115223296 0.8847767
3.5323995e-09 1.0
3.2256776e-05 0.9999677
4.927573e-07 0.9999995
0.61879283 0.38120723
0.10521681 0.89478326
1.2032588e-08 1.0
0.94138795 0.058612127
0.789859 0.21014105
0.9908471 0.009152854
0.59297585 0.40702417
0.96421224 0.035787694
0.9230178 0.07698225
0.46271363 0.53728646
0.9648161 0.035183936
0.54578096 0.45421904
0.9322111 0.06778892
0.9234913 0.07650869
0.990189 0.009810966
0.99801034 0.0019897355
0.9361377 0.06386227
0.905916 0.09408398
0.52180046 0.47819957
0.9460026 0.053997427
0.8679831 0.1320169
0.6870447 0.3129553
0.45392781 0.54607224
0.9943093 0.005690645
0.89162505 0.10837494
0.75307125 0.24692874
0.9220944 0.07790564
0.8672256 0.13277438
0.007937096 0.99206287
0.64606404 0.35393596
0.37411383 0.6258862
0.78968996 0.21031003
0.95092136 0.04907862
0.9741643 0.025835652
0.4401586 0.5598414
0.9951874 0.004812586
0.9932753 0.0067247087
0.9978271 0.0021728498
0.17575401 0.824246
0.9223584 0.07764159
0.9481295 0.051870454
0.96278656 0.037213508
0.9837991 0.016200926
0.7153287 0.2846713
0.21156432 0.7884357
0.7429617 0.25703835
0.8805037 0.11949632
0.096641526 0.9033585
0.15525271 0.84474736
0.88954306 0.11045696
0.9806097 0.019390304
0.80514497 0.19485505
0.9904379 0.009562113
0.91126966 0.08873034
0.68733835 0.31266165
0.85093075 0.14906926
0.86380285 0.1361972
0.9553031 0.04469689
0.98288935 0.017110592
0.9665227 0.03347732
0.97533673 0.024663208
0.9309691 0.069030926
0.945774 0.05422602
0.9806629 0.019337155
0.9354183 0.06458163
0.9176848 0.08231527
0.8063443 0.19365576
0.8963098 0.1036902
0.67411447 0.32588556
0.9075004 0.092499554
0.97111154 0.028888479
0.91934454 0.080655456
0.72289187 0.27710807
0.7976775 0.20232247
0.88188267 0.11811736
0.9290244 0.07097561
0.99472433 0.005275585
0.956235 0.04376494
0.918408 0.081592046
0.89744127 0.10255872
0.83092964 0.16907033
0.8360198 0.1639802
0.9995023 0.0004976845
0.827114 0.17288601
0.9941811 0.005818867
0.9543896 0.045610417
0.980664 0.019335914
0.87903017 0.12096979
0.74008584 0.25991422
0.72907895 0.27092108
0.9220616 0.07793834
0.9072135 0.09278652
0.99410456 0.0058954065
0.8898303 0.1101697
0.95144004 0.048559982
0.16511191 0.83488804
0.706884 0.29311597
0.73166436 0.26833558
0.39509073 0.60490924
0.44219303 0.55780697
0.31672072 0.6832793
0.9048262 0.09517373
0.95180774 0.048192225
0.98917985 0.010820194
0.8827915 0.11720852
0.9452712 0.05472879
0.71236116 0.2876389
0.69387794 0.3061221
0.98756534 0.012434731
0.29444063 0.7055593
0.33855805 0.661442
0.46307552 0.5369244
0.9114986 0.08850144
0.8433942 0.15660574
0.8482751 0.15172485
0.95250094 0.047499128
0.95391476 0.04608527
0.88710266 0.11289732
0.92514306 0.07485698
0.99733764 0.0026623544
0.97279876 0.027201211
0.93680644 0.06319359
0.9738149 0.026185125
0.98068 0.019320054
0.88374114 0.116258875
0.8953765 0.10462353
0.98431593 0.015684087
0.98705935 0.012940642
0.9164296 0.0835704
0.9929999 0.007000079
0.98625606 0.013743884
0.359561 0.64043903
0.8593877 0.14061233
0.95868653 0.041313402
0.8946364 0.10536367
0.93995756 0.060042407
0.85353416 0.14646581
0.95052785 0.04947211
0.9857933 0.014206764
0.9894856 0.010514407
0.9714063 0.028593766
0.9713317 0.028668294
0.7912076 0.20879242
0.4883806 0.5116193
0.94012 0.05988006
0.9869398 0.013060221
0.30986935 0.6901306
0.4049976 0.5950024
0.98879355 0.011206448
0.98193365 0.018066308
0.92766017 0.07233987
0.9952808 0.0047191572
0.86981136 0.13018858
0.99531543 0.004684521
0.66619587 0.33380407
0.89650166 0.10349833
0.93661493 0.06338502
0.96735173 0.03264829
0.990424 0.009575955
0.8243737 0.17562625
0.9074961 0.09250388
0.8463353 0.15366471
0.29296663 0.7070334
0.6679708 0.33202922
0.9859757 0.014024335
0.9417632 0.058236796
0.9675102 0.032489702
0.85736805 0.142632
0.7981419 0.2018581
0.9320176 0.06798238
0.9880484 0.011951618
0.9956317 0.0043683657
0.8680646 0.13193548
0.58707535 0.4129246
0.9993537 0.0006463379
0.82422674 0.17577326
0.9942016 0.0057983575
0.9935126 0.006487455
0.8606055 0.13939452
0.9977869 0.0022131284
0.999047 0.0009529491
0.86065817 0.13934177
0.4187005 0.58129954
0.9694863 0.030513754
0.98714626 0.012853772
0.9857896 0.014210363
0.9453407 0.054659355
0.89092946 0.109070554
0.96588635 0.034113687
0.7836803 0.21631968
0.9279884 0.072011605
0.8430677 0.1569323
0.8938026 0.10619747
0.97020286 0.02979709
0.9959805 0.004019484
0.9843035 0.015696548
0.8622615 0.13773857
0.9892512 0.010748829
0.3219147 0.67808527
0.9868485 0.01315153
0.9684595 0.031540502
0.98788726 0.0121128075
0.678528 0.321472
0.9590825 0.04091756
0.9484943 0.051505703
0.99812275 0.0018772108
0.9451071 0.05489296
0.9481101 0.05188988
0.8977083 0.10229177
0.9949085 0.0050914297
0.94783556 0.052164476
0.92556566 0.07443435
0.77725637 0.2227436
0.7892093 0.21079075
0.9237787 0.07622129
0.9870838 0.01291618
0.9672928 0.032707203
0.43535516 0.5646448
0.1557796 0.8442204
0.97085315 0.02914687
0.93653566 0.06346438
0.2202546 0.7797454
0.9637523 0.036247734
0.99779165 0.0022083994
0.52807707 0.47192296
0.969522 0.030477934
0.96989036 0.03010958
0.9078456 0.09215435
0.87223125 0.12776877
0.66646856 0.33353147
0.57721406 0.42278594
0.33528408 0.6647159
0.99902976 0.00097028527
0.9729024 0.0270976
0.9917177 0.008282225
0.7430467 0.2569533
0.96936035 0.030639593
0.9504586 0.049541365
0.35459727 0.6454027
0.75003624 0.2499637
0.98092574 0.01907426
0.92599225 0.074007735
0.98924315 0.010756792
0.9717363 0.028263688
0.8500488 0.1499512
0.88303524 0.116964705
0.86622816 0.13377188
0.9722429 0.027757088
0.9749375 0.025062546
0.99938965 0.00061030575
0.999997 3.0035274e-06
0.9988632 0.0011368326
0.84414786 0.15585218
0.7272607 0.27273935
0.9783199 0.021680119
0.43177542 0.5682246
0.9910597 0.008940236
0.9997217 0.00027829272
0.8738177 0.12618229
0.56069934 0.4393007
0.30573854 0.69426143
0.8484752 0.15152484
0.98299307 0.017006973
0.8972825 0.10271748
0.8886318 0.11136817
0.88581866 0.1141813
0.95614946 0.04385059
0.82618296 0.17381702
0.98004377 0.019956259
0.9728329 0.02716709
0.95365673 0.04634327
0.6907714 0.3092285
0.8188759 0.18112415
0.9784762 0.021523748
0.99548537 0.0045145513
0.96567756 0.034322422
0.92786425 0.07213578
0.9189888 0.08101119
0.94519186 0.054808103
0.4967427 0.5032573
0.9413471 0.058652893
0.705699 0.294301
0.9795299 0.020470085
0.9901653 0.009834703
0.62167317 0.37832683
0.95839095 0.04160909
0.04704005 0.95295995
0.93398577 0.06601424
0.7996765 0.20032348
0.8321686 0.16783142
0.97697747 0.02302249
0.86201435 0.13798568
0.8404014 0.15959853
0.997914 0.0020859246
0.24381112 0.7561889
0.9045593 0.09544067
0.30595428 0.69404566
0.9960759 0.0039240085
0.9636545 0.036345404
0.95190495 0.04809507
0.8977771 0.10222289
0.98095095 0.019049006
0.9354322 0.06456775
0.927611 0.072389014
0.9731886 0.026811486
0.4401389 0.55986106
0.9792326 0.02076739
0.0014707799 0.9985292
0.97295105 0.02704889
0.415053 0.584947
0.635201 0.36479893
0.87241286 0.12758717
0.5176265 0.48237345
0.9657651 0.03423482
0.8274711 0.17252895
0.9153985 0.0846015
0.9934814 0.0065185977
0.8765164 0.12348358
0.7879585 0.21204153
0.43326998 0.56673
0.80067223 0.19932774
0.8651908 0.13480923
0.92327917 0.07672086
0.8985869 0.10141311
0.9852718 0.014728199
0.68232065 0.3176793
0.3132739 0.6867261
0.941474 0.058525924
0.9374981 0.06250196
0.7630408 0.23695925
0.74054605 0.25945395
0.92265666 0.07734339
0.3605493 0.63945067
0.9540271 0.04597288
0.559636 0.44036397
0.99403775 0.0059622666
0.62220186 0.37779808
0.9973362 0.0026637244
0.8178554 0.18214461
0.9784772 0.021522824
0.9254627 0.07453729
0.82266194 0.17733803
0.98159194 0.018408122
0.9295319 0.070468135
0.8638888 0.13611121
0.98073983 0.019260155
0.94175684 0.058243092
0.9455604 0.054439634
0.9883903 0.0116097275
0.7758973 0.22410262
0.9816096 0.018390398
0.8111258 0.18887421
0.96237147 0.037628524
0.9812522 0.018747866
0.9413665 0.058633506
0.9993362 0.00066381565
0.8928922 0.1071078
0.99038917 0.009610804
0.94581145 0.05418855
0.4473809 0.55261904
0.91941136 0.08058861
0.8408649 0.15913512
0.98367196 0.016328039
0.96415937 0.03584065
0.97924054 0.020759525
0.7508565 0.24914347
0.7876924 0.21230759
0.8308899 0.16911013
0.99312866 0.0068713264
0.70506954 0.29493046
0.90049183 0.099508174
0.7467937 0.2532063
0.97440183 0.025598163
0.98464406 0.015355915
0.94226146 0.05773854
0.96791434 0.03208558
0.9589195 0.041080512
0.96611387 0.033886194
0.9494043 0.050595697
0.7992436 0.20075634
0.985979 0.0140210055
0.8792197 0.12078033
0.995559 0.0044410327
0.9673815 0.032618523
0.8438787 0.15612133
0.8213575 0.17864248
0.9444109 0.055589117
0.9762714 0.023728633
0.9960406 0.0039594313
0.93721056 0.06278949
0.9682501 0.031749915
0.92119914 0.078800894
0.99202335 0.0079766065
0.9699774 0.030022616
0.99943143 0.0005685686
0.98222613 0.017773889
0.9456734 0.05432664
0.7871557 0.21284433
0.9957605 0.004239489
0.94396806 0.056031942
0.904328 0.09567196
0.99500483 0.004995198
0.99599314 0.0040068477
0.9235602 0.07643979
0.8461601 0.15383983
0.9917672 0.0082328115
0.8289236 0.17107642
0.9616465 0.038353484
0.9181185 0.08188149
0.07499096 0.925009
0.9234292 0.07657078
0.9990434 0.0009565162
0.9534798 0.046520095
0.9573417 0.04265834
0.9354717 0.06452831
0.24715509 0.7528449
0.7686492 0.2313508
0.23159027 0.7684098
0.985862 0.014138059
0.9990262 0.0009737831
0.9817313 0.018268716
0.9840295 0.015970537
0.87929577 0.12070423
0.9986798 0.0013201538
0.93877447 0.06122555
0.6569588 0.34304118
0.9877572 0.01224278
0.96256495 0.037435107
0.67092025 0.32907972
0.9992957 0.00070432207
0.75931686 0.24068311
0.7750626 0.22493744
0.8430621 0.15693793
0.97563666 0.024363378
0.9984029 0.001597088
0.95619357 0.043806445
0.9669471 0.033052985
0.27871317 0.72128683
0.9799104 0.020089664
0.89594877 0.104051225
0.8960371 0.10396288
0.9379939 0.06200608
0.8228624 0.1771376
0.85032064 0.14967936
0.5906393 0.40936065
0.9715655 0.028434545
0.99891376 0.001086264
0.92253023 0.0774698
0.98706365 0.012936312
0.676599 0.323401
0.949325 0.05067502
0.98026705 0.019732922
0.9464529 0.05354708
0.81523734 0.1847627
0.6989867 0.3010133
0.8960564 0.10394352
0.98943824 0.01056175
0.9774943 0.022505729
0.9889159 0.011084086
0.9856484 0.01435164
0.9404129 0.059587143
0.93543416 0.06456581
0.95789045 0.042109575
0.48186955 0.5181305
0.8580708 0.14192928
0.9388658 0.06113425
0.9364399 0.06356005
0.88018006 0.11981998
0.8187716 0.1812284
0.9351861 0.06481385
0.06634309 0.93365693
0.58872473 0.41127524
0.9601176 0.03988241
0.95719606 0.042803954
0.18139683 0.81860316
0.9667673 0.033232674
0.831323 0.168677
0.9055843 0.094415754
0.92741185 0.07258812
0.7559565 0.24404353
0.99813277 0.0018672077
0.9927361 0.0072639682
0.98419064 0.015809337
0.9010209 0.098979115
0.9817231 0.018276842
0.99718505 0.0028149474
0.7857723 0.21422777
0.82562786 0.17437212
0.58356315 0.41643688
0.84986925 0.15013075
0.98110306 0.018896913
0.4676771 0.5323229
0.8329952 0.1670048
0.92489064 0.07510936
0.9368366 0.06316339
0.96606123 0.03393884
0.97379196 0.026207998
0.8185336 0.1814664
0.9994072 0.00059281196
0.94294524 0.057054717
0.99415344 0.0058465116
0.9104386 0.08956147
0.9037499 0.09625018
0.9868444 0.013155604
0.91549283 0.08450712
0.62154853 0.3784515
0.8718892 0.12811083
0.89516497 0.10483499
0.94559205 0.054407977
0.35815176 0.64184827
0.8988644 0.10113562
0.9665328 0.033467136
0.758141 0.24185897
0.9509328 0.049067207
0.7733083 0.22669171
0.9623388 0.037661243
0.7525471 0.24745293
0.8816651 0.11833489
0.60195386 0.39804617
0.9521208 0.04787922
0.9707927 0.029207334
0.64084905 0.35915092
0.9867107 0.013289247
0.94456255 0.055437487
0.9294734 0.070526615
0.860783 0.13921703
0.90779936 0.09220065
0.96087873 0.039121214
0.8028182 0.19718179
0.90440685 0.09559314
0.82868457 0.17131549
0.8992233 0.10077673
0.28014895 0.719851
0.7374433 0.26255667
0.94820046 0.051799506
0.92534095 0.074659005
0.8475026 0.15249734
0.99909675 0.0009032743
0.9611941 0.03880591
0.9419262 0.05807387
0.66980845 0.33019158
0.99755424 0.0024457846
0.94385725 0.05614277
0.92270255 0.07729752
0.915957 0.08404301
0.9832429 0.016757073
0.98016626 0.019833768
0.9819857 0.018014252
0.9619811 0.03801888
0.98915535 0.010844673
0.9342023 0.06579769
0.9580841 0.041915834
0.98170495 0.018295059
0.67450637 0.32549357
0.9595975 0.04040242
0.40195167 0.5980484
0.95937973 0.040620342
0.9921875 0.007812533
0.98221844 0.017781565
0.966969 0.03303097
0.574509 0.42549098
0.81756437 0.18243563
0.7598983 0.24010168
0.9616604 0.038339548
0.97875655 0.021243516
0.9907873 0.009212713
0.7643316 0.23566836
0.91571873 0.08428125
0.9173751 0.08262497
0.8045271 0.19547287
0.9090551 0.09094483
0.9992982 0.0007018109
0.9232508 0.07674919
0.998279 0.0017210328
0.84240675 0.1575933
0.9989022 0.0010977873
0.99591774 0.004082252
0.8029821 0.19701785
0.86074245 0.13925755
0.9912561 0.008743938
0.16923445 0.8307655
0.6365628 0.3634372
0.9819458 0.018054228
0.9747431 0.025256902
0.63165694 0.368343
0.7670186 0.23298143
0.88543016 0.11456978
0.3987068 0.60129315
0.09752047 0.9024796
0.94949543 0.050504588
0.9264084 0.073591515
0.9975879 0.0024121078
0.90349424 0.0965057
0.93586665 0.06413331
0.8494207 0.1505793
0.9699584 0.030041505
0.8725739 0.12742612
0.98121315 0.018786822
0.09580776 0.9041922
0.970237 0.029762993
0.7690915 0.23090851
0.88575536 0.114244685
0.2083596 0.7916404
0.9056846 0.094315425
0.9988029 0.0011971085
0.9217955 0.07820448
0.7835592 0.21644074
0.82883704 0.171163
0.9331829 0.06681711
0.86483467 0.13516533
0.8918651 0.10813491
0.958878 0.041121986
0.8355447 0.16445537
0.9688194 0.031180553
0.989145 0.010855
0.86903554 0.13096443
0.98013145 0.019868486
0.2762124 0.7237876
0.90778905 0.09221097
0.9992849 0.00071507704
0.9052586 0.09474135
0.996588 0.003412017
0.8743253 0.12567475
0.99465704 0.0053430074
0.9116468 0.0883532
0.99693596 0.00306409
0.014613692 0.98538625
0.6062986 0.3937014
0.7560227 0.24397726
0.9184852 0.08151486
0.9313254 0.06867459
0.8836571 0.11634296
0.975319 0.02468097
0.9468409 0.053159148
0.99403185 0.005968097
0.97480077 0.025199236
0.99296254 0.0070375064
0.9559063 0.044093713
0.91199803 0.088002004
0.6200021 0.37999788
0.95976764 0.040232394
0.90218157 0.097818404
0.9769389 0.023061058
0.9881345 0.011865481
0.90230465 0.097695395
0.94917357 0.0508264
0.8784037 0.12159623
0.9460313 0.053968716
0.9859905 0.014009514
0.24655153 0.75344855
0.9689613 0.031038733
0.9980501 0.00194989
0.97262585 0.027374178
0.37723544 0.6227646
0.2244368 0.7755632
0.89648783 0.10351218
0.98480266 0.015197332
0.19324137 0.80675864
0.99657637 0.0034236703
0.966515 0.033485044
0.97313005 0.026869955
0.99856514 0.0014348412
0.94570994 0.054290023
0.93978614 0.060213827
0.95212847 0.047871538
0.99747145 0.0025286328
0.5285337 0.47146627
0.9297946 0.07020536
0.99345726 0.006542754
0.96454805 0.035451952
0.9740855 0.025914513
0.8314917 0.16850828
0.9221594 0.0778406
0.49774224 0.50225776
0.73864174 0.26135826
0.9668766 0.033123404
0.89293736 0.10706269
0.92445195 0.075548105
0.96667516 0.033324778
0.4354054 0.56459457
0.9628096 0.037190415
0.9384725 0.061527453
0.96179193 0.03820803
0.322088 0.677912
0.99839276 0.0016072019
0.83481926 0.16518071
0.9345699 0.06543013
0.5798759 0.4201241
0.88569176 0.11430821
0.91793174 0.08206827
0.8605418 0.1394582
0.96082944 0.03917054
0.9663218 0.03367819
0.97301877 0.026981272
0.9717496 0.028250393
0.8935077 0.10649229
0.9775171 0.022482898
0.98657495 0.013425052
0.95894736 0.041052606
0.963967 0.03603291
0.29685724 0.7031427
0.9483592 0.05164082
0.9457894 0.054210663
0.94467753 0.05532244
0.573097 0.426903
0.9804201 0.01957988
0.34489083 0.6551091
0.8958244 0.104175635
0.8901321 0.109867804
0.9993753 0.0006247757
0.96443915 0.035560787
0.98902506 0.010974897
0.9586661 0.041333918
0.9579829 0.042017136
0.90509474 0.094905324
0.97007006 0.029929942
0.80427444 0.19572556
0.86812043 0.13187954
0.7803864 0.21961366
0.9827141 0.017285833
0.3381126 0.66188747
0.14832127 0.8516787
0.9999163 8.3634455e-05
0.97458386 0.025416095
0.98747265 0.012527372
0.87914765 0.12085232
0.99982387 0.00017616786
0.8408563 0.15914367
0.58046055 0.41953945
0.7605181 0.23948191
0.90608084 0.09391919
0.9456452 0.054354765
0.9529702 0.04702979
0.9448897 0.055110265
0.75680804 0.24319193
0.34609887 0.6539011
0.90423745 0.0957626
0.9574962 0.042503815
0.6490602 0.3509398
0.9484032 0.05159678
0.90396595 0.09603406
0.9823868 0.017613225
0.8426424 0.15735754
0.81032145 0.18967853
0.49046546 0.5095345
0.96492654 0.03507343
0.9356297 0.06437028
0.7893257 0.21067433
0.8807388 0.119261175
0.9425094 0.05749062
0.9986625 0.0013375009
0.992834 0.007166052
0.78121984 0.21878016
0.8266409 0.1733591
0.94115853 0.05884148
0.8139499 0.18605019
0.34489083 0.6551091
0.4717622 0.52823776
0.71964854 0.28035143
0.7413162 0.25868386
0.8932435 0.106756456
0.36952263 0.6304773
0.8278592 0.17214078
0.9143154 0.08568464
0.9520467 0.047953315
0.37684497 0.62315506
0.9745028 0.025497165
0.9750461 0.024953917
0.95553213 0.04446788
0.5875008 0.4124992
0.7804564 0.21954352
0.89881694 0.10118311
0.97701114 0.02298887
0.5457126 0.4542874
0.9698219 0.030178156
0.97463155 0.025368484
0.99202967 0.007970286
0.99530435 0.0046956996
0.8669389 0.13306111
0.975503 0.024497002
0.9967123 0.0032877175
0.9093679 0.09063207
0.5899359 0.41006413
0.9981735 0.0018265202
0.9351494 0.064850636
0.95536464 0.044635396
0.42170691 0.5782931
0.09943972 0.90056026
0.95570403 0.044295955
0.99360996 0.0063899737
0.9861013 0.013898733
0.8787883 0.12121169
0.95396847 0.046031535
0.99242264 0.007577349
0.9990656 0.00093448436
0.8619854 0.1380146
0.3170224 0.68297756
0.9860604 0.013939657
0.91593456 0.08406545
0.95888096 0.041119013
0.87490964 0.12509038
0.7615367 0.23846328
0.87491053 0.12508945
0.8332337 0.16676632
0.49771503 0.5022849
0.79181945 0.20818053
0.6232436 0.37675637
0.98475164 0.015248393
0.9748069 0.02519315
0.9920108 0.007989142
0.79971683 0.2002832
0.9098963 0.090103686
0.9476498 0.05235029
0.98870695 0.011293095
0.59851384 0.40148622
0.8983986 0.10160146
0.77025366 0.2297463
0.9846383 0.015361721
0.880659 0.11934106
0.99957746 0.00042255098
0.7343018 0.26569816
0.072641596 0.92735845
0.89260834 0.10739172
0.7581944 0.24180563
0.60240203 0.39759797
0.41594753 0.5840525
0.92513615 0.07486392
0.9662601 0.033739958
0.95352876 0.046471313
0.69685197 0.303148
0.897863 0.10213709
0.99898237 0.00101758
0.9214346 0.078565344
0.88835627 0.111643694
0.88961786 0.11038213
0.95675546 0.043244522
0.9939401 0.006059943
0.9314607 0.068539314
0.9790273 0.020972798
0.9694465 0.03055352
0.25129625 0.7487038
0.80025256 0.19974743
0.88359827 0.116401725
0.8238852 0.17611481
0.35793585 0.64206415
0.9730915 0.026908584
0.68842244 0.31157753
0.994087 0.0059129912
0.90943575 0.09056423
0.9447399 0.05526016
0.9947615 0.0052385363
0.9478437 0.052156292
0.71097106 0.28902894
0.8184637 0.18153627
0.95492613 0.045073826
0.8615715 0.13842854
0.9766739 0.02332613
0.9587802 0.041219793
0.98154426 0.018455744
0.7571871 0.24281289
0.9705483 0.02945169
0.72677845 0.27322146
0.9584977 0.04150228
0.9514672 0.048532724
0.9614863 0.038513772
0.86905456 0.13094541
0.98446596 0.01553405
0.9073536 0.0926464
0.8808765 0.11912354
0.22602977 0.7739702
0.6873736 0.3126264
0.9672725 0.032727495
0.8769579 0.12304214
0.3219192 0.6780808
0.7820342 0.21796577
0.1141019 0.8858981
0.42641035 0.5735896
0.8275714 0.1724286
0.9745238 0.025476191
0.98267704 0.01732292
0.87221026 0.12778966
0.97870356 0.021296404
0.91163766 0.0883623
0.29647005 0.70352995
0.96412516 0.035874847
0.60809857 0.3919014
0.9815702 0.018429803
0.96587735 0.034122687
0.9684 0.031600043
0.9449007 0.05509928
0.9771842 0.022815837
0.92754 0.07246
0.9046638 0.09533622
0.9996214 0.0003786213
0.91158724 0.08841273
0.4368539 0.56314605
0.99049217 0.009507817
0.95216423 0.04783572
0.7311483 0.26885167
0.42219847 0.5778015
0.9940796 0.0059204632
0.74946886 0.25053114
0.9585425 0.04145752
0.85405564 0.14594437
0.8886902 0.11130982
0.74082625 0.25917378
0.7901046 0.20989537
0.9407983 0.059201755
0.9737138 0.026286185
0.8552736 0.14472641
0.8819466 0.11805335
0.8553555 0.14464448
0.11821766 0.88178235
0.92892987 0.07107022
0.9879943 0.0120057
0.99172837 0.008271594
0.38926288 0.61073714
0.9778075 0.022192452
0.90291184 0.09708816
0.99546814 0.0045318617
0.99467105 0.0053289207
0.95549536 0.04450467
0.7999782 0.20002185
0.9601728 0.039827194
0.8610414 0.13895857
0.8841644 0.115835615
0.9354156 0.064584434
0.479066 0.520934
0.94247097 0.057529066
0.9674897 0.032510296
0.99392235 0.0060776463
0.9720152 0.027984787
0.94802374 0.05197623
0.86691654 0.13308343
0.9890464 0.010953535
0.8910806 0.108919404
0.9802337 0.019766312
0.99598724 0.0040127337
0.9451117 0.054888345
0.9843211 0.015678898
0.92483556 0.07516451
0.94288707 0.05711296
0.79526955 0.20473045
0.9774456 0.022554444
0.9603345 0.039665475
0.99323833 0.006761641
0.48687312 0.51312685
0.9907459 0.00925411
0.8853296 0.114670396
0.9484688 0.05153122
0.48793134 0.5120687
0.9430079 0.056992132
0.95080096 0.049198996
0.9009877 0.099012285
0.76837635 0.2316237
0.86919296 0.13080703
0.96909887 0.030901149
0.9095807 0.090419255
0.90825737 0.09174259
0.9975266 0.002473456
0.9974305 0.002569511
0.9841957 0.015804337
0.94127554 0.058724523
0.7843175 0.21568257
0.9976351 0.0023648206
0.85225147 0.14774854
0.17936164 0.82063836
0.77309144 0.22690852
0.68437624 0.3156238
0.9262997 0.07370034
0.8434999 0.15650012
0.96767914 0.032320864
0.9260694 0.07393062
0.9093816 0.0906184
0.6856281 0.31437182
0.98906505 0.010934924
0.47914898 0.520851
0.91967595 0.08032403
0.840335 0.15966503
0.70533293 0.29466704
0.9640448 0.035955213
0.95704633 0.042953607
0.8099632 0.19003679
0.08749884 0.9125011
0.549501 0.4504989
0.109153934 0.890846
0.93406534 0.06593464
0.9013041 0.09869583
0.87748224 0.122517765
0.9233455 0.0766545
0.96020705 0.03979293
0.9881242 0.011875857
0.84809375 0.15190625
0.9454192 0.054580793
0.99343926 0.0065607736
0.9075407 0.09245931
0.9271682 0.07283181
0.97218406 0.027815938
0.98315954 0.016840493
0.8051221 0.19487792
0.9272726 0.07272733
0.9434803 0.05651965
0.9300307 0.0699693
0.7070617 0.29293823
0.9495534 0.050446678
0.9279396 0.072060436
0.9750025 0.0249974
0.9600576 0.0399424
0.29461634 0.70538366
0.03398849 0.96601146
0.9816046 0.01839539
0.8642796 0.1357204
0.8438049 0.15619513
0.99472237 0.0052776476
0.84149605 0.15850392
0.08088528 0.91911465
0.81553274 0.18446724
0.8383708 0.16162923
0.42473638 0.5752636
0.93248415 0.06751582
0.89201415 0.107985914
0.13946453 0.86053544
0.25990966 0.74009037
0.9445748 0.055425253
0.97701466 0.022985281
0.98405623 0.015943725
0.8133099 0.18669008
0.9498966 0.050103396
0.9404962 0.05950383
0.9396259 0.060374066
0.98965096 0.010349103
0.98641926 0.013580738
0.9666126 0.03338738
0.9080412 0.09195881
0.92895895 0.07104109
0.42003086 0.5799691
0.12581973 0.8741803
0.9837667 0.01623332
0.9305079 0.06949209
0.9315637 0.06843632
0.9519393 0.048060708
0.7113734 0.28862664
0.99427164 0.005728424
0.9999039 9.605697e-05
0.9821899 0.01781006
0.99153113 0.008468911
0.9101824 0.08981756
0.9444531 0.055546902
0.5366329 0.46336704
0.98080015 0.019199856
0.8679131 0.13208683
0.92515886 0.07484109
0.9103206 0.08967943
0.95623744 0.04376254
0.99031293 0.009687091
0.72532153 0.27467847
0.42131135 0.5786886
0.8999877 0.100012265
0.74613947 0.25386053
0.96287185 0.037128158
0.9625317 0.037468296
0.42724124 0.57275873
0.97275126 0.027248733
0.7290089 0.27099112
0.7711509 0.2288491
0.5150926 0.48490736
0.8745259 0.12547413
0.66944855 0.33055145
0.8096028 0.1903972
0.9436633 0.056336686
0.5843095 0.41569048
0.82435584 0.17564419
0.86628765 0.13371234
0.80922616 0.1907739
0.95080066 0.049199406
0.95461047 0.04538954
0.21159956 0.7884004
0.98860747 0.011392521
0.7020958 0.29790416
0.9912033 0.008796691
0.9325274 0.06747258
0.9956202 0.0043797703
0.9724299 0.027570104
0.9187865 0.08121347
0.83039737 0.16960257
0.9639615 0.036038537
0.939797 0.060203068
0.95078826 0.049211726
0.64381623 0.35618377
0.37072158 0.6292784
0.9696745 0.030325469
0.94312286 0.056877207
0.9651356 0.03486438
0.9183428 0.08165724
0.8293936 0.17060634
0.4193263 0.58067364
0.920203 0.079797
0.8701372 0.1298628
0.99044657 0.009553442
0.9426687 0.057331245
0.9476187 0.052381255
0.8390183 0.16098168
0.7983061 0.20169389
0.24233413 0.7576659
0.930738 0.06926201
0.86707723 0.13292278
0.94553715 0.054462884
0.8537004 0.1462996
0.65883434 0.3411657
0.94926345 0.050736494
0.88269144 0.11730851
0.955991 0.04400894
0.970116 0.029884005
0.87125057 0.12874946
0.8851025 0.11489748
0.21189435 0.78810567
0.79595923 0.20404074
0.9712294 0.028770676
0.9249458 0.07505423
0.9634747 0.036525305
0.9413669 0.05863311
0.8559066 0.1440934
0.99819785 0.001802166
0.76195693 0.23804303
