0.59954494
0.025497165
0.9570963
0.9977997
0.5453295
0.8549754
0.6551091
0.9976853
0.86029154
0.9999906
0.99999
0.98808926
0.9897996
0.017484047
0.9796658
0.97683233
0.7080717
0.98142815
0.9998586
0.9890892
0.96787673
0.060185622
0.9992828
0.9999988
0.06781069
0.95647204
0.96929896
0.9730559
0.9332968
0.9017157
0.99999964
0.9936243
0.98150325
0.9999994
0.8855999
0.9999809
0.9999913
0.88664025
0.9340735
0.9975241
0.87658757
0.58275557
0.3361992
0.98187435
0.86709875
0.2163807
0.99994195
0.996479
0.06008183
0.17052868
0.9880371
0.99999225
0.9747284
0.044669695
0.6292784
0.97148246
0.8261445
0.9999974
0.93903214
0.9999976
0.9764191
0.54401207
0.5325661
0.9992126
0.7200571
0.5256219
0.9886043
0.86375546
0.9995592
0.91871554
0.9999465
0.8245283
0.07600884
0.99758077
0.007657275
0.892808
0.93834645
0.9377063
0.9999528
0.9157809
0.6439421
0.99992967
1.0
0.80562454
0.999985
0.75305146
0.9945787
0.7426646
0.97210217
0.9770253
0.9642302
0.97667056
0.3782944
1.0
0.99339664
0.99781215
0.99963987
0.9938964
0.059988804
0.9212132
0.98467076
0.08379053
0.9828608
0.8805574
0.9995534
0.9194378
0.9498254
0.9997509
0.08674622
0.9900455
0.9998841
0.9997497
0.68898296
0.99936026
1.0
0.9999999
0.86439073
0.8994473
0.9999925
0.9695961
0.9939135
0.97940207
0.99669313
0.9970284
0.9999912
0.9905634
0.86012965
0.20150444
0.98345345
0.8835215
0.746623
0.78361166
0.9725772
0.90614194
0.9981566
0.98389524
0.004807008
0.99631435
0.7447311
0.9998938
0.9922185
0.61900413
0.99999976
0.99992037
0.9956261
0.997612
0.9999343
0.7524333
0.971077
0.9930744
0.044221245
0.9986064
0.9914624
0.06255324
0.5461285
0.91811556
0.90831316
0.9997347
0.8610243
0.40368629
0.88691425
0.99871993
0.9076095
0.97378844
0.9999459
0.94317955
0.9853754
0.06266367
0.24104589
0.9978758
0.99025846
1.0
0.93453765
1.0
0.92181635
0.5159126
0.9356912
0.45316768
0.84374267
0.89896864
0.99982435
0.62291026
0.992144
0.901861
0.9964179
0.9999999
0.89619994
0.9921382
0.9987482
0.50606745
0.9966282
0.47692093
0.97373307
0.9509757
0.89728546
0.5638348
0.19111021
0.9576957
0.3251976
0.8905153
0.9998665
0.9985373
0.8994862
0.13332345
0.08252026
0.9191701
0.9225055
0.8980882
0.96879923
0.8936647
0.9422092
0.9628124
0.12330881
0.93829113
0.97579634
0.99492294
0.7866168
0.9996754
0.7381315
0.16360818
0.9923658
0.9468406
0.9853371
0.9839384
0.698402
0.7640516
0.6552707
0.8786283
0.9800254
0.9999987
0.92421097
0.9293098
0.77056885
0.9057318
0.8455052
0.9782581
0.05714678
0.7494849
0.8229138
0.8051147
0.9584021
0.393298
1.0
0.25002068
0.99257237
0.98368526
0.9944094
0.8904245
0.74329776
0.9412277
0.9999193
0.3533036
0.10070521
0.9995084
0.99199975
0.85400164
0.92319596
0.9446241
0.64414674
0.9745116
0.8707737
0.83433044
0.9999498
0.40935096
0.57707214
0.25102815
0.99510646
0.9999937
0.8869772
0.981292
0.9946444
0.99944264
0.95964825
0.92263335
0.9992988
0.9948625
0.9818849
0.9662369
0.94082296
0.99723047
0.968979
0.9951094
0.9999924
0.9999565
0.9714055
0.9675926
0.93416774
0.54050857
0.9990415
0.079172805
0.1449998
0.9388699
0.9102117
0.99996805
0.9997557
0.99462044
0.040562868
0.9950493
0.9917321
0.64966154
0.5709897
0.8746549
0.57510096
0.78226
0.96684015
0.9333512
0.7649427
0.34155273
0.9878818
0.9556533
0.9957755
0.37348953
0.60656005
0.9995042
0.5731797
1.0
0.9998846
0.91056675
0.88055027
0.8708311
0.6001336
0.42922476
0.9997954
0.99475324
0.9578407
0.9988117
0.9427559
0.6292784
0.67649966
0.9919165
0.99984026
1.0
0.99999726
0.70505667
0.7797282
0.9774187
1.0
0.60351837
0.6825415
0.9426829
0.44239098
0.3656642
0.87605387
0.8939676
0.031849306
0.9605424
0.1196734
0.9678523
0.8952979
0.8353223
0.70366377
0.97242975
0.9602584
0.030765673
0.13101448
0.99856704
0.92039675
0.97028434
0.9907703
0.9802018
0.9690871
0.954573
0.9665231
0.9994289
0.9999666
0.972727
0.974094
0.0150703415
0.9886884
0.9931564
0.18439794
0.569933
0.96379006
0.99999976
0.9819324
0.993443
0.8218893
0.9703442
0.7126939
0.99999094
0.97603726
0.5716693
0.9929635
0.9212229
0.9798759
0.99999964
0.5464967
0.8817331
0.7208949
0.8692691
0.9867034
0.98680395
0.9999747
0.9983479
0.9997142
0.9932969
0.93747544
1.0
0.99193925
0.9421837
0.96874094
0.91655535
0.95828724
0.95573866
0.99688196
0.9993056
0.9952266
0.7447374
0.79223794
0.15959392
0.7450371
0.9977781
0.999729
0.9999994
0.9999424
0.98699224
0.25374347
0.21760161
0.9994246
0.77860606
0.68901455
0.8384118
0.9356717
0.87948686
0.49855155
0.99227726
0.99574393
0.9874462
0.80546045
0.98502916
0.5380291
0.92192274
0.11217828
0.99999535
0.98647785
0.9985574
0.99993086
1.0
0.96413213
0.029202588
0.9771855
0.8980163
0.0741397
0.7595939
0.040303454
0.92339474
0.996252
0.9988984
1.0
0.9999999
0.78847903
0.5921868
0.9995503
0.53574014
0.98871744
0.08460817
0.9825074
0.9800873
0.99991953
0.8852566
0.010632258
0.99995375
0.984039
0.17431048
0.8304918
0.074900396
0.96141946
0.99999547
0.97889155
0.99992824
0.95076853
0.80711246
0.99978834
0.82307714
0.99709344
0.99999964
0.9997584
0.91774815
0.89672166
0.9430604
0.90758425
0.99173486
0.9998318
0.8994249
0.69725937
0.19218548
0.999705
0.98778874
0.9622344
0.99979585
0.9778521
0.9362978
0.10268901
0.99867415
0.9733922
0.6852226
0.99972516
0.9999993
0.99775225
0.23883183
0.5552701
0.9949452
0.99961346
0.9901316
0.9917092
0.99999535
0.9978714
0.926796
0.999175
0.5835973
0.99304706
0.6551091
0.97782373
0.9435569
0.8725218
0.9810315
0.9279887
0.10503349
0.56898326
0.99969673
0.7704405
0.8782804
0.90392125
0.37900522
0.9999969
0.8788919
0.9784201
0.9726548
0.954874
0.1431781
0.97164446
0.51841277
0.80455685
0.83382416
0.9940201
0.94847053
1.0
0.98741305
0.0019381145
0.5975464
0.9998288
0.9704212
0.9868324
0.999992
0.9993767
0.98866487
0.9999999
0.81469285
0.9826612
0.97535217
0.9751046
0.4816799
0.91885173
0.95212764
0.9908422
0.9999933
0.94437987
0.81721985
0.88996416
0.99999976
0.9034687
0.9810924
0.022989254
1.0
0.0853314
0.9999989
0.85767126
0.99575824
0.67201996
0.19841415
0.9999676
0.09537828
0.9766366
0.9975573
0.97970724
0.95465773
0.94225246
0.06574048
0.9226364
0.9695952
0.99443877
0.5841885
0.9999304
0.9999963
0.078254506
0.6911043
0.9812897
0.3549574
0.96883285
1.0
0.994337
0.84236425
0.9860341
0.99916446
0.99563855
0.4096355
0.9443675
0.94649714
0.86828554
0.021938011
0.951544
0.9974868
0.9043488
0.9573208
0.94129056
0.9999498
0.14548753
0.081243485
0.91492444
0.83567876
0.99020654
0.9475216
0.99658704
0.7546208
0.9704753
0.94501406
0.149267
0.7681046
0.2860441
0.99523526
0.88776594
0.9802474
0.99641514
0.49643698
0.9999995
0.6681539
0.99975055
0.9289982
1.0
0.9820348
0.9999722
0.9999751
0.9997849
0.9457797
0.99917525
0.90862995
0.9890141
0.9252854
0.9656461
0.9988166
0.9994091
0.99824786
0.9884731
0.99780077
0.98519415
0.9384574
0.99789524
0.9993395
0.98342806
0.9997483
0.81673336
0.9995677
0.21690719
0.87178534
0.8003734
0.08766771
0.31533033
0.999979
0.9994159
0.08772589
0.9974605
0.95589364
0.8001089
0.81501186
1.0
0.79663736
0.970759
0.36752993
0.90341896
0.95943874
0.90207005
0.8848272
0.99496716
0.92850274
0.70909476
0.99376184
0.99831617
0.8510153
0.99810934
1.0
0.9613205
0.20755583
0.65806293
0.95049846
0.6564569
0.9998368
0.79021657
0.3040026
0.99837685
0.85919636
0.93775177
0.013688671
0.9999896
0.8884093
0.95123255
0.858897
0.99999166
0.2740887
0.10583502
0.9963915
0.9087595
0.6111896
0.61043495
0.8326603
0.9530929
0.666401
0.99240327
0.8502673
0.9979346
0.99714667
0.8323173
0.94503427
0.6115091
1.0
0.19496773
0.6551091
0.99998116
0.99966705
1.0
0.91886955
0.9999944
0.79591984
0.99998295
0.88946927
0.55634046
0.9990502
0.9947429
0.9881826
0.19559519
0.9180387
0.9705264
0.63617253
0.9934628
0.9039182
0.916802
0.9979557
0.93080723
0.28694016
0.38819745
0.857237
0.8203645
0.09132592
0.99705684
0.4638939
0.9985481
0.95711845
0.9999988
0.04540021
0.290128
0.9633269
0.353921
0.9997882
0.89998055
0.99994946
0.9999088
1.0
0.2504473
0.4923951
0.9374968
0.97125006
0.91408587
0.32141924
0.9397382
0.9998765
0.98797566
0.84274846
0.9538235
1.0
0.08519744
0.96660423
0.9978302
0.8012939
0.90760094
0.9999417
0.024021301
0.9998654
0.9104631
0.99597245
0.9999535
0.99996066
0.9390826
0.9996879
0.9999467
0.9999981
0.9210909
1.0
0.94425017
0.2810656
0.99996734
0.84512776
0.98394877
0.99989045
0.9942134
0.104514316
0.99517965
0.9287373
0.8722106
1.0
0.99601513
1.0
0.31768864
0.9956001
0.9999999
0.9872853
0.94556826
0.9117858
0.86628336
0.99692243
0.029205902
0.82784384
0.8609857
0.89706975
0.88182014
0.12791851
0.056732446
0.9842493
0.99901104
0.99989617
0.9137352
0.07672814
0.8044688
0.30975986
0.712795
0.9996013
0.99999905
0.9986694
0.89644015
0.97156626
0.3538607
0.01606399
0.64268965
1.0
0.83601743
0.9991504
0.76695186
0.95695543
0.99702543
0.99999964
0.9720252
0.9995053
0.98769426
0.9415627
0.9293384
0.9994816
0.88379806
0.3373324
0.99826354
0.016135044
0.9991744
0.8916109
0.15919724
0.99999034
0.983604
0.934701
0.98924994
0.9997228
0.9909831
0.9869262
0.5704681
0.5506685
0.9430326
0.9999999
0.9992562
0.97820914
0.9875545
0.91424483
1.0
0.9703278
0.9099517
0.99924135
0.051497802
0.45183596
0.9999969
0.97592586
0.7998258
0.9999182
0.6986943
0.9753372
0.355476
0.73043424
0.9761673
0.9208782
0.02165519
0.681055
0.990419
0.9726166
0.9744499
0.9267724
0.9995592
0.99669504
0.8426052
0.98188937
0.9396126
0.9999733
0.9810589
0.99999213
0.9997285
0.9824492
0.9586848
0.9710994
0.25751603
0.9986274
0.9906481
0.7959309
1.0
0.6551091
1.0
0.99246347
0.856117
0.7485523
0.67825025
0.9999027
0.8929534
0.9881224
0.9361917
0.8306525
0.65283394
0.99999464
0.042606317
0.9933122
0.941708
0.7276819
1.0
0.9999852
0.8997878
0.7229416
1.0
0.03213296
1.0
0.99633753
0.9999404
0.9954249
0.6856341
0.9874479
0.93568045
0.97170603
0.9993826
0.9662309
0.027127396
1.0
0.98748153
0.18557398
0.003141568
0.9997135
0.97224355
0.85190535
0.732958
0.97932273
0.55065197
0.9118639
0.9998523
0.99999726
0.80422914
0.9904941
0.97285855
0.99202543
0.97353745
0.9809364
0.9999869
0.75361276
0.9944733
1.0
0.92923874
0.72248274
0.9979716
0.99999166
0.18816335
0.99998343
0.69260824
0.9972951
0.88276213
0.0784089
0.014200094
0.9946062
0.99759007
0.722531
0.32809773
0.76743597
0.99999
0.93039566
0.07947564
0.64822775
0.95770717
0.85855895
0.9945528
0.91376007
0.7358597
1.0
1.0
0.18948056
0.9999877
0.9245744
0.9999851
0.99999034
0.49818853
0.8111181
0.890103
0.79681873
0.69892067
0.99264115
0.91171306
0.78460675
0.9917032
0.055898268
0.9968155
1.0
0.9782136
0.99999416
0.8205073
0.9673615
0.92541546
0.9999926
0.99107224
0.16364439
0.9977786
0.7975985
0.8755329
0.9753914
0.31026632
0.9776258
0.9685556
0.94456947
0.58161837
0.76702034
0.751532
1.0
0.94727725
0.9699215
0.9489238
0.995434
0.99517834
0.99587256
0.99100304
1.0
0.1331088
0.06978029
0.9494498
0.99873537
0.5103877
0.9000671
0.9847506
0.9260729
0.999984
0.950395
0.9988626
0.9347913
0.99836546
1.0
0.98328465
0.12317586
0.2517394
0.9983431
0.49500024
0.2159521
0.96417147
0.9998006
0.99998915
0.9500115
0.89754796
0.85971147
0.91062874
0.97220075
0.9999877
0.75494653
0.4129817
0.7312051
0.98340225
0.997761
0.98810285
1.0
0.9999976
0.9642096
0.09630383
0.9920968
0.82089406
0.9699611
0.010782797
0.9589518
0.9819334
0.88690215
0.9788006
0.55127287
0.9548544
0.32326847
0.9902384
0.4894743
0.96336335
0.99117774
0.9480125
0.9941717
0.9803237
0.99469733
0.96768963
0.097569704
0.6018617
0.6292784
0.9998171
1.0
0.9098841
0.088297814
0.9867557
0.32662985
0.93423355
0.9988086
0.9896187
0.92652804
0.88273984
0.98488945
0.99490225
0.9999101
0.8847767
1.0
0.9999677
0.9999995
0.38120723
0.89478326
1.0
0.058612127
0.21014105
0.009152854
0.40702417
0.035787694
0.07698225
0.53728646
0.035183936
0.45421904
0.06778892
0.07650869
0.009810966
0.0019897355
0.06386227
0.09408398
0.47819957
0.053997427
0.1320169
0.3129553
0.54607224
0.005690645
0.10837494
0.24692874
0.07790564
0.13277438
0.99206287
0.35393596
0.6258862
0.21031003
0.04907862
0.025835652
0.5598414
0.004812586
0.0067247087
0.0021728498
0.824246
0.07764159
0.051870454
0.037213508
0.016200926
0.2846713
0.7884357
0.25703835
0.11949632
0.9033585
0.84474736
0.11045696
0.019390304
0.19485505
0.009562113
0.08873034
0.31266165
0.14906926
0.1361972
0.04469689
0.017110592
0.03347732
0.024663208
0.069030926
0.05422602
0.019337155
0.06458163
0.08231527
0.19365576
0.1036902
0.32588556
0.092499554
0.028888479
0.080655456
0.27710807
0.20232247
0.11811736
0.07097561
0.005275585
0.04376494
0.081592046
0.10255872
0.16907033
0.1639802
0.0004976845
0.17288601
0.005818867
0.045610417
0.019335914
0.12096979
0.25991422
0.27092108
0.07793834
0.09278652
0.0058954065
0.1101697
0.048559982
0.83488804
0.29311597
0.26833558
0.60490924
0.55780697
0.6832793
0.09517373
0.048192225
0.010820194
0.11720852
0.05472879
0.2876389
0.3061221
0.012434731
0.7055593
0.661442
0.5369244
0.08850144
0.15660574
0.15172485
0.047499128
0.04608527
0.11289732
0.07485698
0.0026623544
0.027201211
0.06319359
0.026185125
0.019320054
0.116258875
0.10462353
0.015684087
0.012940642
0.0835704
0.007000079
0.013743884
0.64043903
0.14061233
0.041313402
0.10536367
0.060042407
0.14646581
0.04947211
0.014206764
0.010514407
0.028593766
0.028668294
0.20879242
0.5116193
0.05988006
0.013060221
0.6901306
0.5950024
0.011206448
0.018066308
0.07233987
0.0047191572
0.13018858
0.004684521
0.33380407
0.10349833
0.06338502
0.03264829
0.009575955
0.17562625
0.09250388
0.15366471
0.7070334
0.33202922
0.014024335
0.058236796
0.032489702
0.142632
0.2018581
0.06798238
0.011951618
0.0043683657
0.13193548
0.4129246
0.0006463379
0.17577326
0.0057983575
0.006487455
0.13939452
0.0022131284
0.0009529491
0.13934177
0.58129954
0.030513754
0.012853772
0.014210363
0.054659355
0.109070554
0.034113687
0.21631968
0.072011605
0.1569323
0.10619747
0.02979709
0.004019484
0.015696548
0.13773857
0.010748829
0.67808527
0.01315153
0.031540502
0.0121128075
0.321472
0.04091756
0.051505703
0.0018772108
0.05489296
0.05188988
0.10229177
0.0050914297
0.052164476
0.07443435
0.2227436
0.21079075
0.07622129
0.01291618
0.032707203
0.5646448
0.8442204
0.02914687
0.06346438
0.7797454
0.036247734
0.0022083994
0.47192296
0.030477934
0.03010958
0.09215435
0.12776877
0.33353147
0.42278594
0.6647159
0.00097028527
0.0270976
0.008282225
0.2569533
0.030639593
0.049541365
0.6454027
0.2499637
0.01907426
0.074007735
0.010756792
0.028263688
0.1499512
0.116964705
0.13377188
0.027757088
0.025062546
0.00061030575
3.0035274e-06
0.0011368326
0.15585218
0.27273935
0.021680119
0.5682246
0.008940236
0.00027829272
0.12618229
0.4393007
0.69426143
0.15152484
0.017006973
0.10271748
0.11136817
0.1141813
0.04385059
0.17381702
0.019956259
0.02716709
0.04634327
0.3092285
0.18112415
0.021523748
0.0045145513
0.034322422
0.07213578
0.08101119
0.054808103
0.5032573
0.058652893
0.294301
0.020470085
0.009834703
0.37832683
0.04160909
0.95295995
0.06601424
0.20032348
0.16783142
0.02302249
0.13798568
0.15959853
0.0020859246
0.7561889
0.09544067
0.69404566
0.0039240085
0.036345404
0.04809507
0.10222289
0.019049006
0.06456775
0.072389014
0.026811486
0.55986106
0.02076739
0.9985292
0.02704889
0.584947
0.36479893
0.12758717
0.48237345
0.03423482
0.17252895
0.0846015
0.0065185977
0.12348358
0.21204153
0.56673
0.19932774
0.13480923
0.07672086
0.10141311
0.014728199
0.3176793
0.6867261
0.058525924
0.06250196
0.23695925
0.25945395
0.07734339
0.63945067
0.04597288
0.44036397
0.0059622666
0.37779808
0.0026637244
0.18214461
0.021522824
0.07453729
0.17733803
0.018408122
0.070468135
0.13611121
0.019260155
0.058243092
0.054439634
0.0116097275
0.22410262
0.018390398
0.18887421
0.037628524
0.018747866
0.058633506
0.00066381565
0.1071078
0.009610804
0.05418855
0.55261904
0.08058861
0.15913512
0.016328039
0.03584065
0.020759525
0.24914347
0.21230759
0.16911013
0.0068713264
0.29493046
0.099508174
0.2532063
0.025598163
0.015355915
0.05773854
0.03208558
0.041080512
0.033886194
0.050595697
0.20075634
0.0140210055
0.12078033
0.0044410327
0.032618523
0.15612133
0.17864248
0.055589117
0.023728633
0.0039594313
0.06278949
0.031749915
0.078800894
0.0079766065
0.030022616
0.0005685686
0.017773889
0.05432664
0.21284433
0.004239489
0.056031942
0.09567196
0.004995198
0.0040068477
0.07643979
0.15383983
0.0082328115
0.17107642
0.038353484
0.08188149
0.925009
0.07657078
0.0009565162
0.046520095
0.04265834
0.06452831
0.7528449
0.2313508
0.7684098
0.014138059
0.0009737831
0.018268716
0.015970537
0.12070423
0.0013201538
0.06122555
0.34304118
0.01224278
0.037435107
0.32907972
0.00070432207
0.24068311
0.22493744
0.15693793
0.024363378
0.001597088
0.043806445
0.033052985
0.72128683
0.020089664
0.104051225
0.10396288
0.06200608
0.1771376
0.14967936
0.40936065
0.028434545
0.001086264
0.0774698
0.012936312
0.323401
0.05067502
0.019732922
0.05354708
0.1847627
0.3010133
0.10394352
0.01056175
0.022505729
0.011084086
0.01435164
0.059587143
0.06456581
0.042109575
0.5181305
0.14192928
0.06113425
0.06356005
0.11981998
0.1812284
0.06481385
0.93365693
0.41127524
0.03988241
0.042803954
0.81860316
0.033232674
0.168677
0.094415754
0.07258812
0.24404353
0.0018672077
0.0072639682
0.015809337
0.098979115
0.018276842
0.0028149474
0.21422777
0.17437212
0.41643688
0.15013075
0.018896913
0.5323229
0.1670048
0.07510936
0.06316339
0.03393884
0.026207998
0.1814664
0.00059281196
0.057054717
0.0058465116
0.08956147
0.09625018
0.013155604
0.08450712
0.3784515
0.12811083
0.10483499
0.054407977
0.64184827
0.10113562
0.033467136
0.24185897
0.049067207
0.22669171
0.037661243
0.24745293
0.11833489
0.39804617
0.04787922
0.029207334
0.35915092
0.013289247
0.055437487
0.070526615
0.13921703
0.09220065
0.039121214
0.19718179
0.09559314
0.17131549
0.10077673
0.719851
0.26255667
0.051799506
0.074659005
0.15249734
0.0009032743
0.03880591
0.05807387
0.33019158
0.0024457846
0.05614277
0.07729752
0.08404301
0.016757073
0.019833768
0.018014252
0.03801888
0.010844673
0.06579769
0.041915834
0.018295059
0.32549357
0.04040242
0.5980484
0.040620342
0.007812533
0.017781565
0.03303097
0.42549098
0.18243563
0.24010168
0.038339548
0.021243516
0.009212713
0.23566836
0.08428125
0.08262497
0.19547287
0.09094483
0.0007018109
0.07674919
0.0017210328
0.1575933
0.0010977873
0.004082252
0.19701785
0.13925755
0.008743938
0.8307655
0.3634372
0.018054228
0.025256902
0.368343
0.23298143
0.11456978
0.60129315
0.9024796
0.050504588
0.073591515
0.0024121078
0.0965057
0.06413331
0.1505793
0.030041505
0.12742612
0.018786822
0.9041922
0.029762993
0.23090851
0.114244685
0.7916404
0.094315425
0.0011971085
0.07820448
0.21644074
0.171163
0.06681711
0.13516533
0.10813491
0.041121986
0.16445537
0.031180553
0.010855
0.13096443
0.019868486
0.7237876
0.09221097
0.00071507704
0.09474135
0.003412017
0.12567475
0.0053430074
0.0883532
0.00306409
0.98538625
0.3937014
0.24397726
0.08151486
0.06867459
0.11634296
0.02468097
0.053159148
0.005968097
0.025199236
0.0070375064
0.044093713
0.088002004
0.37999788
0.040232394
0.097818404
0.023061058
0.011865481
0.097695395
0.0508264
0.12159623
0.053968716
0.014009514
0.75344855
0.031038733
0.00194989
0.027374178
0.6227646
0.7755632
0.10351218
0.015197332
0.80675864
0.0034236703
0.033485044
0.026869955
0.0014348412
0.054290023
0.060213827
0.047871538
0.0025286328
0.47146627
0.07020536
0.006542754
0.035451952
0.025914513
0.16850828
0.0778406
0.50225776
0.26135826
0.033123404
0.10706269
0.075548105
0.033324778
0.56459457
0.037190415
0.061527453
0.03820803
0.677912
0.0016072019
0.16518071
0.06543013
0.4201241
0.11430821
0.08206827
0.1394582
0.03917054
0.03367819
0.026981272
0.028250393
0.10649229
0.022482898
0.013425052
0.041052606
0.03603291
0.7031427
0.05164082
0.054210663
0.05532244
0.426903
0.01957988
0.6551091
0.104175635
0.109867804
0.0006247757
0.035560787
0.010974897
0.041333918
0.042017136
0.094905324
0.029929942
0.19572556
0.13187954
0.21961366
0.017285833
0.66188747
0.8516787
8.3634455e-05
0.025416095
0.012527372
0.12085232
0.00017616786
0.15914367
0.41953945
0.23948191
0.09391919
0.054354765
0.04702979
0.055110265
0.24319193
0.6539011
0.0957626
0.042503815
0.3509398
0.05159678
0.09603406
0.017613225
0.15735754
0.18967853
0.5095345
0.03507343
0.06437028
0.21067433
0.119261175
0.05749062
0.0013375009
0.007166052
0.21878016
0.1733591
0.05884148
0.18605019
0.6551091
0.52823776
0.28035143
0.25868386
0.106756456
0.6304773
0.17214078
0.08568464
0.047953315
0.62315506
0.025497165
0.024953917
0.04446788
0.4124992
0.21954352
0.10118311
0.02298887
0.4542874
0.030178156
0.025368484
0.007970286
0.0046956996
0.13306111
0.024497002
0.0032877175
0.09063207
0.41006413
0.0018265202
0.064850636
0.044635396
0.5782931
0.90056026
0.044295955
0.0063899737
0.013898733
0.12121169
0.046031535
0.007577349
0.00093448436
0.1380146
0.68297756
0.013939657
0.08406545
0.041119013
0.12509038
0.23846328
0.12508945
0.16676632
0.5022849
0.20818053
0.37675637
0.015248393
0.02519315
0.007989142
0.2002832
0.090103686
0.05235029
0.011293095
0.40148622
0.10160146
0.2297463
0.015361721
0.11934106
0.00042255098
0.26569816
0.92735845
0.10739172
0.24180563
0.39759797
0.5840525
0.07486392
0.033739958
0.046471313
0.303148
0.10213709
0.00101758
0.078565344
0.111643694
0.11038213
0.043244522
0.006059943
0.068539314
0.020972798
0.03055352
0.7487038
0.19974743
0.116401725
0.17611481
0.64206415
0.026908584
0.31157753
0.0059129912
0.09056423
0.05526016
0.0052385363
0.052156292
0.28902894
0.18153627
0.045073826
0.13842854
0.02332613
0.041219793
0.018455744
0.24281289
0.02945169
0.27322146
0.04150228
0.048532724
0.038513772
0.13094541
0.01553405
0.0926464
0.11912354
0.7739702
0.3126264
0.032727495
0.12304214
0.6780808
0.21796577
0.8858981
0.5735896
0.1724286
0.025476191
0.01732292
0.12778966
0.021296404
0.0883623
0.70352995
0.035874847
0.3919014
0.018429803
0.034122687
0.031600043
0.05509928
0.022815837
0.07246
0.09533622
0.0003786213
0.08841273
0.56314605
0.009507817
0.04783572
0.26885167
0.5778015
0.0059204632
0.25053114
0.04145752
0.14594437
0.11130982
0.25917378
0.20989537
0.059201755
0.026286185
0.14472641
0.11805335
0.14464448
0.88178235
0.07107022
0.0120057
0.008271594
0.61073714
0.022192452
0.09708816
0.0045318617
0.0053289207
0.04450467
0.20002185
0.039827194
0.13895857
0.115835615
0.064584434
0.520934
0.057529066
0.032510296
0.0060776463
0.027984787
0.05197623
0.13308343
0.010953535
0.108919404
0.019766312
0.0040127337
0.054888345
0.015678898
0.07516451
0.05711296
0.20473045
0.022554444
0.039665475
0.006761641
0.51312685
0.00925411
0.114670396
0.05153122
0.5120687
0.056992132
0.049198996
0.099012285
0.2316237
0.13080703
0.030901149
0.090419255
0.09174259
0.002473456
0.002569511
0.015804337
0.058724523
0.21568257
0.0023648206
0.14774854
0.82063836
0.22690852
0.3156238
0.07370034
0.15650012
0.032320864
0.07393062
0.0906184
0.31437182
0.010934924
0.520851
0.08032403
0.15966503
0.29466704
0.035955213
0.042953607
0.19003679
0.9125011
0.4504989
0.890846
0.06593464
0.09869583
0.122517765
0.0766545
0.03979293
0.011875857
0.15190625
0.054580793
0.0065607736
0.09245931
0.07283181
0.027815938
0.016840493
0.19487792
0.07272733
0.05651965
0.0699693
0.29293823
0.050446678
0.072060436
0.0249974
0.0399424
0.70538366
0.96601146
0.01839539
0.1357204
0.15619513
0.0052776476
0.15850392
0.91911465
0.18446724
0.16162923
0.5752636
0.06751582
0.107985914
0.86053544
0.74009037
0.055425253
0.022985281
0.015943725
0.18669008
0.050103396
0.05950383
0.060374066
0.010349103
0.013580738
0.03338738
0.09195881
0.07104109
0.5799691
0.8741803
0.01623332
0.06949209
0.06843632
0.048060708
0.28862664
0.005728424
9.605697e-05
0.01781006
0.008468911
0.08981756
0.055546902
0.46336704
0.019199856
0.13208683
0.07484109
0.08967943
0.04376254
0.009687091
0.27467847
0.5786886
0.100012265
0.25386053
0.037128158
0.037468296
0.57275873
0.027248733
0.27099112
0.2288491
0.48490736
0.12547413
0.33055145
0.1903972
0.056336686
0.41569048
0.17564419
0.13371234
0.1907739
0.049199406
0.04538954
0.7884004
0.011392521
0.29790416
0.008796691
0.06747258
0.0043797703
0.027570104
0.08121347
0.16960257
0.036038537
0.060203068
0.049211726
0.35618377
0.6292784
0.030325469
0.056877207
0.03486438
0.08165724
0.17060634
0.58067364
0.079797
0.1298628
0.009553442
0.057331245
0.052381255
0.16098168
0.20169389
0.7576659
0.06926201
0.13292278
0.054462884
0.1462996
0.3411657
0.050736494
0.11730851
0.04400894
0.029884005
0.12874946
0.11489748
0.78810567
0.20404074
0.028770676
0.07505423
0.036525305
0.05863311
0.1440934
0.001802166
0.23804303
