0.817457 0.18254305
0.49288467 0.50711536
0.211869 0.788131
0.694335 0.30566502
0.31366524 0.6863348
0.76112634 0.23887365
0.1007051 0.89929485
0.7071422 0.2928578
0.26730448 0.7326955
0.023698209 0.97630185
0.027152551 0.97284746
0.26730448 0.7326955
0.27891946 0.72108054
0.0039687413 0.9960312
0.5671791 0.43282098
0.28047383 0.71952623
0.29416218 0.7058378
0.9034553 0.09654472
0.37190214 0.62809783
0.19446263 0.8055374
2.3787259e-06 0.9999976
0.15688087 0.84311914
1.0029893e-06 0.99999905
4.0980276e-06 0.99999595
0.13735957 0.86264044
0.46787748 0.5321225
5.243396e-05 0.99994755
0.0009955496 0.9990044
0.2740675 0.7259325
0.003049637 0.99695045
0.1414108 0.85858923
0.16236047 0.8376395
0.0282958 0.97170424
0.970687 0.029313017
0.55012137 0.4498786
0.008131813 0.9918682
0.700305 0.29969504
3.0265738e-07 0.99999964
0.0022672294 0.99773276
2.6741176e-08 1.0
0.0012093709 0.9987907
0.0564694 0.9435306
0.24760659 0.7523934
0.06701603 0.93298393
0.092581525 0.90741843
0.014517537 0.98548245
0.85940295 0.14059702
0.6871516 0.3128484
0.03922571 0.9607743
0.8504201 0.14957985
0.25076306 0.74923694
2.3829946e-06 0.9999976
0.34512246 0.65487754
2.2795277e-06 0.99999774
0.81956494 0.18043506
0.124807544 0.87519246
0.0033155126 0.9966845
0.33545646 0.6645435
0.08276874 0.91723126
0.7780807 0.22191925
0.8888032 0.1111968
0.32094318 0.6790569
0.011150174 0.9888498
0.43390024 0.56609976
1.6995533e-05 0.99998295
0.0008448746 0.99915516
0.0003980298 0.999602
0.17801419 0.82198584
0.0009141684 0.9990858
0.35632375 0.6436763
0.008843643 0.99115634
0.00026028196 0.9997397
0.9286153 0.071384706
0.41250676 0.58749324
0.023365429 0.97663456
0.00018729155 0.9998128
0.007676503 0.9923235
0.7722627 0.2277373
1.8889248e-05 0.99998116
0.0005037301 0.9994962
5.838645e-05 0.9999416
0.0068465755 0.99315345
0.0687988 0.9312012
0.8267752 0.17322479
0.26730448 0.7326955
0.3906936 0.6093064
0.8965004 0.10349957
0.0012632386 0.9987368
0.14340468 0.85659534
0.00045160865 0.9995484
0.36636105 0.633639
0.0045773173 0.99542266
0.30837223 0.6916278
0.011885933 0.98811406
0.030359196 0.9696408
0.91194874 0.08805126
0.12152065 0.87847936
3.311703e-05 0.99996686
0.34474653 0.6552535
0.5742464 0.42575353
0.12850459 0.8714954
0.0032834478 0.99671656
0.004910515 0.9950895
0.12412219 0.87587786
0.012769943 0.98723
0.53238136 0.46761864
0.000120503966 0.9998795
0.0051004672 0.9948996
0.10128996 0.89871
0.7966896 0.20331033
0.3302296 0.66977036
0.18162978 0.8183702
0.12252637 0.87747365
0.015018501 0.98498154
0.26730448 0.7326955
0.011237502 0.98876256
0.10828573 0.89171433
0.89951473 0.100485295
0.789399 0.21060097
0.8564455 0.14355448
3.6908306e-05 0.99996305
0.03806855 0.96193147
0.8520212 0.14797884
0.5062183 0.4937817
0.00064840564 0.99935156
0.16896473 0.83103526
0.72123486 0.27876517
0.78202534 0.21797468
0.022337979 0.977662
0.21998924 0.7800107
0.27358663 0.7264133
0.017532703 0.98246723
0.002426091 0.9975739
0.83946407 0.16053595
0.24776053 0.7522395
0.14486198 0.855138
0.007228916 0.9927711
0.33635885 0.6636412
0.07156958 0.9284304
0.02783055 0.97216946
4.9718014e-06 0.999995
0.008698752 0.99130124
0.10343476 0.89656526
0.8799369 0.12006313
0.29433897 0.70566106
0.03733717 0.9626628
1.1607829e-07 0.9999999
0.1636187 0.8363814
0.8764312 0.12356875
0.09983162 0.90016836
0.8619238 0.13807622
0.0006304321 0.99936956
0.08722666 0.9127734
0.2524483 0.7475517
0.8664692 0.13353084
0.7625436 0.23745643
0.64073735 0.35926262
0.6831916 0.3168083
0.02858305 0.97141695
0.010409341 0.9895907
0.026416551 0.9735834
0.76400214 0.2359979
0.2120851 0.7879149
0.048975404 0.95102465
0.89428866 0.10571135
0.65711427 0.3428857
0.28061777 0.7193822
1.3044495e-05 0.999987
0.13474692 0.8652531
0.06301118 0.93698883
0.051572815 0.9484272
0.3174613 0.6825387
0.38530418 0.6146958
1.6076674e-05 0.9999839
0.23974533 0.7602546
0.0507359 0.9492641
0.027849639 0.9721504
0.26730448 0.7326955
0.0151154725 0.9848845
0.0060667647 0.99393326
0.011111619 0.98888844
0.017715285 0.98228467
0.0069548152 0.99304515
0.07358869 0.9264113
0.04722516 0.9527748
0.06344627 0.9365538
0.48086405 0.5191359
0.0029436776 0.99705637
0.008619947 0.99138004
0.00020143279 0.9997986
7.770293e-08 0.9999999
2.9074981e-06 0.99999714
0.7671082 0.23289181
0.016671432 0.9833286
0.18285128 0.8171487
1.3473439e-06 0.9999987
0.3411864 0.6588136
0.06754117 0.9324589
0.120439954 0.87956005
0.025424946 0.97457504
0.14479144 0.8552085
0.20846488 0.7915351
3.6138163e-06 0.9999964
0.019738503 0.98026145
0.19920322 0.80079675
0.69164145 0.30835855
0.16565263 0.8343474
0.3966398 0.6033602
0.0076844105 0.99231553
0.06874726 0.9312527
0.0018562302 0.9981438
1.4500577e-06 0.99999857
0.26730448 0.7326955
0.20215431 0.7978456
0.0058354777 0.9941645
0.9425882 0.057411812
0.0116665 0.98833346
0.07058974 0.9294103
0.0014146522 0.99858534
0.06817326 0.9318267
0.005812741 0.99418724
0.12654863 0.8734514
0.017619107 0.98238087
0.1816449 0.8183551
7.4344585e-05 0.9999256
0.0026215732 0.99737847
0.0033365644 0.9966634
0.14507511 0.85492486
0.48633716 0.5136629
0.02834547 0.9716545
0.0042671463 0.99573284
0.096293874 0.90370613
0.5813708 0.41862917
0.0014173721 0.9985826
0.119968295 0.88003165
0.42241123 0.57758874
0.34191638 0.6580836
0.0027567921 0.99724317
0.000790256 0.99920976
8.70797e-06 0.9999913
0.69619167 0.30380836
0.42700785 0.57299215
7.827903e-09 1.0
0.15453798 0.845462
0.12250571 0.87749434
0.8283631 0.17163692
0.08180891 0.918191
0.8591087 0.14089125
0.83387226 0.16612774
9.474802e-12 1.0
0.017437663 0.9825623
0.9782388 0.02176115
0.001727827 0.9982722
0.23782615 0.76217383
0.10068023 0.8993197
0.004669329 0.9953307
0.009798046 0.990202
0.8375201 0.16247994
0.16956173 0.83043826
0.103577316 0.8964227
6.0412596e-05 0.99993956
1.7272276e-05 0.9999827
0.28990427 0.7100957
0.021874083 0.9781259
0.51422024 0.48577982
0.098121345 0.90187865
0.037597712 0.9624023
0.61247325 0.38752678
0.4742384 0.5257616
0.0050767753 0.9949233
0.19673498 0.8032651
0.76305795 0.23694208
0.74222755 0.25777248
0.26730448 0.7326955
0.39468864 0.60531133
0.013288234 0.98671174
0.0026368909 0.99736315
0.16005273 0.8399473
0.90299636 0.09700361
9.331118e-07 0.99999905
0.000106477084 0.99989355
0.9229116 0.07708843
1.0558743e-05 0.9999894
0.15555978 0.84444016
0.0600822 0.93991774
0.07309126 0.9269088
0.0036246188 0.9963754
0.011642762 0.98835725
0.009636611 0.9903634
0.000936538 0.99906343
0.0004774928 0.99952257
0.049823135 0.9501769
1.9277417e-07 0.99999976
0.00041032291 0.99958974
2.9862998e-05 0.9999701
0.00032492864 0.99967504
0.6669838 0.33301625
0.8175648 0.18243517
0.8159942 0.18400575
3.7028397e-07 0.99999964
0.13055728 0.86944276
0.028533591 0.9714665
0.045078762 0.95492125
0.0009944708 0.9990055
0.00018729654 0.9998128
0.00025719398 0.9997428
0.12560898 0.87439096
0.8801145 0.11988548
0.19417733 0.80582273
6.5953394e-09 1.0
0.0006324424 0.99936754
0.47386676 0.5261333
0.009999707 0.9900003
0.12167368 0.8783263
0.0144598745 0.9855401
3.837294e-07 0.99999964
0.42728022 0.5727198
0.00012920963 0.9998708
0.03224824 0.9677518
0.035776842 0.9642231
0.12968527 0.8703148
0.107071415 0.8929286
0.47473022 0.52526975
0.17858855 0.8214114
0.031379562 0.9686205
0.03532943 0.96467054
0.004084604 0.99591535
0.17523071 0.82476926
0.47793597 0.52206403
0.057676177 0.9423238
0.026159009 0.973841
0.009672089 0.9903279
0.032054633 0.9679454
0.25957978 0.7404202
0.26730448 0.7326955
0.0022804877 0.99771947
0.86033845 0.13966157
0.0013040086 0.998696
0.0015498874 0.99845004
1.2584748e-07 0.9999999
0.00020092043 0.9997991
1.2033018e-09 1.0
0.46759424 0.5324058
0.017455705 0.98254436
0.949765 0.05023492
0.07739328 0.9226067
0.15471278 0.8452872
0.06966508 0.930335
0.0056461794 0.9943538
0.07385109 0.92614883
0.00022849493 0.99977154
0.0001087087 0.9998913
0.5897318 0.41026825
0.08467188 0.91532815
0.0057905265 0.9942095
0.769101 0.23089898
0.26730448 0.7326955
0.7532196 0.24678047
0.022459358 0.9775407
0.41537952 0.58462054
0.17139198 0.82860804
0.0242957 0.9757043
1.0561659e-08 1.0
0.9874126 0.012587445
0.22526029 0.7747398
0.0001587718 0.9998412
0.69571644 0.30428356
0.0039874404 0.99601257
0.126961 0.87303907
0.04554765 0.95445234
0.016026327 0.9839737
0.047745712 0.9522543
0.00018178589 0.99981827
0.92125106 0.07874893
0.016646765 0.98335326
0.005704671 0.9942953
2.8674103e-08 1.0
0.10755328 0.8924467
0.26730448 0.7326955
0.8697721 0.13022795
0.0032848828 0.9967152
0.39880607 0.6011939
0.89660674 0.10339326
1.3547783e-06 0.9999987
0.00085831975 0.9991417
0.85970336 0.1402966
0.44774073 0.5522593
0.9675908 0.032409158
0.00054603023 0.99945396
0.003981198 0.9960188
0.0010820348 0.99891794
0.15521027 0.8447897
0.8235767 0.17642325
7.221769e-05 0.99992776
0.4418402 0.55815977
0.0024622374 0.99753773
0.21635161 0.7836484
0.11676048 0.8832395
0.13324389 0.86675614
1.9151675e-07 0.99999976
0.008145177 0.9918548
0.47451037 0.5254897
0.051777218 0.94822276
0.00019323216 0.9998068
1.1261648e-05 0.9999888
0.0007259481 0.9992741
0.040656894 0.9593431
0.15181716 0.84818286
0.0021128743 0.9978871
0.00014347353 0.9998565
0.025065184 0.9749348
0.0043441597 0.9956559
0.08516531 0.91483474
0.4790852 0.52091473
0.15790963 0.84209037
0.18551624 0.81448376
0.5265177 0.47348237
0.21794905 0.78205097
0.8868217 0.1131783
0.07371784 0.9262822
0.11663644 0.8833636
0.13465473 0.8653452
0.11141832 0.88858163
0.052408937 0.9475911
0.6031767 0.39682332
3.7604055e-05 0.99996245
0.00037530655 0.9996247
0.011258045 0.98874193
0.01990883 0.98009115
0.15908298 0.840917
1.4611165e-05 0.99998534
0.31843734 0.6815626
0.041656002 0.958344
0.018596869 0.9814031
0.0637515 0.93624854
1.8682098e-05 0.9999813
0.0010659796 0.998934
0.09793576 0.9020643
0.2742098 0.7257902
0.41922823 0.58077186
0.13326918 0.86673087
0.51845556 0.48154446
0.00037631576 0.99962366
0.8845679 0.11543208
0.4560937 0.5439063
0.18392642 0.8160736
0.68238825 0.3176118
0.4825663 0.51743376
0.3907711 0.6092289
0.26730448 0.7326955
0.29057848 0.70942146
0.001198399 0.9988016
0.011264819 0.98873514
0.31003958 0.68996036
0.47842562 0.5215744
0.017484892 0.9825151
0.03600458 0.9639954
8.889949e-05 0.99991107
0.10096832 0.89903176
0.09047861 0.9095214
0.76884806 0.23115197
0.007032683 0.99296737
4.0687406e-19 1.0
0.8862548 0.113745235
0.0006550034 0.999345
0.01661018 0.9833898
0.008934246 0.9910657
0.005515116 0.99448484
0.29105696 0.708943
4.2267622e-16 1.0
0.47646984 0.5235302
0.021595592 0.97840434
0.08023552 0.91976446
0.15035507 0.8496449
2.8205505e-07 0.99999976
0.22863592 0.77136415
4.3373973e-05 0.9999566
0.09662997 0.90337
0.0040646633 0.9959353
0.45307025 0.5469297
0.94428587 0.05571414
0.16123256 0.83876747
0.00011895755 0.999881
0.77007246 0.22992757
0.50876456 0.49123544
0.05059942 0.94940054
3.5578324e-08 1.0
0.6635608 0.3364392
0.00082836516 0.9991716
0.99302316 0.0069767893
0.11166368 0.88833636
0.07964559 0.9203544
0.5719854 0.42801455
0.026709966 0.9732901
0.49668828 0.5033118
0.23166364 0.76833636
0.84384006 0.15615994
6.6995e-05 0.999933
0.41587853 0.58412147
0.05674878 0.94325125
0.0021499863 0.99785006
0.014477078 0.985523
3.0420399e-05 0.9999696
0.86416805 0.13583192
0.030781353 0.9692187
0.07898969 0.9210103
0.6210739 0.37892607
0.871182 0.12881804
0.0010750664 0.9989249
0.6587114 0.3412886
0.031178305 0.96882176
0.011857404 0.98814255
0.37285802 0.62714195
0.0009885374 0.9990114
0.043994155 0.9560058
0.069790624 0.9302094
0.9332835 0.066716515
0.0104179345 0.98958206
0.4517727 0.5482273
4.4530316e-05 0.9999554
0.00022231482 0.99977773
0.006797976 0.99320203
0.66906756 0.3309324
0.25198147 0.7480185
1.381784e-08 1.0
0.00010935394 0.9998907
0.050747383 0.9492526
0.071239434 0.9287605
8.866679e-08 0.9999999
0.058405574 0.9415944
0.009137926 0.99086213
0.10671962 0.89328045
0.0032053813 0.99679464
0.12132089 0.8786791
0.16498262 0.8350174
0.88522035 0.11477963
0.041979097 0.95802087
0.16062169 0.83937836
0.7586449 0.24135508
1.0140507e-05 0.99998987
0.00027257684 0.9997274
6.7264186e-06 0.9999933
0.0009247643 0.9990752
0.00036289403 0.9996371
0.0002813954 0.9997186
0.3922192 0.60778075
0.26730448 0.7326955
0.1145948 0.88540524
0.002169924 0.9978301
0.03413952 0.9658604
0.6784509 0.32154918
0.26730448 0.7326955
0.0044027017 0.9955973
0.00020410388 0.999796
0.9112841 0.088715926
0.12755668 0.8724433
0.74804354 0.25195646
0.0019032302 0.99809676
0.0017536225 0.99824643
0.21785621 0.7821438
0.00027165844 0.9997284
0.6059731 0.3940269
0.0035947163 0.99640536
0.0015177195 0.9984823
0.00035247472 0.9996475
4.7166895e-07 0.9999995
0.15998685 0.84001315
0.872657 0.12734307
0.01727003 0.98273003
0.2167892 0.7832109
0.31021714 0.68978286
0.034095965 0.96590406
0.030323753 0.96967626
0.6510295 0.3489705
0.8740977 0.12590232
0.31895354 0.68104655
0.052744217 0.94725573
0.046786416 0.9532135
0.002841037 0.997159
0.41518322 0.58481675
0.89069384 0.10930612
0.7431423 0.25685775
0.019789573 0.9802105
0.042658143 0.9573418
0.16313559 0.83686435
0.0031390814 0.996861
0.13156332 0.86843663
0.053687215 0.94631284
0.7923595 0.20764056
0.8697341 0.13026595
0.5040963 0.49590367
0.0021291452 0.9978708
6.4600367e-06 0.99999356
0.013721778 0.98627824
0.123282574 0.87671745
0.0987543 0.9012458
0.4342097 0.5657903
1.0044529e-05 0.99999
0.7354464 0.2645536
0.09728938 0.9027106
0.30638617 0.69361377
0.023487465 0.97651255
0.7362108 0.26378915
8.1348175e-05 0.9999187
0.000846909 0.99915314
0.12362152 0.8763785
0.2490447 0.75095534
0.6971277 0.30287233
0.26730448 0.7326955
0.49432814 0.50567186
0.7315975 0.26840255
2.4911767e-05 0.9999751
0.13116227 0.8688377
9.731008e-05 0.9999027
0.39162037 0.60837966
0.3764676 0.62353235
0.3990173 0.6009827
0.28850755 0.7114924
0.009520902 0.99047905
0.0010051382 0.9989949
0.04131854 0.9586814
0.017495822 0.9825042
0.00021273698 0.9997873
0.0056659607 0.9943341
9.164785e-11 1.0
0.3608087 0.6391913
0.00073751115 0.9992625
0.03797831 0.9620217
0.0877186 0.9122814
0.4812732 0.51872677
7.668037e-05 0.99992335
0.32456645 0.6754336
0.3791788 0.6208212
0.2312587 0.7687413
0.15279423 0.84720576
0.0013807057 0.9986193
6.483809e-07 0.9999994
0.03879435 0.96120566
4.637762e-07 0.9999995
0.025580792 0.9744192
0.0017699306 0.99823004
0.017567366 0.9824326
0.7606432 0.23935683
0.011261326 0.98873866
0.81926787 0.18073212
0.15447618 0.8455238
0.06276637 0.93723357
0.26102954 0.73897046
0.78703785 0.21296218
0.25953957 0.7404604
6.2404204e-14 1.0
0.00995786 0.9900421
0.017466068 0.9825339
0.000337234 0.99966276
0.15130414 0.8486958
0.02072742 0.9792726
0.03529469 0.96470535
0.33764726 0.66235274
3.4152354e-08 1.0
0.3509375 0.6490625
0.00096079457 0.9990393
0.0008314731 0.9991685
0.09184535 0.9081546
0.008414673 0.9915854
0.10061172 0.89938825
0.31581643 0.6841836
0.00021768158 0.9997824
0.6104725 0.38952747
0.0003675806 0.99963236
0.00019778778 0.9998023
0.00032349137 0.99967647
0.21248202 0.787518
0.0020124824 0.9979875
0.00023346506 0.9997665
0.049323104 0.950677
5.416438e-05 0.9999459
0.86640733 0.13359267
0.62582374 0.3741763
0.26017475 0.73982525
0.26730448 0.7326955
0.004908717 0.9950913
0.6224347 0.37756535
0.8112117 0.18878828
0.15461011 0.8453899
0.55616146 0.44383854
0.1987611 0.80123895
0.011778665 0.98822135
0.3681987 0.6318013
0.35201573 0.64798427
0.119210325 0.88078964
0.079094835 0.9209052
0.06476032 0.9352397
0.02041346 0.97958654
0.051880393 0.94811964
0.36890516 0.6310949
0.29646644 0.7035336
2.354621e-06 0.9999976
0.22224085 0.7777592
0.0007790913 0.99922085
0.5135006 0.48649946
3.8872136e-07 0.99999964
0.81200856 0.18799146
0.124802195 0.87519777
0.049038757 0.95096123
0.045188602 0.9548114
0.00013789478 0.9998621
0.2770181 0.7229819
0.22500448 0.7749955
0.83827496 0.1617251
0.051287707 0.9487123
0.0008662525 0.99913377
0.013227377 0.9867726
0.50958854 0.4904115
0.26730448 0.7326955
0.00874803 0.991252
0.00012589738 0.9998741
0.04582509 0.95417494
0.24616265 0.75383735
0.055355147 0.94464487
0.2776853 0.72231466
0.5246683 0.4753318
0.9048696 0.095130466
1.1806039e-05 0.9999882
0.0024691713 0.9975309
0.1729935 0.82700646
0.11921634 0.8807836
0.26730448 0.7326955
0.00027152378 0.9997285
0.534946 0.46505398
0.0140510695 0.9859489
0.0028551978 0.99714476
0.090952374 0.90904766
0.5521535 0.44784644
0.09251981 0.9074802
0.3742951 0.6257049
0.017745357 0.9822547
0.5451169 0.45488307
0.2284769 0.7715231
0.81983256 0.18016742
0.866535 0.13346498
0.37089235 0.62910765
1.7574915e-06 0.9999982
0.005699129 0.99430084
0.80214566 0.1978544
0.0019905327 0.9980095
0.830163 0.16983695
0.00017286306 0.9998272
0.012569779 0.9874303
0.972366 0.027634025
0.8239901 0.17600992
0.00031071773 0.99968934
0.08875939 0.91124064
0.082802996 0.91719705
0.023666576 0.97633344
0.7288013 0.27119866
0.24877866 0.75122136
0.024404628 0.97559536
0.26730448 0.7326955
0.061860625 0.9381394
0.0035300679 0.99647
0.00122601 0.998774
0.9301615 0.06983856
0.0014872935 0.9985127
0.009245907 0.9907541
0.2232518 0.7767482
0.24054445 0.75945556
0.00022577729 0.9997743
0.0475381 0.9524619
0.00095510785 0.99904484
0.00036523296 0.99963474
0.16507849 0.8349215
0.069853485 0.9301465
0.28526023 0.71473974
0.017126095 0.982874
6.756943e-05 0.9999324
0.039723422 0.96027654
0.007347371 0.99265265
0.0019229806 0.99807703
0.057811867 0.94218814
1.4915967e-07 0.9999999
0.026835626 0.9731644
0.102457576 0.8975424
0.0018716502 0.99812835
0.22479507 0.7752049
0.00038721508 0.99961287
0.29531157 0.70468843
0.8741024 0.1258976
0.23552217 0.76447785
0.028060662 0.9719393
0.35458928 0.6454107
2.5027019e-05 0.99997497
0.7073898 0.2926102
0.8722706 0.12772937
0.8109337 0.1890663
0.63268626 0.36731374
5.3358253e-05 0.9999466
0.6562029 0.34379712
0.26730448 0.7326955
0.038869537 0.96113044
0.027871128 0.97212887
0.007979889 0.9920201
0.014139246 0.9858607
0.017002515 0.98299754
0.7745502 0.22544979
0.007970737 0.9920292
0.023331292 0.9766688
2.1842017e-05 0.9999782
0.00055208174 0.9994479
0.19378035 0.8062197
0.030397737 0.9696023
0.0019230474 0.9980769
0.0007355833 0.9992644
0.7427179 0.2572821
0.16683504 0.83316493
0.023842225 0.9761578
1.2061706e-07 0.9999999
0.00028776238 0.99971217
0.08863101 0.91136897
0.0031213465 0.9968786
0.022228535 0.9777714
0.0012504571 0.9987495
0.0037546502 0.9962453
0.26730448 0.7326955
0.05619678 0.94380325
0.25035325 0.7496468
0.7538644 0.24613565
2.528296e-07 0.99999976
0.22957203 0.770428
0.47660005 0.52339995
0.672595 0.32740495
0.812945 0.18705502
2.5767766e-05 0.99997425
0.12592109 0.8740789
0.0012688508 0.9987312
0.6760031 0.32399693
0.00981992 0.99018013
0.043667495 0.95633245
0.23206902 0.767931
0.53087986 0.46912014
0.00989755 0.9901024
0.05498498 0.945015
0.8880577 0.11194229
0.18137598 0.818624
0.3480976 0.6519024
0.72877705 0.27122295
0.4504311 0.54956883
0.3429986 0.65700144
0.3753337 0.6246663
0.044823125 0.9551769
0.17528668 0.82471335
0.071912855 0.9280871
0.3047294 0.6952706
0.2461546 0.75384533
0.12850146 0.8714986
0.064526126 0.9354739
0.40579703 0.59420294
0.52531105 0.47468892
0.17885363 0.82114637
0.00032198924 0.999678
0.10241115 0.89758885
1.5065563e-06 0.99999845
0.00015690395 0.9998431
0.2518809 0.74811906
0.004528391 0.9954716
0.22491002 0.77509
0.00060724485 0.99939275
0.073660664 0.92633927
0.17519963 0.8248004
0.059455637 0.94054437
0.01658785 0.98341215
0.0015686348 0.9984314
2.6813138e-08 1.0
0.00054602505 0.99945396
6.6690586e-10 1.0
0.001307492 0.9986926
0.75615835 0.24384166
0.2807516 0.71924835
0.9166909 0.08330911
0.62485224 0.3751478
0.0008207951 0.9991792
0.97593665 0.024063338
0.003516698 0.9964833
0.052412346 0.94758767
0.018945664 0.9810543
0.095043026 0.90495694
0.034807857 0.9651921
0.84971774 0.15028226
0.5618624 0.4381376
0.00049910194 0.9995009
0.82173955 0.1782605
0.0013373812 0.9986626
0.087221794 0.9127782
0.561956 0.43804404
6.644744e-05 0.9999336
0.05916347 0.94083655
0.9502857 0.049714256
0.0008595801 0.9991404
9.525119e-05 0.99990475
5.439884e-08 1.0
0.18388505 0.81611496
0.00025595786 0.999744
0.11473949 0.88526046
0.0033979686 0.99660206
0.045448583 0.9545514
0.3803165 0.6196835
0.12809536 0.8719047
0.1425703 0.8574296
0.040691353 0.9593086
0.2171171 0.78288287
2.7304795e-10 1.0
0.77329606 0.22670396
6.6568655e-06 0.9999933
0.018451246 0.9815487
0.0011332937 0.9988667
0.38220644 0.6177935
0.9123008 0.08769914
0.26730448 0.7326955
0.2022487 0.7977513
0.08788408 0.91211593
0.50042236 0.49957764
0.044466168 0.95553386
0.048561204 0.9514387
0.03123901 0.96876097
0.008586317 0.9914137
0.01464161 0.98535836
0.5485794 0.45142058
0.8860673 0.113932736
0.1943739 0.80562615
0.08509031 0.9149097
2.384965e-07 0.99999976
0.5659323 0.43406773
0.01020613 0.9897939
0.87713474 0.122865275
0.8832911 0.116708845
0.31027412 0.68972594
0.014473084 0.9855269
0.38021806 0.6197819
2.1369233e-11 1.0
6.55111e-05 0.99993443
0.18189302 0.818107
1.5739993e-10 1.0
0.26730448 0.7326955
0.17141105 0.82858896
0.0027623328 0.9972377
0.0007686324 0.99923134
0.43658128 0.5634187
0.022168614 0.97783136
0.000541149 0.99945885
0.020716028 0.9792839
0.9190895 0.08091054
0.014552131 0.9854478
0.07153737 0.9284626
0.7802282 0.21977179
0.8111188 0.18888123
0.003180483 0.9968195
0.73278683 0.26721317
0.19424781 0.8057522
0.01596408 0.9840359
1.2854076e-07 0.9999999
0.32817018 0.6718298
0.33012503 0.66987497
0.8365009 0.16349915
0.00042609696 0.9995739
5.55093e-05 0.99994445
0.87945974 0.120540276
0.49124733 0.5087527
0.6383814 0.36161855
0.32657948 0.6734205
1.5856925e-08 1.0
0.94580483 0.05419511
0.034397107 0.96560293
0.010440981 0.98955905
0.028392762 0.9716072
0.010922837 0.9890772
6.037249e-12 1.0
0.07750838 0.9224916
0.4630787 0.5369214
0.9641301 0.03586992
0.9906481 0.009351958
0.20973389 0.7902661
2.4877071e-08 1.0
0.009273436 0.9907266
0.90066594 0.09933406
0.26252976 0.7374702
0.070995934 0.92900413
0.003730081 0.99626994
0.0005495745 0.9994504
0.000106682885 0.9998933
0.000339938 0.99966
0.06279045 0.9372095
0.15513006 0.8448699
0.62654996 0.37345007
0.08407806 0.91592187
0.107493505 0.89250654
0.8715884 0.12841155
0.46207604 0.537924
0.0042587724 0.99574125
0.00012019205 0.99987984
0.031308983 0.968691
0.0018670418 0.998133
0.26730448 0.7326955
0.028025724 0.97197425
1.5103935e-05 0.99998486
0.22961614 0.77038383
0.019132636 0.9808673
0.72648406 0.27351603
0.014573413 0.98542655
0.4174627 0.5825373
0.40960148 0.59039843
0.8643374 0.13566262
0.93116474 0.06883526
0.26730448 0.7326955
0.24688578 0.7531142
0.810747 0.18925297
0.90884674 0.091153234
0.034006596 0.96599334
0.08454363 0.9154564
0.22190681 0.7780931
5.56282e-07 0.9999994
1.702254e-05 0.99998295
0.001912989 0.99808705
0.00512212 0.9948778
0.20045789 0.7995421
0.7331566 0.2668434
0.18360226 0.8163978
0.09724082 0.9027592
0.3098325 0.6901675
7.513048e-08 0.9999999
0.8004111 0.1995889
0.00031355966 0.9996865
0.06327897 0.93672097
0.00029555245 0.9997044
0.082582355 0.91741765
0.014062807 0.9859372
0.0014719904 0.998528
0.061955858 0.93804413
1.2908493e-05 0.9999871
0.0024116463 0.9975884
0.104077324 0.89592266
0.099537924 0.90046215
0.83156896 0.1684311
0.030256273 0.9697437
0.026565807 0.9734342
0.1281577 0.87184227
0.07708348 0.92291653
0.09667244 0.9033276
0.7242581 0.27574193
0.0018681244 0.99813193
0.97154015 0.02845982
0.5785997 0.42140034
0.0074619786 0.99253803
0.03193663 0.96806335
1.1796526e-08 1.0
0.0051149125 0.994885
0.009004991 0.990995
0.37328166 0.6267183
0.0065745185 0.9934255
1.9466596e-07 0.99999976
0.47041336 0.52958655
0.7874882 0.21251182
0.10286806 0.8971319
0.26730448 0.7326955
0.1636627 0.8363373
0.72585416 0.27414578
0.0482543 0.95174575
0.015674034 0.98432595
0.26730448 0.7326955
0.1851867 0.8148133
0.08195618 0.91804385
0.013814775 0.98618525
0.0059718383 0.9940282
0.21278143 0.7872186
0.07284875 0.92715126
0.062007632 0.93799233
0.22658971 0.7734103
2.0274088e-05 0.99997973
0.6380348 0.36196518
2.299861e-05 0.999977
0.056541115 0.94345886
0.071732454 0.92826754
0.0021463507 0.9978536
0.004603548 0.99539644
0.008342056 0.9916579
0.14244121 0.8575587
0.64329785 0.3567021
4.8559077e-06 0.9999951
0.0002190409 0.99978095
0.14356904 0.856431
0.0004116899 0.9995883
0.05807699 0.941923
5.8404083e-07 0.9999994
0.05042167 0.9495783
0.002120517 0.9978795
0.0009637375 0.9990363
0.08920917 0.91079086
0.77404904 0.2259509
0.08708935 0.91291064
1.8711378e-06 0.9999981
0.008320801 0.99167913
0.0017846021 0.99821544
0.010991803 0.9890082
0.0050023366 0.9949976
0.12251202 0.877488
0.002814523 0.9971854
0.012732552 0.98726743
0.0033590484 0.9966409
0.0020720037 0.997928
0.19987428 0.80012566
0.14380541 0.8561946
0.000698675 0.9993013
0.103539795 0.8964602
0.0076962262 0.9923038
0.0060195923 0.9939804
0.8945587 0.10544125
0.13928346 0.8607165
0.26730448 0.7326955
0.31867942 0.68132055
0.05320742 0.9467926
0.88084275 0.11915727
0.8711969 0.12880309
0.8312378 0.1687622
0.905573 0.09442699
0.49596676 0.5040332
0.8815403 0.118459664
0.85059184 0.14940818
0.96453875 0.03546128
0.9873849 0.0126150735
0.91543823 0.08456176
0.80265075 0.19734924
0.96754396 0.032456014
0.92452765 0.075472355
0.8718895 0.12811053
0.5785773 0.42142272
0.9518858 0.048114233
0.92134726 0.07865275
0.80576205 0.19423796
0.96752006 0.03247992
0.8118978 0.18810222
0.70606023 0.29393974
0.8670425 0.13295756
0.19094566 0.8090544
0.2730967 0.7269033
0.85305375 0.1469463
0.85624254 0.14375754
0.85637724 0.1436228
0.84130245 0.15869758
0.8042303 0.19576979
0.8561873 0.14381269
0.55977136 0.4402286
0.9902864 0.009713603
0.84332025 0.15667975
0.47690797 0.5230921
0.82490504 0.17509499
0.96508694 0.034913085
0.6108201 0.38917986
0.91006243 0.089937575
0.89698285 0.10301711
0.97871953 0.021280438
0.78680456 0.21319547
0.86247927 0.13752076
0.85845274 0.14154728
0.6248429 0.3751571
0.29827416 0.7017259
0.98784804 0.012151943
0.9093278 0.09067219
0.9585412 0.041458767
0.983748 0.016251994
0.6821045 0.31789547
0.9317313 0.068268664
0.7378237 0.26217625
0.96428716 0.035712782
0.97663647 0.023363564
0.95844424 0.041555744
0.88133425 0.118665725
0.9794447 0.020555303
0.9232241 0.076775916
0.7444676 0.25553238
0.86986786 0.1301322
0.8443965 0.15560345
0.981159 0.018840982
0.2022836 0.79771644
0.9139613 0.08603876
0.77303976 0.22696023
0.74748105 0.25251895
0.76270986 0.23729013
0.7453541 0.25464588
0.30895182 0.69104815
0.8993172 0.10068276
0.78439754 0.21560238
0.9442048 0.05579523
0.85359746 0.1464025
0.65641385 0.34358612
0.59259784 0.40740213
0.8386815 0.16131847
0.9720634 0.027936563
0.89617705 0.10382296
0.8832237 0.11677626
0.42143515 0.5785649
0.8303869 0.16961314
0.88867474 0.11132525
0.77296287 0.22703715
0.67485285 0.32514712
0.14575607 0.85424393
0.8403377 0.15966234
0.7938016 0.20619844
0.8612738 0.13872622
0.91705865 0.0829413
0.9028974 0.09710251
0.96160907 0.038390953
0.96441776 0.035582207
0.8536369 0.1463631
0.8150956 0.18490437
0.7837656 0.21623442
0.71858466 0.28141528
0.8410693 0.15893076
0.84190524 0.15809476
0.7931467 0.20685321
0.96672183 0.03327819
0.26730448 0.7326955
0.41526216 0.58473784
0.8057559 0.19424412
0.86523473 0.13476533
0.9780166 0.021983419
0.7887053 0.21129476
0.27154437 0.7284556
0.88009596 0.11990403
0.84074086 0.15925911
0.9382862 0.06171376
0.747191 0.25280902
0.91509855 0.084901445
0.83693266 0.16306727
0.95651543 0.043484565
0.6194824 0.38051763
0.93411887 0.0658811
0.89810705 0.10189297
0.21664307 0.7833569
0.9026981 0.097301975
0.98151094 0.018489063
0.8881097 0.11189032
0.9498615 0.050138485
0.9046222 0.09537779
0.9119272 0.08807279
0.9383939 0.061606057
0.9462031 0.0537969
0.40795004 0.59204996
0.9160485 0.08395154
0.88109815 0.118901804
0.91522896 0.084770985
0.94193095 0.0580691
0.7530545 0.24694546
0.90907294 0.09092706
0.57206124 0.42793873
0.97897196 0.02102809
0.3023129 0.6976871
0.93561125 0.06438873
0.91333544 0.0866646
0.76104486 0.23895513
0.86324906 0.13675098
0.8034901 0.19650991
0.86653847 0.13346152
0.9915229 0.008477055
0.83495104 0.16504891
0.7422531 0.2577469
0.53151405 0.46848592
0.93671316 0.0632869
0.8716375 0.12836252
0.8799949 0.12000512
0.964843 0.035157092
0.91884226 0.08115771
0.8312134 0.16878666
0.94401735 0.055982698
0.5393098 0.4606902
0.2825169 0.7174831
0.26024163 0.7397583
0.45608598 0.543914
0.010168837 0.98983115
0.9285536 0.07144643
0.9879209 0.012079161
0.9634622 0.036537822
0.49923387 0.50076616
0.9388173 0.061182667
0.9442081 0.05579196
0.96913797 0.030862024
0.93009526 0.06990472
0.895561 0.10443903
0.90328544 0.096714586
0.9977222 0.0022778085
0.8240657 0.1759343
0.24868473 0.7513153
0.77500415 0.22499587
0.95489895 0.045101028
0.9425034 0.05749668
0.82101995 0.17898008
0.89937913 0.100620836
0.9910822 0.008917813
0.8882308 0.11176915
0.82172334 0.17827663
0.846947 0.15305294
0.8744469 0.12555301
0.7559963 0.24400373
0.6919234 0.3080766
0.9162601 0.083739914
0.8862753 0.1137247
0.4781021 0.5218979
0.6649769 0.33502308
0.9595914 0.040408608
0.815553 0.18444696
0.8197527 0.18024728
0.84984726 0.15015268
0.7627358 0.23726422
0.6790845 0.32091552
0.8929732 0.107026845
0.67247355 0.32752642
0.8719776 0.12802234
0.9471714 0.0528287
0.8808771 0.11912294
0.44938913 0.5506109
0.92922074 0.070779316
0.36890516 0.6310949
0.5965285 0.4034715
0.25805047 0.7419495
0.91625553 0.083744474
0.6414225 0.35857743
0.24332307 0.7566769
0.9027763 0.097223744
0.31165507 0.68834496
0.78865546 0.21134458
0.9463822 0.053617734
0.8239466 0.17605333
0.45182052 0.54817945
0.2144466 0.7855534
0.72917914 0.27082083
0.04339841 0.9566016
0.9375599 0.062440123
0.9746635 0.025336552
0.863536 0.13646403
0.35690665 0.6430933
0.84259605 0.15740396
0.782492 0.21750803
0.8794106 0.12058943
0.9389667 0.061033335
0.862671 0.13732894
0.90992284 0.09007716
0.7556128 0.24438721
0.2222793 0.77772075
0.9471918 0.0528082
0.9766871 0.023312978
0.44280717 0.5571928
0.92795455 0.07204545
0.9460645 0.053935543
0.9374237 0.06257636
0.891321 0.108679034
0.6657681 0.3342319
0.9734588 0.026541242
0.93042743 0.069572575
0.95628667 0.043713257
0.7985018 0.20149817
0.44704813 0.55295193
0.38532573 0.61467427
0.51931447 0.48068547
0.93088603 0.0691139
0.84239024 0.15760973
0.8700983 0.12990172
0.7869266 0.21307334
0.8733418 0.12665816
0.8838971 0.11610282
0.976772 0.023227941
0.9026737 0.09732631
0.587994 0.41200602
0.8660083 0.13399178
0.7338056 0.26619437
0.45112208 0.54887795
0.49417952 0.50582045
0.64961666 0.35038328
0.97992355 0.02007648
0.91984266 0.08015733
0.9168688 0.08313117
0.46310505 0.536895
0.9912191 0.008780898
0.9712451 0.02875486
0.7552655 0.24473451
0.8561415 0.14385852
0.9997657 0.00023430018
0.30382425 0.69617575
0.8789996 0.12100033
0.8802967 0.11970333
0.24214783 0.75785214
0.8779369 0.12206314
0.2275024 0.7724976
0.913318 0.086682
0.3652741 0.63472587
0.9041414 0.09585852
0.96192473 0.03807522
0.9127916 0.08720836
0.92591894 0.07408107
0.9448482 0.05515182
0.43991017 0.5600898
0.671194 0.32880598
0.615035 0.384965
0.7603474 0.2396526
0.89972675 0.10027318
0.35599127 0.64400876
0.07956516 0.9204348
0.93648434 0.063515715
0.67407626 0.3259237
0.9101826 0.08981743
0.8274644 0.17253566
0.79260546 0.2073946
0.9075598 0.09244015
0.924369 0.07563098
0.5863753 0.41362473
0.97798616 0.022013877
0.7986262 0.2013738
0.7995471 0.20045298
0.92337966 0.07662032
0.89614266 0.10385735
0.8526126 0.14738746
0.9709452 0.02905486
0.8459386 0.15406145
0.7297466 0.2702534
0.9851549 0.014845025
0.96590346 0.034096554
0.83110726 0.1688928
0.96797156 0.03202849
0.83956116 0.16043882
0.8013373 0.19866274
0.8978933 0.102106676
0.9925132 0.007486811
0.63935745 0.36064258
0.49956322 0.5004367
0.45874608 0.5412539
0.9589418 0.04105816
0.4704978 0.5295022
0.87411755 0.12588249
0.84615356 0.15384643
0.95238066 0.047619328
0.8899626 0.11003734
0.9067081 0.093291916
0.99663466 0.0033654082
0.79172564 0.20827432
0.8688392 0.13116078
0.80788106 0.19211897
0.7295382 0.27046183
0.81185573 0.18814433
0.02408655 0.9759134
0.4123187 0.5876813
0.342432 0.657568
0.9438542 0.056145843
0.93429565 0.06570435
0.65909386 0.34090608
0.87318116 0.12681887
0.9771712 0.022828886
0.8595301 0.14046986
0.9952728 0.0047272453
0.90816444 0.09183551
0.9793281 0.020671872
0.6465115 0.35348856
0.86495495 0.13504504
0.747567 0.25243297
0.8349887 0.1650113
0.31018075 0.6898192
0.86661714 0.13338278
0.6848746 0.31512535
0.18382241 0.8161776
0.9067276 0.09327232
0.9287276 0.07127239
0.88895273 0.11104726
0.9973852 0.0026148441
0.7635571 0.23644298
0.8103562 0.1896438
0.9149572 0.08504278
0.87136996 0.12863001
0.011741856 0.9882582
0.9070514 0.0929486
0.6551861 0.34481388
0.58579946 0.41420063
0.8583065 0.14169353
0.79268193 0.2073181
0.39322096 0.60677904
0.6691489 0.3308511
0.704239 0.29576093
0.57485014 0.4251499
0.95843804 0.041561924
0.88398105 0.11601895
0.24000183 0.75999814
0.97904485 0.020955132
0.9848386 0.015161405
0.8875627 0.1124373
0.93111366 0.06888632
0.98488915 0.0151108885
0.54778486 0.45221508
0.9040723 0.09592773
0.90047336 0.09952661
0.5236349 0.4763651
0.73898584 0.26101413
0.99022955 0.009770409
0.8960662 0.10393385
0.973631 0.026369032
0.91615725 0.083842725
0.8635584 0.13644165
0.89882696 0.101173066
0.7641591 0.23584099
0.7690066 0.23099335
0.09598473 0.90401524
0.9097413 0.090258755
0.8934965 0.1065035
0.962535 0.037464987
0.90640724 0.09359278
0.45351735 0.54648274
0.9660968 0.03390321
0.7462176 0.25378245
0.9052789 0.09472107
0.8844051 0.115594886
0.7069988 0.29300117
0.6760552 0.3239448
0.28495988 0.71504015
0.85119116 0.1488088
0.8703448 0.12965514
0.8924451 0.10755491
0.84692097 0.1530791
0.86409587 0.13590409
0.8841905 0.11580952
0.92063147 0.07936854
0.88721734 0.112782605
0.9825272 0.017472796
0.874211 0.12578899
0.7204451 0.27955487
0.887279 0.112720974
0.84975725 0.15024282
0.18697207 0.8130279
0.84859747 0.15140256
0.8430586 0.15694143
0.77353305 0.22646692
0.971845 0.028155016
0.16422912 0.83577085
0.896187 0.10381303
0.6551049 0.34489512
0.85963607 0.14036395
0.99308467 0.006915349
0.8813928 0.11860727
0.31854048 0.68145955
0.30959362 0.6904064
0.95120335 0.04879667
0.8896433 0.11035664
0.88476 0.11524
0.13201225 0.86798775
0.92044306 0.079556964
0.17825755 0.8217424
0.88036233 0.11963769
0.62868065 0.3713193
0.8616248 0.13837525
0.8447958 0.15520416
0.8989124 0.10108763
0.8743209 0.1256791
0.3749008 0.62509924
0.901069 0.09893103
0.91567624 0.084323786
0.9073414 0.09265861
0.7952019 0.20479812
0.9663771 0.033622958
0.6136892 0.38631082
0.69494045 0.3050596
0.91398627 0.08601368
0.6213758 0.3786242
0.6830235 0.31697652
0.90178645 0.09821349
0.30388775 0.6961123
0.96047765 0.039522395
0.6115749 0.38842508
0.92008793 0.07991213
0.7762076 0.2237923
0.99009705 0.009903
0.64004797 0.35995206
0.98937184 0.010628084
0.9704828 0.029517125
0.373403 0.6265969
0.4438803 0.55611974
0.54004836 0.45995167
0.04006819 0.9599318
0.97985214 0.02014791
0.9955837 0.0044162837
0.93048626 0.06951374
0.9153339 0.08466606
0.45199913 0.5480009
0.92372 0.07628001
0.84969795 0.1503021
0.95096177 0.04903825
0.4967192 0.50328076
0.96380645 0.036193497
0.48802903 0.511971
0.86029565 0.13970436
0.69963485 0.3003651
0.99250835 0.00749166
0.53094125 0.46905884
0.79954183 0.2004582
0.48567504 0.51432496
0.4619684 0.53803164
0.98178583 0.018214166
0.8733355 0.12666458
0.99726343 0.0027366064
0.7751745 0.2248255
0.0632072 0.93679285
0.8643761 0.13562383
0.7450182 0.25498182
0.9787319 0.021268092
0.22500604 0.77499396
0.95684046 0.043159496
0.9393027 0.06069735
0.8932265 0.10677355
0.91441596 0.085584
0.7650853 0.23491465
0.82947046 0.17052959
0.88910735 0.11089258
0.8473426 0.15265736
0.63232994 0.36767
0.61896527 0.38103473
0.9515184 0.04848163
0.8535312 0.1464688
0.95384 0.04615998
0.8572905 0.14270948
0.9528475 0.047152556
0.18661067 0.81338936
0.46804485 0.5319551
0.95931983 0.040680207
0.9155534 0.08444654
0.4616715 0.53832847
0.8264168 0.17358324
0.23826869 0.7617313
0.8169493 0.18305066
0.035466194 0.96453375
0.7665634 0.23343651
0.92714083 0.0728592
0.8956575 0.10434248
0.8534005 0.14659949
0.91186565 0.0881343
0.89394945 0.10605054
0.7643058 0.23569423
0.8693785 0.1306215
0.8206817 0.17931831
0.051328763 0.9486712
0.18352142 0.8164786
0.8699548 0.13004524
0.8282972 0.17170286
0.9437071 0.05629291
0.96897596 0.031024097
0.6415148 0.35848516
0.9881549 0.011845109
0.039952073 0.96004796
0.2555308 0.74446917
0.8559991 0.14400092
0.8665454 0.13345468
0.8778875 0.122112505
0.78399956 0.21600044
0.26730448 0.7326955
0.76131874 0.23868124
0.56597245 0.43402758
0.9603721 0.039627932
0.32784498 0.672155
0.8804908 0.119509205
0.8292887 0.1707113
0.84104204 0.15895797
0.9301632 0.06983678
0.94334567 0.056654338
0.9821628 0.017837249
0.70515436 0.29484564
0.7208024 0.27919754
0.98742884 0.012571198
0.9339749 0.06602511
0.77790886 0.22209117
0.89111584 0.10888419
0.52539235 0.47460768
0.9569862 0.043013755
0.52292335 0.47707662
0.47584674 0.5241533
0.49804446 0.5019555
0.76580817 0.23419186
0.94854975 0.051450256
0.8632463 0.13675366
0.51486033 0.4851396
0.4165972 0.58340275
0.9381846 0.061815355
0.48443127 0.5155688
0.39102265 0.6089773
0.9312339 0.068766065
0.8243472 0.17565283
0.9764647 0.02353535
0.9475632 0.052436788
0.85717225 0.14282775
0.85981447 0.14018556
0.7508822 0.24911778
0.97791433 0.022085588
0.91018707 0.08981299
0.42924374 0.57075626
0.94946975 0.050530273
0.42223024 0.57776976
0.53046036 0.46953964
0.48346716 0.5165329
0.9203156 0.0796844
0.99831533 0.001684682
0.95067984 0.04932009
0.89459515 0.105404794
0.6593925 0.34060752
0.66820806 0.3317919
0.51526195 0.48473805
0.82226074 0.17773926
0.84192437 0.15807562
0.9246927 0.07530726
0.36154398 0.6384561
0.87891424 0.12108575
0.8656935 0.13430648
0.23888768 0.76111233
0.5007351 0.49926487
0.80777174 0.19222821
0.9234674 0.07653262
0.39855766 0.60144234
0.40228423 0.5977158
0.30987746 0.69012254
0.95056814 0.049431857
0.95611924 0.04388073
0.31449965 0.6855003
0.95306146 0.046938468
0.9581777 0.041822296
0.8534655 0.14653452
0.7533607 0.24663936
0.9619015 0.03809858
0.48153746 0.51846254
0.7245431 0.27545685
0.88243437 0.11756571
0.775016 0.22498399
0.7032711 0.29672888
0.77635247 0.2236475
0.48511812 0.5148818
0.85186243 0.14813754
0.9237472 0.0762528
0.5845096 0.41549045
0.3202449 0.6797551
0.8217145 0.17828551
0.27672 0.72328
0.9170095 0.08299052
0.76105374 0.23894629
0.83337915 0.16662085
0.67472523 0.32527474
0.89611375 0.10388625
0.37119043 0.6288096
0.77657884 0.22342113
0.6519234 0.3480766
0.9362398 0.063760296
0.918242 0.08175803
0.83545023 0.16454972
0.55662173 0.44337833
0.8748504 0.12514958
0.83581007 0.16418995
0.86969316 0.13030687
0.15247175 0.8475282
0.12389763 0.8761023
0.94747734 0.052522622
0.19592059 0.8040795
0.6931006 0.3068994
0.5511763 0.44882372
0.84967303 0.15032692
0.88400054 0.11599953
0.98120797 0.018791972
0.8860044 0.11399556
0.955749 0.044250973
0.88507706 0.11492297
0.90984195 0.09015804
0.88725674 0.11274321
0.7583187 0.2416813
0.74672186 0.2532781
0.92830604 0.07169388
0.94321 0.056790043
0.56047535 0.43952468
0.9035422 0.0964578
0.5310816 0.4689184
0.8906076 0.10939238
0.9514967 0.048503354
0.58826995 0.41173002
0.2104874 0.78951263
0.83425105 0.16574888
0.7950935 0.20490658
0.7952877 0.20471229
0.7710529 0.22894719
0.9574692 0.042530794
0.95277894 0.047221087
0.81436294 0.18563701
0.94080746 0.059192523
0.9240419 0.07595802
0.8025312 0.19746883
0.90724474 0.09275531
0.87149787 0.12850218
0.78756326 0.21243674
0.9139487 0.08605129
0.14862262 0.8513774
0.9867993 0.013200753
0.24137121 0.75862885
0.7382966 0.2617034
0.95802 0.04197998
0.26730448 0.7326955
0.4932388 0.50676113
0.8923493 0.10765076
0.8974838 0.1025162
0.85839695 0.141603
0.9903938 0.009606116
0.36472514 0.6352748
0.90340793 0.09659201
0.7847559 0.21524411
0.9508784 0.04912159
0.94101375 0.058986224
0.91490287 0.085097134
0.9323371 0.067662925
0.76651204 0.233488
0.7201757 0.27982435
0.8805793 0.11942074
0.84404993 0.15595005
0.92973053 0.07026948
0.027913643 0.9720864
0.46931776 0.53068227
0.6652052 0.3347948
0.9204807 0.07951926
0.76673806 0.233262
0.9704452 0.029554794
0.4916689 0.50833106
0.37802863 0.62197137
0.7630497 0.23695026
0.786293 0.213707
0.94524264 0.054757312
0.6691883 0.3308117
0.9878968 0.012103231
0.79614294 0.2038571
0.74897665 0.25102338
0.95108074 0.048919305
0.9331824 0.06681759
0.5259672 0.47403282
0.8788056 0.12119437
0.9796595 0.020340467
0.99241877 0.007581208
0.7430179 0.25698212
0.5806222 0.41937774
0.96746784 0.032532092
0.9175502 0.08244983
0.7176831 0.28231692
0.8242636 0.17573644
0.834884 0.16511603
0.20421723 0.79578274
0.7551177 0.24488226
0.74507576 0.25492427
0.9218062 0.078193836
0.86731005 0.13268995
0.74744475 0.25255525
0.6940603 0.3059397
0.9821591 0.01784094
0.78810644 0.21189357
0.7931894 0.20681055
0.09153191 0.90846807
0.2510215 0.74897844
0.8872789 0.11272108
0.9913803 0.008619707
0.9411466 0.05885338
0.75096905 0.249031
0.28212467 0.7178754
0.8304784 0.16952159
0.95004255 0.049957387
0.9620658 0.037934106
0.8043774 0.19562264
0.86799884 0.1320012
0.43284672 0.5671532
0.85941625 0.1405838
0.99527246 0.004727548
0.8956163 0.104383714
0.8170372 0.18296272
0.9544344 0.045565583
0.88865423 0.11134577
0.9770783 0.022921719
0.8760619 0.123938166
0.19197923 0.8080208
0.9928681 0.007131817
0.8834572 0.11654282
0.7459965 0.2540035
0.88118446 0.1188156
0.73479635 0.26520362
0.4698806 0.53011936
0.8002181 0.1997819
0.84310186 0.15689814
0.8737551 0.12624492
0.8861572 0.1138428
0.91392034 0.08607967
0.38321877 0.6167812
0.7860568 0.21394315
0.6628895 0.3371105
0.8979198 0.10208021
0.81960964 0.18039031
0.8625538 0.13744627
0.9350264 0.0649736
0.9470315 0.052968547
0.92223 0.07776998
0.5443847 0.45561534
0.9119547 0.08804529
0.9363109 0.06368911
0.9130593 0.08694071
0.8520843 0.14791572
0.7099837 0.29001632
0.63461864 0.3653814
0.8170141 0.18298593
0.9958556 0.0041443957
0.9677 0.032300007
0.9867073 0.013292643
0.75282955 0.24717048
0.78512895 0.21487103
0.9536873 0.046312682
0.93908364 0.06091634
0.38055423 0.6194458
0.8766221 0.123377874
0.479645 0.52035505
0.84395736 0.15604267
0.9613982 0.038601827
0.47604275 0.5239572
0.93306285 0.06693723
0.9388966 0.06110344
0.7939274 0.20607258
0.8155947 0.18440536
0.32365686 0.6763432
0.9105265 0.08947351
0.90066344 0.09933656
0.47814453 0.5218555
0.9694697 0.030530311
0.9396579 0.060342077
0.797178 0.20282201
0.8482615 0.15173846
0.9139282 0.08607175
0.9023318 0.097668156
0.83824193 0.1617581
0.7710678 0.22893219
0.8808143 0.11918564
0.7032255 0.29677454
0.67041045 0.32958955
0.62890947 0.3710905
0.876671 0.123328954
0.7748078 0.22519219
0.20689122 0.79310876
0.21189201 0.788108
0.8525386 0.14746135
0.8235801 0.17641996
0.18574718 0.8142528
0.83268625 0.16731378
0.8723468 0.12765321
0.7754631 0.22453693
0.9252453 0.0747547
0.98740363 0.012596402
0.8456544 0.1543455
0.86940354 0.1305964
0.34382507 0.6561749
0.92450196 0.07549806
0.85218 0.14781997
0.870598 0.12940201
0.8461607 0.15383929
0.82390916 0.17609084
0.8924766 0.107523404
0.88828903 0.11171098
0.97809166 0.021908348
0.109892435 0.8901076
0.59848475 0.40151522
0.8973836 0.10261637
0.96437997 0.03562002
0.9386688 0.061331246
0.9047793 0.09522072
0.9378196 0.062180378
0.98885334 0.011146705
0.9505001 0.049499873
0.92218906 0.07781093
0.8725829 0.12741715
0.9159704 0.08402964
0.90418684 0.0958132
0.8124856 0.18751448
0.93670374 0.06329625
0.86692035 0.13307965
0.93696153 0.06303852
0.8673989 0.13260111
0.9035185 0.096481495
0.9674344 0.03256561
0.9479435 0.052056555
0.028265206 0.97173476
0.8706397 0.12936033
0.50503325 0.4949668
0.8423569 0.15764311
0.86984277 0.1301572
0.8340761 0.16592385
0.8211798 0.1788202
0.8912534 0.1087466
0.9476322 0.052367833
0.97568876 0.024311204
0.8941323 0.105867736
0.85299313 0.14700687
0.8222376 0.17776239
0.9646277 0.03537231
0.86798894 0.13201101
0.79662055 0.20337947
0.9066293 0.0933707
0.95270115 0.04729885
0.8661421 0.1338579
0.86644536 0.13355462
0.37813634 0.6218637
0.63729614 0.36270386
0.4516405 0.5483596
0.8471992 0.1528008
0.5335975 0.46640247
0.8543838 0.14561613
0.6471986 0.35280132
0.8486671 0.15133293
0.89401644 0.10598362
0.7791156 0.22088435
0.75368136 0.24631861
0.69669074 0.3033093
0.4803336 0.51966643
0.7205854 0.27941456
0.2673045 0.7326954
0.91154957 0.08845042
0.9955384 0.0044615273
0.9239208 0.07607917
0.8425512 0.15744887
0.6510516 0.34894845
0.82798725 0.17201278
0.8513867 0.14861326
0.95883626 0.04116377
0.7352042 0.26479584
0.8964685 0.10353153
0.90512276 0.094877265
0.9817707 0.018229334
0.77050227 0.22949775
0.9167764 0.08322354
0.71617174 0.2838282
0.86917204 0.130828
0.30863255 0.69136745
0.94641054 0.05358947
0.19322397 0.80677605
0.85996175 0.14003819
0.8832896 0.11671045
0.097316 0.902684
0.24156177 0.7584383
0.88732225 0.11267779
0.013513359 0.9864867
0.6037733 0.3962267
0.8863319 0.1136681
0.4700321 0.52996784
0.34977093 0.6502291
0.6727507 0.32724932
0.74762714 0.25237286
0.9493439 0.050656036
0.9157667 0.08423332
0.8977744 0.102225654
0.8401293 0.15987067
0.42386556 0.5761345
0.9400097 0.05999029
0.8412524 0.15874764
0.90693235 0.093067646
0.8181318 0.18186823
0.3791717 0.62082833
0.9275986 0.072401464
0.9420273 0.057972737
0.8772796 0.12272044
0.8860003 0.11399971
0.9754582 0.024541838
0.82477796 0.17522202
0.879456 0.12054405
0.98693603 0.013063971
0.9045635 0.09543647
0.7763365 0.2236635
0.69126636 0.3087336
0.9135413 0.08645862
0.83845407 0.1615459
0.7484696 0.25153038
0.7998991 0.20010096
0.8739281 0.1260719
0.7832739 0.21672606
0.84033525 0.15966478
0.84315586 0.15684417
0.8496827 0.15031728
0.47989115 0.5201089
0.9207202 0.07927977
0.9657967 0.034203276
0.6072835 0.39271656
0.98169947 0.01830055
0.37548006 0.62451994
0.97600186 0.023998195
0.9322296 0.067770414
0.13726869 0.8627314
0.8158761 0.18412393
0.85115546 0.14884451
0.5880017 0.4119983
0.99421 0.005790024
0.8704122 0.12958777
0.9281724 0.071827576
0.922447 0.07755299
0.9734692 0.026530758
0.94362617 0.0563739
0.50270903 0.49729097
0.507803 0.492197
0.8820779 0.11792215
0.18170542 0.8182946
0.844295 0.15570503
0.87396175 0.12603825
0.16104607 0.8389539
0.8976051 0.102394864
0.18702485 0.81297517
0.88458574 0.115414284
0.8736033 0.12639669
0.9229597 0.077040285
0.82387483 0.1761251
0.43560982 0.5643902
0.7342063 0.26579374
0.8823331 0.11766693
0.9014865 0.09851352
0.8747328 0.12526722
0.9573096 0.042690475
0.7385251 0.26147494
0.9127625 0.08723747
0.79355454 0.2064455
0.9975974 0.002402629
0.9054438 0.09455624
0.21103637 0.7889636
0.3358183 0.6641817
0.887127 0.11287302
0.9247863 0.07521369
0.65038437 0.3496157
0.68489957 0.31510046
0.9663957 0.03360434
0.8689837 0.1310163
0.85982937 0.14017062
0.73202384 0.26797614
0.47447234 0.5255276
0.63986236 0.36013764
0.080573104 0.91942686
0.6053863 0.3946137
0.31448865 0.68551135
0.89344263 0.106557325
0.87262464 0.12737535
0.46667 0.53333
0.46752518 0.5324748
0.8329195 0.16708046
0.37813264 0.62186736
0.8928538 0.10714618
0.9149646 0.08503532
0.9860665 0.013933417
0.0019015336 0.99809843
0.7145932 0.2854068
0.8759056 0.12409441
0.55063957 0.44936043
0.7269065 0.2730936
0.9374111 0.06258894
0.8131549 0.1868452
0.724249 0.27575108
0.7480502 0.25194982
0.6818993 0.31810072
0.8823983 0.11760166
0.2951288 0.7048712
0.9790814 0.020918565
0.7898788 0.21012127
0.7955493 0.20445073
0.92667717 0.0733228
0.92210776 0.07789219
0.92558116 0.07441883
0.95345545 0.046544477
0.81491524 0.18508472
0.59462106 0.40537894
0.4208546 0.57914543
0.17914905 0.8208509
0.81976527 0.1802347
0.58626133 0.4137386
0.46249443 0.53750557
0.7943753 0.20562474
0.83169544 0.16830464
0.8388579 0.16114214
0.68402 0.31598008
0.37854075 0.62145925
0.44149113 0.5585089
0.72277105 0.27722898
0.9036296 0.09637033
0.7180057 0.28199428
0.97229 0.027709983
0.82404834 0.1759516
0.31631082 0.6836891
0.9428158 0.057184204
0.8642828 0.13571712
0.17957035 0.8204297
0.8238889 0.17611107
0.7917441 0.20825589
0.91330075 0.08669929
0.26636317 0.73363686
0.60645825 0.39354175
0.70375085 0.29624915
0.8532095 0.14679049
0.77796793 0.22203206
0.89478314 0.10521687
0.7562202 0.24377978
0.14374635 0.8562536
0.8523327 0.14766729
0.69644517 0.30355486
0.8270255 0.17297454
0.8533376 0.14666241
0.8957535 0.10424654
0.89699763 0.103002355
0.8911503 0.108849674
0.9663785 0.033621497
0.8652857 0.13471432
0.79744434 0.20255567
0.60368913 0.3963109
0.858398 0.14160201
0.9853219 0.014678102
0.961333 0.038667064
0.9026321 0.09736789
0.5486894 0.45131058
0.96186584 0.038134176
0.9040702 0.09592982
0.93618333 0.06381671
0.7274686 0.27253142
0.8672999 0.13270007
0.9288388 0.07116124
0.6730072 0.32699278
0.64407307 0.35592693
0.8898599 0.11014004
0.10798488 0.8920151
0.81616634 0.18383367
0.8277161 0.17228386
0.86544144 0.13455857
0.3841975 0.61580247
0.41022494 0.589775
0.86006314 0.13993683
0.023388486 0.97661155
0.94678545 0.053214595
0.910761 0.089239
0.5401522 0.45984787
0.9901215 0.009878559
0.9538228 0.04617719
0.8777303 0.12226968
0.6565613 0.34343874
0.5732711 0.4267289
0.8615005 0.13849951
0.80074143 0.19925858
0.33820587 0.66179407
