0.18254305
0.50711536
0.788131
0.30566502
0.6863348
0.23887365
0.89929485
0.2928578
0.7326955
0.97630185
0.97284746
0.7326955
0.72108054
0.9960312
0.43282098
0.71952623
0.7058378
0.09654472
0.62809783
0.8055374
0.9999976
0.84311914
0.99999905
0.99999595
0.86264044
0.5321225
0.99994755
0.9990044
0.7259325
0.99695045
0.85858923
0.8376395
0.97170424
0.029313017
0.4498786
0.9918682
0.29969504
0.99999964
0.99773276
1.0
0.9987907
0.9435306
0.7523934
0.93298393
0.90741843
0.98548245
0.14059702
0.3128484
0.9607743
0.14957985
0.74923694
0.9999976
0.65487754
0.99999774
0.18043506
0.87519246
0.9966845
0.6645435
0.91723126
0.22191925
0.1111968
0.6790569
0.9888498
0.56609976
0.99998295
0.99915516
0.999602
0.82198584
0.9990858
0.6436763
0.99115634
0.9997397
0.071384706
0.58749324
0.97663456
0.9998128
0.9923235
0.2277373
0.99998116
0.9994962
0.9999416
0.99315345
0.9312012
0.17322479
0.7326955
0.6093064
0.10349957
0.9987368
0.85659534
0.9995484
0.633639
0.99542266
0.6916278
0.98811406
0.9696408
0.08805126
0.87847936
0.99996686
0.6552535
0.42575353
0.8714954
0.99671656
0.9950895
0.87587786
0.98723
0.46761864
0.9998795
0.9948996
0.89871
0.20331033
0.66977036
0.8183702
0.87747365
0.98498154
0.7326955
0.98876256
0.89171433
0.100485295
0.21060097
0.14355448
0.99996305
0.96193147
0.14797884
0.4937817
0.99935156
0.83103526
0.27876517
0.21797468
0.977662
0.7800107
0.7264133
0.98246723
0.9975739
0.16053595
0.7522395
0.855138
0.9927711
0.6636412
0.9284304
0.97216946
0.999995
0.99130124
0.89656526
0.12006313
0.70566106
0.9626628
0.9999999
0.8363814
0.12356875
0.90016836
0.13807622
0.99936956
0.9127734
0.7475517
0.13353084
0.23745643
0.35926262
0.3168083
0.97141695
0.9895907
0.9735834
0.2359979
0.7879149
0.95102465
0.10571135
0.3428857
0.7193822
0.999987
0.8652531
0.93698883
0.9484272
0.6825387
0.6146958
0.9999839
0.7602546
0.9492641
0.9721504
0.7326955
0.9848845
0.99393326
0.98888844
0.98228467
0.99304515
0.9264113
0.9527748
0.9365538
0.5191359
0.99705637
0.99138004
0.9997986
0.9999999
0.99999714
0.23289181
0.9833286
0.8171487
0.9999987
0.6588136
0.9324589
0.87956005
0.97457504
0.8552085
0.7915351
0.9999964
0.98026145
0.80079675
0.30835855
0.8343474
0.6033602
0.99231553
0.9312527
0.9981438
0.99999857
0.7326955
0.7978456
0.9941645
0.057411812
0.98833346
0.9294103
0.99858534
0.9318267
0.99418724
0.8734514
0.98238087
0.8183551
0.9999256
0.99737847
0.9966634
0.85492486
0.5136629
0.9716545
0.99573284
0.90370613
0.41862917
0.9985826
0.88003165
0.57758874
0.6580836
0.99724317
0.99920976
0.9999913
0.30380836
0.57299215
1.0
0.845462
0.87749434
0.17163692
0.918191
0.14089125
0.16612774
1.0
0.9825623
0.02176115
0.9982722
0.76217383
0.8993197
0.9953307
0.990202
0.16247994
0.83043826
0.8964227
0.99993956
0.9999827
0.7100957
0.9781259
0.48577982
0.90187865
0.9624023
0.38752678
0.5257616
0.9949233
0.8032651
0.23694208
0.25777248
0.7326955
0.60531133
0.98671174
0.99736315
0.8399473
0.09700361
0.99999905
0.99989355
0.07708843
0.9999894
0.84444016
0.93991774
0.9269088
0.9963754
0.98835725
0.9903634
0.99906343
0.99952257
0.9501769
0.99999976
0.99958974
0.9999701
0.99967504
0.33301625
0.18243517
0.18400575
0.99999964
0.86944276
0.9714665
0.95492125
0.9990055
0.9998128
0.9997428
0.87439096
0.11988548
0.80582273
1.0
0.99936754
0.5261333
0.9900003
0.8783263
0.9855401
0.99999964
0.5727198
0.9998708
0.9677518
0.9642231
0.8703148
0.8929286
0.52526975
0.8214114
0.9686205
0.96467054
0.99591535
0.82476926
0.52206403
0.9423238
0.973841
0.9903279
0.9679454
0.7404202
0.7326955
0.99771947
0.13966157
0.998696
0.99845004
0.9999999
0.9997991
1.0
0.5324058
0.98254436
0.05023492
0.9226067
0.8452872
0.930335
0.9943538
0.92614883
0.99977154
0.9998913
0.41026825
0.91532815
0.9942095
0.23089898
0.7326955
0.24678047
0.9775407
0.58462054
0.82860804
0.9757043
1.0
0.012587445
0.7747398
0.9998412
0.30428356
0.99601257
0.87303907
0.95445234
0.9839737
0.9522543
0.99981827
0.07874893
0.98335326
0.9942953
1.0
0.8924467
0.7326955
0.13022795
0.9967152
0.6011939
0.10339326
0.9999987
0.9991417
0.1402966
0.5522593
0.032409158
0.99945396
0.9960188
0.99891794
0.8447897
0.17642325
0.99992776
0.55815977
0.99753773
0.7836484
0.8832395
0.86675614
0.99999976
0.9918548
0.5254897
0.94822276
0.9998068
0.9999888
0.9992741
0.9593431
0.84818286
0.9978871
0.9998565
0.9749348
0.9956559
0.91483474
0.52091473
0.84209037
0.81448376
0.47348237
0.78205097
0.1131783
0.9262822
0.8833636
0.8653452
0.88858163
0.9475911
0.39682332
0.99996245
0.9996247
0.98874193
0.98009115
0.840917
0.99998534
0.6815626
0.958344
0.9814031
0.93624854
0.9999813
0.998934
0.9020643
0.7257902
0.58077186
0.86673087
0.48154446
0.99962366
0.11543208
0.5439063
0.8160736
0.3176118
0.51743376
0.6092289
0.7326955
0.70942146
0.9988016
0.98873514
0.68996036
0.5215744
0.9825151
0.9639954
0.99991107
0.89903176
0.9095214
0.23115197
0.99296737
1.0
0.113745235
0.999345
0.9833898
0.9910657
0.99448484
0.708943
1.0
0.5235302
0.97840434
0.91976446
0.8496449
0.99999976
0.77136415
0.9999566
0.90337
0.9959353
0.5469297
0.05571414
0.83876747
0.999881
0.22992757
0.49123544
0.94940054
1.0
0.3364392
0.9991716
0.0069767893
0.88833636
0.9203544
0.42801455
0.9732901
0.5033118
0.76833636
0.15615994
0.999933
0.58412147
0.94325125
0.99785006
0.985523
0.9999696
0.13583192
0.9692187
0.9210103
0.37892607
0.12881804
0.9989249
0.3412886
0.96882176
0.98814255
0.62714195
0.9990114
0.9560058
0.9302094
0.066716515
0.98958206
0.5482273
0.9999554
0.99977773
0.99320203
0.3309324
0.7480185
1.0
0.9998907
0.9492526
0.9287605
0.9999999
0.9415944
0.99086213
0.89328045
0.99679464
0.8786791
0.8350174
0.11477963
0.95802087
0.83937836
0.24135508
0.99998987
0.9997274
0.9999933
0.9990752
0.9996371
0.9997186
0.60778075
0.7326955
0.88540524
0.9978301
0.9658604
0.32154918
0.7326955
0.9955973
0.999796
0.088715926
0.8724433
0.25195646
0.99809676
0.99824643
0.7821438
0.9997284
0.3940269
0.99640536
0.9984823
0.9996475
0.9999995
0.84001315
0.12734307
0.98273003
0.7832109
0.68978286
0.96590406
0.96967626
0.3489705
0.12590232
0.68104655
0.94725573
0.9532135
0.997159
0.58481675
0.10930612
0.25685775
0.9802105
0.9573418
0.83686435
0.996861
0.86843663
0.94631284
0.20764056
0.13026595
0.49590367
0.9978708
0.99999356
0.98627824
0.87671745
0.9012458
0.5657903
0.99999
0.2645536
0.9027106
0.69361377
0.97651255
0.26378915
0.9999187
0.99915314
0.8763785
0.75095534
0.30287233
0.7326955
0.50567186
0.26840255
0.9999751
0.8688377
0.9999027
0.60837966
0.62353235
0.6009827
0.7114924
0.99047905
0.9989949
0.9586814
0.9825042
0.9997873
0.9943341
1.0
0.6391913
0.9992625
0.9620217
0.9122814
0.51872677
0.99992335
0.6754336
0.6208212
0.7687413
0.84720576
0.9986193
0.9999994
0.96120566
0.9999995
0.9744192
0.99823004
0.9824326
0.23935683
0.98873866
0.18073212
0.8455238
0.93723357
0.73897046
0.21296218
0.7404604
1.0
0.9900421
0.9825339
0.99966276
0.8486958
0.9792726
0.96470535
0.66235274
1.0
0.6490625
0.9990393
0.9991685
0.9081546
0.9915854
0.89938825
0.6841836
0.9997824
0.38952747
0.99963236
0.9998023
0.99967647
0.787518
0.9979875
0.9997665
0.950677
0.9999459
0.13359267
0.3741763
0.73982525
0.7326955
0.9950913
0.37756535
0.18878828
0.8453899
0.44383854
0.80123895
0.98822135
0.6318013
0.64798427
0.88078964
0.9209052
0.9352397
0.97958654
0.94811964
0.6310949
0.7035336
0.9999976
0.7777592
0.99922085
0.48649946
0.99999964
0.18799146
0.87519777
0.95096123
0.9548114
0.9998621
0.7229819
0.7749955
0.1617251
0.9487123
0.99913377
0.9867726
0.4904115
0.7326955
0.991252
0.9998741
0.95417494
0.75383735
0.94464487
0.72231466
0.4753318
0.095130466
0.9999882
0.9975309
0.82700646
0.8807836
0.7326955
0.9997285
0.46505398
0.9859489
0.99714476
0.90904766
0.44784644
0.9074802
0.6257049
0.9822547
0.45488307
0.7715231
0.18016742
0.13346498
0.62910765
0.9999982
0.99430084
0.1978544
0.9980095
0.16983695
0.9998272
0.9874303
0.027634025
0.17600992
0.99968934
0.91124064
0.91719705
0.97633344
0.27119866
0.75122136
0.97559536
0.7326955
0.9381394
0.99647
0.998774
0.06983856
0.9985127
0.9907541
0.7767482
0.75945556
0.9997743
0.9524619
0.99904484
0.99963474
0.8349215
0.9301465
0.71473974
0.982874
0.9999324
0.96027654
0.99265265
0.99807703
0.94218814
0.9999999
0.9731644
0.8975424
0.99812835
0.7752049
0.99961287
0.70468843
0.1258976
0.76447785
0.9719393
0.6454107
0.99997497
0.2926102
0.12772937
0.1890663
0.36731374
0.9999466
0.34379712
0.7326955
0.96113044
0.97212887
0.9920201
0.9858607
0.98299754
0.22544979
0.9920292
0.9766688
0.9999782
0.9994479
0.8062197
0.9696023
0.9980769
0.9992644
0.2572821
0.83316493
0.9761578
0.9999999
0.99971217
0.91136897
0.9968786
0.9777714
0.9987495
0.9962453
0.7326955
0.94380325
0.7496468
0.24613565
0.99999976
0.770428
0.52339995
0.32740495
0.18705502
0.99997425
0.8740789
0.9987312
0.32399693
0.99018013
0.95633245
0.767931
0.46912014
0.9901024
0.945015
0.11194229
0.818624
0.6519024
0.27122295
0.54956883
0.65700144
0.6246663
0.9551769
0.82471335
0.9280871
0.6952706
0.75384533
0.8714986
0.9354739
0.59420294
0.47468892
0.82114637
0.999678
0.89758885
0.99999845
0.9998431
0.74811906
0.9954716
0.77509
0.99939275
0.92633927
0.8248004
0.94054437
0.98341215
0.9984314
1.0
0.99945396
1.0
0.9986926
0.24384166
0.71924835
0.08330911
0.3751478
0.9991792
0.024063338
0.9964833
0.94758767
0.9810543
0.90495694
0.9651921
0.15028226
0.4381376
0.9995009
0.1782605
0.9986626
0.9127782
0.43804404
0.9999336
0.94083655
0.049714256
0.9991404
0.99990475
1.0
0.81611496
0.999744
0.88526046
0.99660206
0.9545514
0.6196835
0.8719047
0.8574296
0.9593086
0.78288287
1.0
0.22670396
0.9999933
0.9815487
0.9988667
0.6177935
0.08769914
0.7326955
0.7977513
0.91211593
0.49957764
0.95553386
0.9514387
0.96876097
0.9914137
0.98535836
0.45142058
0.113932736
0.80562615
0.9149097
0.99999976
0.43406773
0.9897939
0.122865275
0.116708845
0.68972594
0.9855269
0.6197819
1.0
0.99993443
0.818107
1.0
0.7326955
0.82858896
0.9972377
0.99923134
0.5634187
0.97783136
0.99945885
0.9792839
0.08091054
0.9854478
0.9284626
0.21977179
0.18888123
0.9968195
0.26721317
0.8057522
0.9840359
0.9999999
0.6718298
0.66987497
0.16349915
0.9995739
0.99994445
0.120540276
0.5087527
0.36161855
0.6734205
1.0
0.05419511
0.96560293
0.98955905
0.9716072
0.9890772
1.0
0.9224916
0.5369214
0.03586992
0.009351958
0.7902661
1.0
0.9907266
0.09933406
0.7374702
0.92900413
0.99626994
0.9994504
0.9998933
0.99966
0.9372095
0.8448699
0.37345007
0.91592187
0.89250654
0.12841155
0.537924
0.99574125
0.99987984
0.968691
0.998133
0.7326955
0.97197425
0.99998486
0.77038383
0.9808673
0.27351603
0.98542655
0.5825373
0.59039843
0.13566262
0.06883526
0.7326955
0.7531142
0.18925297
0.091153234
0.96599334
0.9154564
0.7780931
0.9999994
0.99998295
0.99808705
0.9948778
0.7995421
0.2668434
0.8163978
0.9027592
0.6901675
0.9999999
0.1995889
0.9996865
0.93672097
0.9997044
0.91741765
0.9859372
0.998528
0.93804413
0.9999871
0.9975884
0.89592266
0.90046215
0.1684311
0.9697437
0.9734342
0.87184227
0.92291653
0.9033276
0.27574193
0.99813193
0.02845982
0.42140034
0.99253803
0.96806335
1.0
0.994885
0.990995
0.6267183
0.9934255
0.99999976
0.52958655
0.21251182
0.8971319
0.7326955
0.8363373
0.27414578
0.95174575
0.98432595
0.7326955
0.8148133
0.91804385
0.98618525
0.9940282
0.7872186
0.92715126
0.93799233
0.7734103
0.99997973
0.36196518
0.999977
0.94345886
0.92826754
0.9978536
0.99539644
0.9916579
0.8575587
0.3567021
0.9999951
0.99978095
0.856431
0.9995883
0.941923
0.9999994
0.9495783
0.9978795
0.9990363
0.91079086
0.2259509
0.91291064
0.9999981
0.99167913
0.99821544
0.9890082
0.9949976
0.877488
0.9971854
0.98726743
0.9966409
0.997928
0.80012566
0.8561946
0.9993013
0.8964602
0.9923038
0.9939804
0.10544125
0.8607165
0.7326955
0.68132055
0.9467926
0.11915727
0.12880309
0.1687622
0.09442699
0.5040332
0.118459664
0.14940818
0.03546128
0.0126150735
0.08456176
0.19734924
0.032456014
0.075472355
0.12811053
0.42142272
0.048114233
0.07865275
0.19423796
0.03247992
0.18810222
0.29393974
0.13295756
0.8090544
0.7269033
0.1469463
0.14375754
0.1436228
0.15869758
0.19576979
0.14381269
0.4402286
0.009713603
0.15667975
0.5230921
0.17509499
0.034913085
0.38917986
0.089937575
0.10301711
0.021280438
0.21319547
0.13752076
0.14154728
0.3751571
0.7017259
0.012151943
0.09067219
0.041458767
0.016251994
0.31789547
0.068268664
0.26217625
0.035712782
0.023363564
0.041555744
0.118665725
0.020555303
0.076775916
0.25553238
0.1301322
0.15560345
0.018840982
0.79771644
0.08603876
0.22696023
0.25251895
0.23729013
0.25464588
0.69104815
0.10068276
0.21560238
0.05579523
0.1464025
0.34358612
0.40740213
0.16131847
0.027936563
0.10382296
0.11677626
0.5785649
0.16961314
0.11132525
0.22703715
0.32514712
0.85424393
0.15966234
0.20619844
0.13872622
0.0829413
0.09710251
0.038390953
0.035582207
0.1463631
0.18490437
0.21623442
0.28141528
0.15893076
0.15809476
0.20685321
0.03327819
0.7326955
0.58473784
0.19424412
0.13476533
0.021983419
0.21129476
0.7284556
0.11990403
0.15925911
0.06171376
0.25280902
0.084901445
0.16306727
0.043484565
0.38051763
0.0658811
0.10189297
0.7833569
0.097301975
0.018489063
0.11189032
0.050138485
0.09537779
0.08807279
0.061606057
0.0537969
0.59204996
0.08395154
0.118901804
0.084770985
0.0580691
0.24694546
0.09092706
0.42793873
0.02102809
0.6976871
0.06438873
0.0866646
0.23895513
0.13675098
0.19650991
0.13346152
0.008477055
0.16504891
0.2577469
0.46848592
0.0632869
0.12836252
0.12000512
0.035157092
0.08115771
0.16878666
0.055982698
0.4606902
0.7174831
0.7397583
0.543914
0.98983115
0.07144643
0.012079161
0.036537822
0.50076616
0.061182667
0.05579196
0.030862024
0.06990472
0.10443903
0.096714586
0.0022778085
0.1759343
0.7513153
0.22499587
0.045101028
0.05749668
0.17898008
0.100620836
0.008917813
0.11176915
0.17827663
0.15305294
0.12555301
0.24400373
0.3080766
0.083739914
0.1137247
0.5218979
0.33502308
0.040408608
0.18444696
0.18024728
0.15015268
0.23726422
0.32091552
0.107026845
0.32752642
0.12802234
0.0528287
0.11912294
0.5506109
0.070779316
0.6310949
0.4034715
0.7419495
0.083744474
0.35857743
0.7566769
0.097223744
0.68834496
0.21134458
0.053617734
0.17605333
0.54817945
0.7855534
0.27082083
0.9566016
0.062440123
0.025336552
0.13646403
0.6430933
0.15740396
0.21750803
0.12058943
0.061033335
0.13732894
0.09007716
0.24438721
0.77772075
0.0528082
0.023312978
0.5571928
0.07204545
0.053935543
0.06257636
0.108679034
0.3342319
0.026541242
0.069572575
0.043713257
0.20149817
0.55295193
0.61467427
0.48068547
0.0691139
0.15760973
0.12990172
0.21307334
0.12665816
0.11610282
0.023227941
0.09732631
0.41200602
0.13399178
0.26619437
0.54887795
0.50582045
0.35038328
0.02007648
0.08015733
0.08313117
0.536895
0.008780898
0.02875486
0.24473451
0.14385852
0.00023430018
0.69617575
0.12100033
0.11970333
0.75785214
0.12206314
0.7724976
0.086682
0.63472587
0.09585852
0.03807522
0.08720836
0.07408107
0.05515182
0.5600898
0.32880598
0.384965
0.2396526
0.10027318
0.64400876
0.9204348
0.063515715
0.3259237
0.08981743
0.17253566
0.2073946
0.09244015
0.07563098
0.41362473
0.022013877
0.2013738
0.20045298
0.07662032
0.10385735
0.14738746
0.02905486
0.15406145
0.2702534
0.014845025
0.034096554
0.1688928
0.03202849
0.16043882
0.19866274
0.102106676
0.007486811
0.36064258
0.5004367
0.5412539
0.04105816
0.5295022
0.12588249
0.15384643
0.047619328
0.11003734
0.093291916
0.0033654082
0.20827432
0.13116078
0.19211897
0.27046183
0.18814433
0.9759134
0.5876813
0.657568
0.056145843
0.06570435
0.34090608
0.12681887
0.022828886
0.14046986
0.0047272453
0.09183551
0.020671872
0.35348856
0.13504504
0.25243297
0.1650113
0.6898192
0.13338278
0.31512535
0.8161776
0.09327232
0.07127239
0.11104726
0.0026148441
0.23644298
0.1896438
0.08504278
0.12863001
0.9882582
0.0929486
0.34481388
0.41420063
0.14169353
0.2073181
0.60677904
0.3308511
0.29576093
0.4251499
0.041561924
0.11601895
0.75999814
0.020955132
0.015161405
0.1124373
0.06888632
0.0151108885
0.45221508
0.09592773
0.09952661
0.4763651
0.26101413
0.009770409
0.10393385
0.026369032
0.083842725
0.13644165
0.101173066
0.23584099
0.23099335
0.90401524
0.090258755
0.1065035
0.037464987
0.09359278
0.54648274
0.03390321
0.25378245
0.09472107
0.115594886
0.29300117
0.3239448
0.71504015
0.1488088
0.12965514
0.10755491
0.1530791
0.13590409
0.11580952
0.07936854
0.112782605
0.017472796
0.12578899
0.27955487
0.112720974
0.15024282
0.8130279
0.15140256
0.15694143
0.22646692
0.028155016
0.83577085
0.10381303
0.34489512
0.14036395
0.006915349
0.11860727
0.68145955
0.6904064
0.04879667
0.11035664
0.11524
0.86798775
0.079556964
0.8217424
0.11963769
0.3713193
0.13837525
0.15520416
0.10108763
0.1256791
0.62509924
0.09893103
0.084323786
0.09265861
0.20479812
0.033622958
0.38631082
0.3050596
0.08601368
0.3786242
0.31697652
0.09821349
0.6961123
0.039522395
0.38842508
0.07991213
0.2237923
0.009903
0.35995206
0.010628084
0.029517125
0.6265969
0.55611974
0.45995167
0.9599318
0.02014791
0.0044162837
0.06951374
0.08466606
0.5480009
0.07628001
0.1503021
0.04903825
0.50328076
0.036193497
0.511971
0.13970436
0.3003651
0.00749166
0.46905884
0.2004582
0.51432496
0.53803164
0.018214166
0.12666458
0.0027366064
0.2248255
0.93679285
0.13562383
0.25498182
0.021268092
0.77499396
0.043159496
0.06069735
0.10677355
0.085584
0.23491465
0.17052959
0.11089258
0.15265736
0.36767
0.38103473
0.04848163
0.1464688
0.04615998
0.14270948
0.047152556
0.81338936
0.5319551
0.040680207
0.08444654
0.53832847
0.17358324
0.7617313
0.18305066
0.96453375
0.23343651
0.0728592
0.10434248
0.14659949
0.0881343
0.10605054
0.23569423
0.1306215
0.17931831
0.9486712
0.8164786
0.13004524
0.17170286
0.05629291
0.031024097
0.35848516
0.011845109
0.96004796
0.74446917
0.14400092
0.13345468
0.122112505
0.21600044
0.7326955
0.23868124
0.43402758
0.039627932
0.672155
0.119509205
0.1707113
0.15895797
0.06983678
0.056654338
0.017837249
0.29484564
0.27919754
0.012571198
0.06602511
0.22209117
0.10888419
0.47460768
0.043013755
0.47707662
0.5241533
0.5019555
0.23419186
0.051450256
0.13675366
0.4851396
0.58340275
0.061815355
0.5155688
0.6089773
0.068766065
0.17565283
0.02353535
0.052436788
0.14282775
0.14018556
0.24911778
0.022085588
0.08981299
0.57075626
0.050530273
0.57776976
0.46953964
0.5165329
0.0796844
0.001684682
0.04932009
0.105404794
0.34060752
0.3317919
0.48473805
0.17773926
0.15807562
0.07530726
0.6384561
0.12108575
0.13430648
0.76111233
0.49926487
0.19222821
0.07653262
0.60144234
0.5977158
0.69012254
0.049431857
0.04388073
0.6855003
0.046938468
0.041822296
0.14653452
0.24663936
0.03809858
0.51846254
0.27545685
0.11756571
0.22498399
0.29672888
0.2236475
0.5148818
0.14813754
0.0762528
0.41549045
0.6797551
0.17828551
0.72328
0.08299052
0.23894629
0.16662085
0.32527474
0.10388625
0.6288096
0.22342113
0.3480766
0.063760296
0.08175803
0.16454972
0.44337833
0.12514958
0.16418995
0.13030687
0.8475282
0.8761023
0.052522622
0.8040795
0.3068994
0.44882372
0.15032692
0.11599953
0.018791972
0.11399556
0.044250973
0.11492297
0.09015804
0.11274321
0.2416813
0.2532781
0.07169388
0.056790043
0.43952468
0.0964578
0.4689184
0.10939238
0.048503354
0.41173002
0.78951263
0.16574888
0.20490658
0.20471229
0.22894719
0.042530794
0.047221087
0.18563701
0.059192523
0.07595802
0.19746883
0.09275531
0.12850218
0.21243674
0.08605129
0.8513774
0.013200753
0.75862885
0.2617034
0.04197998
0.7326955
0.50676113
0.10765076
0.1025162
0.141603
0.009606116
0.6352748
0.09659201
0.21524411
0.04912159
0.058986224
0.085097134
0.067662925
0.233488
0.27982435
0.11942074
0.15595005
0.07026948
0.9720864
0.53068227
0.3347948
0.07951926
0.233262
0.029554794
0.50833106
0.62197137
0.23695026
0.213707
0.054757312
0.3308117
0.012103231
0.2038571
0.25102338
0.048919305
0.06681759
0.47403282
0.12119437
0.020340467
0.007581208
0.25698212
0.41937774
0.032532092
0.08244983
0.28231692
0.17573644
0.16511603
0.79578274
0.24488226
0.25492427
0.078193836
0.13268995
0.25255525
0.3059397
0.01784094
0.21189357
0.20681055
0.90846807
0.74897844
0.11272108
0.008619707
0.05885338
0.249031
0.7178754
0.16952159
0.049957387
0.037934106
0.19562264
0.1320012
0.5671532
0.1405838
0.004727548
0.104383714
0.18296272
0.045565583
0.11134577
0.022921719
0.123938166
0.8080208
0.007131817
0.11654282
0.2540035
0.1188156
0.26520362
0.53011936
0.1997819
0.15689814
0.12624492
0.1138428
0.08607967
0.6167812
0.21394315
0.3371105
0.10208021
0.18039031
0.13744627
0.0649736
0.052968547
0.07776998
0.45561534
0.08804529
0.06368911
0.08694071
0.14791572
0.29001632
0.3653814
0.18298593
0.0041443957
0.032300007
0.013292643
0.24717048
0.21487103
0.046312682
0.06091634
0.6194458
0.123377874
0.52035505
0.15604267
0.038601827
0.5239572
0.06693723
0.06110344
0.20607258
0.18440536
0.6763432
0.08947351
0.09933656
0.5218555
0.030530311
0.060342077
0.20282201
0.15173846
0.08607175
0.097668156
0.1617581
0.22893219
0.11918564
0.29677454
0.32958955
0.3710905
0.123328954
0.22519219
0.79310876
0.788108
0.14746135
0.17641996
0.8142528
0.16731378
0.12765321
0.22453693
0.0747547
0.012596402
0.1543455
0.1305964
0.6561749
0.07549806
0.14781997
0.12940201
0.15383929
0.17609084
0.107523404
0.11171098
0.021908348
0.8901076
0.40151522
0.10261637
0.03562002
0.061331246
0.09522072
0.062180378
0.011146705
0.049499873
0.07781093
0.12741715
0.08402964
0.0958132
0.18751448
0.06329625
0.13307965
0.06303852
0.13260111
0.096481495
0.03256561
0.052056555
0.97173476
0.12936033
0.4949668
0.15764311
0.1301572
0.16592385
0.1788202
0.1087466
0.052367833
0.024311204
0.105867736
0.14700687
0.17776239
0.03537231
0.13201101
0.20337947
0.0933707
0.04729885
0.1338579
0.13355462
0.6218637
0.36270386
0.5483596
0.1528008
0.46640247
0.14561613
0.35280132
0.15133293
0.10598362
0.22088435
0.24631861
0.3033093
0.51966643
0.27941456
0.7326954
0.08845042
0.0044615273
0.07607917
0.15744887
0.34894845
0.17201278
0.14861326
0.04116377
0.26479584
0.10353153
0.094877265
0.018229334
0.22949775
0.08322354
0.2838282
0.130828
0.69136745
0.05358947
0.80677605
0.14003819
0.11671045
0.902684
0.7584383
0.11267779
0.9864867
0.3962267
0.1136681
0.52996784
0.6502291
0.32724932
0.25237286
0.050656036
0.08423332
0.102225654
0.15987067
0.5761345
0.05999029
0.15874764
0.093067646
0.18186823
0.62082833
0.072401464
0.057972737
0.12272044
0.11399971
0.024541838
0.17522202
0.12054405
0.013063971
0.09543647
0.2236635
0.3087336
0.08645862
0.1615459
0.25153038
0.20010096
0.1260719
0.21672606
0.15966478
0.15684417
0.15031728
0.5201089
0.07927977
0.034203276
0.39271656
0.01830055
0.62451994
0.023998195
0.067770414
0.8627314
0.18412393
0.14884451
0.4119983
0.005790024
0.12958777
0.071827576
0.07755299
0.026530758
0.0563739
0.49729097
0.492197
0.11792215
0.8182946
0.15570503
0.12603825
0.8389539
0.102394864
0.81297517
0.115414284
0.12639669
0.077040285
0.1761251
0.5643902
0.26579374
0.11766693
0.09851352
0.12526722
0.042690475
0.26147494
0.08723747
0.2064455
0.002402629
0.09455624
0.7889636
0.6641817
0.11287302
0.07521369
0.3496157
0.31510046
0.03360434
0.1310163
0.14017062
0.26797614
0.5255276
0.36013764
0.91942686
0.3946137
0.68551135
0.106557325
0.12737535
0.53333
0.5324748
0.16708046
0.62186736
0.10714618
0.08503532
0.013933417
0.99809843
0.2854068
0.12409441
0.44936043
0.2730936
0.06258894
0.1868452
0.27575108
0.25194982
0.31810072
0.11760166
0.7048712
0.020918565
0.21012127
0.20445073
0.0733228
0.07789219
0.07441883
0.046544477
0.18508472
0.40537894
0.57914543
0.8208509
0.1802347
0.4137386
0.53750557
0.20562474
0.16830464
0.16114214
0.31598008
0.62145925
0.5585089
0.27722898
0.09637033
0.28199428
0.027709983
0.1759516
0.6836891
0.057184204
0.13571712
0.8204297
0.17611107
0.20825589
0.08669929
0.73363686
0.39354175
0.29624915
0.14679049
0.22203206
0.10521687
0.24377978
0.8562536
0.14766729
0.30355486
0.17297454
0.14666241
0.10424654
0.103002355
0.108849674
0.033621497
0.13471432
0.20255567
0.3963109
0.14160201
0.014678102
0.038667064
0.09736789
0.45131058
0.038134176
0.09592982
0.06381671
0.27253142
0.13270007
0.07116124
0.32699278
0.35592693
0.11014004
0.8920151
0.18383367
0.17228386
0.13455857
0.61580247
0.589775
0.13993683
0.97661155
0.053214595
0.089239
0.45984787
0.009878559
0.04617719
0.12226968
0.34343874
0.4267289
0.13849951
0.19925858
0.66179407
