0.026615074 0.9733849
1.5381843e-08 1.0
0.47798237 0.5220176
0.1535811 0.8464189
0.13060829 0.86939174
0.6289887 0.37101132
0.3960104 0.60398954
0.76570094 0.2342991
0.04155757 0.9584424
0.14896263 0.8510374
0.9636351 0.036364917
0.1279429 0.87205714
0.052134823 0.9478652
0.3002839 0.6997161
0.005832546 0.99416745
0.17410026 0.8258998
0.48289034 0.5171097
0.00024311483 0.9997569
0.6344026 0.36559746
0.12320616 0.87679386
0.05323534 0.9467647
0.018043231 0.9819567
0.010740587 0.98925936
0.4272931 0.57270694
0.43328264 0.5667173
0.9994691 0.00053087645
2.6805935e-06 0.9999974
0.9262401 0.07375991
0.35967907 0.6403209
0.8960817 0.10391825
0.15701316 0.8429869
0.029428838 0.9705712
0.30012307 0.6998769
0.9976948 0.0023052217
0.7838438 0.21615615
0.019145902 0.98085415
1.0850955e-13 1.0
0.011308608 0.98869133
0.60600233 0.39399764
0.13727967 0.8627204
0.47936648 0.52063346
0.12939237 0.8706077
0.042514507 0.9574855
0.067481786 0.9325182
0.1045593 0.89544064
0.063449055 0.9365509
0.1686843 0.8313157
0.012180351 0.9878197
0.98956966 0.01043025
2.8250235e-05 0.99997175
0.11394428 0.88605565
0.24668524 0.75331473
0.7604032 0.23959677
0.9104524 0.089547545
0.2129193 0.7870807
0.37121224 0.6287877
0.05267432 0.9473257
0.018784426 0.98121554
0.10513084 0.89486915
0.021260206 0.97873974
0.03213318 0.9678668
0.06293312 0.9370669
0.00012724356 0.9998727
0.00027610574 0.99972385
0.00042632243 0.99957365
0.11206631 0.8879337
0.4453638 0.5546362
0.0032401555 0.99675983
6.0437806e-06 0.9999939
0.8468634 0.15313661
0.0008998823 0.9991001
0.87850314 0.121496856
0.6764039 0.32359615
0.0009968926 0.9990031
0.0027325389 0.9972675
0.04139342 0.9586066
0.03656629 0.96343374
0.00016734337 0.99983263
0.0018071205 0.99819285
0.0011915547 0.9988085
0.3907736 0.6092264
0.13918883 0.8608111
0.06690464 0.9330954
0.00025700717 0.99974304
0.49461478 0.5053853
0.72211295 0.27788702
0.14302398 0.856976
0.00019261775 0.9998074
7.2059745e-05 0.9999279
0.052608855 0.9473912
0.004246595 0.9957534
1.6613847e-06 0.99999833
0.0017802648 0.99821967
0.9547844 0.045215633
0.065782346 0.9342177
0.023186157 0.97681385
0.17554311 0.8244569
0.07149492 0.92850506
0.008822052 0.991178
0.46729627 0.5327038
9.457592e-05 0.99990547
0.2681221 0.73187786
0.0048722285 0.9951278
0.010349009 0.98965096
0.08514807 0.91485196
0.6883763 0.31162372
0.08417169 0.9158283
0.23581278 0.7641873
2.697555e-07 0.99999976
0.13127613 0.86872387
0.12825134 0.8717486
0.088341326 0.91165864
0.00012230537 0.9998777
0.06959702 0.93040293
0.36960354 0.6303965
0.7474166 0.2525834
5.3136637e-06 0.99999464
0.0066371504 0.9933629
0.17572422 0.82427573
0.0007952971 0.9992047
0.429432 0.5705681
0.04554191 0.95445806
8.192472e-05 0.9999181
1.4051402e-05 0.99998593
0.003986259 0.99601376
0.22470129 0.7752987
0.16226347 0.83773655
0.04922646 0.9507735
3.2614906e-05 0.99996734
0.84250325 0.15749669
0.5660778 0.43392214
2.501306e-05 0.99997497
0.00042515987 0.99957484
0.002189144 0.9978109
0.00013757826 0.99986243
0.21256323 0.7874368
0.00020096547 0.9997991
0.010110148 0.98988986
0.09522097 0.904779
1.02500435e-05 0.99998975
0.06165913 0.9383409
0.79707825 0.20292175
0.19374129 0.8062587
0.3794455 0.62055457
0.3907736 0.6092264
0.0026388 0.99736124
0.047499344 0.9525007
0.00081871264 0.99918133
0.011078364 0.98892164
3.2114175e-10 1.0
0.022278467 0.9777215
0.117810965 0.882189
0.223821 0.776179
0.2628371 0.7371628
0.83729386 0.16270609
0.023394862 0.9766051
0.0023990555 0.997601
0.81882 0.18118003
0.0035393368 0.9964606
0.0002423183 0.9997577
0.0104652485 0.9895348
0.010076485 0.98992354
0.090704925 0.9092951
1.109358e-05 0.9999889
0.23376463 0.7662354
0.4220977 0.57790226
9.319325e-07 0.99999905
0.4469532 0.55304676
0.07532457 0.9246754
0.14524971 0.8547503
0.053161614 0.9468383
0.018541748 0.98145825
0.01047545 0.98952454
0.15142792 0.848572
2.8077643e-06 0.99999714
0.04830112 0.9516989
0.12074774 0.87925225
0.24449447 0.75550556
0.35360947 0.6463905
0.07950541 0.9204946
0.15601477 0.8439852
0.51641196 0.4835881
0.37636316 0.62363684
0.95691645 0.043083537
4.894999e-09 1.0
0.32751715 0.6724829
0.0070561063 0.9929438
0.37198195 0.6280181
0.032284275 0.96771574
0.05244579 0.9475542
0.26908934 0.7309107
0.7976061 0.20239387
0.0023453317 0.9976547
3.6947867e-07 0.99999964
0.9393816 0.06061842
0.06857644 0.93142354
0.023769312 0.97623074
2.664103e-05 0.9999734
0.044611253 0.9553887
0.03353035 0.9664697
0.8055929 0.19440708
0.24058641 0.75941354
0.16243964 0.8375603
2.0327263e-06 0.999998
1.9705177e-09 1.0
0.00016754822 0.9998324
0.0021060812 0.997894
0.16933939 0.8306606
0.64159596 0.35840404
0.17107719 0.82892287
0.048491597 0.95150834
0.1234284 0.8765716
0.6362389 0.3637611
4.1422915e-08 1.0
0.0017617648 0.9982382
5.8411235e-05 0.9999416
0.19207633 0.8079236
0.117265806 0.8827342
0.90689653 0.0931035
0.00048262154 0.99951744
0.037590977 0.962409
0.9052771 0.094722874
0.05032361 0.94967633
0.009817045 0.99018294
0.7017814 0.29821858
0.21791379 0.7820862
0.22308078 0.7769192
2.6233247e-09 1.0
0.13829808 0.8617019
0.22383395 0.77616596
0.03331365 0.9666863
5.970422e-11 1.0
3.5727524e-05 0.99996424
0.018449308 0.9815507
0.107086636 0.8929133
0.01970586 0.9802941
0.013783485 0.98621655
0.11978396 0.88021606
0.013347962 0.986652
0.0023660497 0.99763393
0.0052150474 0.994785
0.28320697 0.716793
0.21743423 0.7825658
2.1356489e-06 0.99999785
0.0017786896 0.99822134
0.97344345 0.02655659
0.09353075 0.9064693
0.5742515 0.4257485
0.0642051 0.93579495
0.7958774 0.20412259
0.43219143 0.56780857
0.40117 0.59883
0.0004697953 0.9995302
0.24439843 0.7556016
2.0571649e-07 0.99999976
0.05684897 0.94315106
0.6137551 0.38624495
4.2637405e-09 1.0
0.02957106 0.97042894
2.2661847e-05 0.99997735
0.0075032064 0.99249685
0.005564669 0.9944353
0.11348687 0.8865131
0.8609312 0.1390688
0.0041895625 0.9958105
0.6164271 0.38357285
0.41303217 0.5869679
0.4802187 0.5197813
0.66379887 0.3362011
0.124089606 0.8759104
0.008582442 0.9914175
0.5648405 0.43515953
0.101030506 0.8989695
0.800897 0.199103
0.2878165 0.71218354
0.16333945 0.83666056
8.87846e-15 1.0
0.0011595843 0.9988404
0.055211764 0.94478816
0.33457887 0.6654212
2.8268454e-05 0.99997175
0.07248605 0.92751396
0.0035976102 0.9964024
0.22499108 0.7750089
0.009169333 0.99083066
0.031396475 0.9686035
0.0069206427 0.99307936
5.677523e-15 1.0
0.0013309555 0.998669
0.016262494 0.98373747
0.002566494 0.9974335
0.43636173 0.5636383
0.0009891927 0.9990108
0.021121036 0.978879
0.11811849 0.88188154
0.17077316 0.82922685
0.01784282 0.9821571
0.16052867 0.83947134
0.066779114 0.9332209
0.17865425 0.82134575
0.025975557 0.9740244
0.02356992 0.97643
0.00093576295 0.99906427
3.931543e-05 0.99996066
0.06772841 0.9322716
0.010652028 0.98934793
0.08699682 0.91300315
0.10251677 0.8974832
0.7384781 0.2615219
0.15955965 0.84044033
0.08343512 0.9165649
0.94165516 0.05834482
0.08676387 0.91323614
0.0028642127 0.99713576
0.3907736 0.6092264
0.013420008 0.9865801
0.041049723 0.9589502
0.14993905 0.85006094
0.67855304 0.32144696
9.763263e-07 0.99999905
0.008204837 0.9917951
0.13193135 0.86806864
0.6488153 0.35118473
0.46513522 0.53486484
0.024437575 0.97556245
3.349071e-07 0.99999964
0.12191737 0.87808263
0.06699138 0.9330087
0.25385013 0.7461499
0.41900143 0.5809986
0.028333569 0.9716664
0.911365 0.08863495
0.035766024 0.964234
0.13139589 0.86860406
0.8973591 0.10264085
0.07012801 0.92987204
1.3294376e-05 0.99998665
3.0100766e-10 1.0
0.00014650419 0.9998535
0.0038902357 0.9961098
0.09649298 0.903507
0.006992555 0.9930074
0.00064272934 0.9993573
0.3608863 0.63911366
4.9385975e-09 1.0
0.033775467 0.96622455
9.4204084e-14 1.0
0.001434327 0.99856573
0.059129898 0.9408701
0.61434484 0.38565513
3.8927125e-11 1.0
0.15901303 0.84098697
0.55349696 0.44650313
0.61316013 0.38683993
0.86139554 0.13860454
0.022213053 0.9777869
6.541535e-06 0.99999344
0.20552059 0.7944794
0.10039043 0.89960957
4.5114928e-05 0.99995494
0.019898934 0.9801011
0.72314644 0.27685356
0.14027159 0.8597284
0.11280483 0.88719517
0.018644923 0.981355
0.7883418 0.21165818
0.1098011 0.89019895
0.0004200357 0.99957997
0.046721455 0.95327854
0.47175774 0.52824223
0.002471097 0.997529
0.25894913 0.7410509
0.0396626 0.96033746
0.03695099 0.96304905
0.015863754 0.9841362
0.5263447 0.47365525
0.017486868 0.9825132
0.8636125 0.13638756
0.12167328 0.8783267
0.3907736 0.6092264
0.029408671 0.9705913
0.0002383462 0.99976164
6.876353e-09 1.0
0.17357652 0.82642347
0.00094927446 0.9990507
0.18979946 0.8102005
0.5166848 0.48331517
0.010222646 0.9897774
0.18101136 0.8189886
0.8235723 0.17642777
0.55436146 0.44563845
0.00024921872 0.9997508
0.6373262 0.36267385
0.35680917 0.6431908
0.1564838 0.8435162
0.8440357 0.1559643
2.9976584e-06 0.999997
0.027085973 0.97291404
5.1778665e-05 0.99994826
0.0037522875 0.9962477
0.12959708 0.8704029
0.3577481 0.64225197
0.059536204 0.9404638
0.6435473 0.3564527
0.94284064 0.057159375
0.000874884 0.9991252
0.056318726 0.94368124
0.001953598 0.9980464
0.91568244 0.0843176
0.014971897 0.98502815
0.03417658 0.9658234
0.11936432 0.8806357
0.0034158374 0.9965842
0.51383513 0.48616487
0.10270685 0.89729315
0.13507871 0.86492133
0.83667797 0.16332203
0.00032537256 0.9996747
0.7095822 0.29041773
0.012934845 0.9870652
9.887587e-06 0.9999901
0.002573322 0.9974267
0.94806325 0.051936697
0.036141172 0.96385884
0.0006613289 0.9993387
0.3682114 0.63178855
0.17669092 0.82330906
0.24045616 0.75954384
0.47940227 0.52059776
0.8255845 0.17441548
0.6884189 0.31158105
0.09182766 0.9081723
0.3960237 0.6039763
0.091134876 0.90886515
0.03474951 0.9652505
0.0029276658 0.99707234
0.0046243356 0.99537563
0.010332311 0.98966765
0.542799 0.45720094
1.4747318e-05 0.9999852
0.4451853 0.55481476
2.7206761e-09 1.0
0.0021012283 0.9978988
0.05700126 0.9429988
0.00036663635 0.9996333
0.019891303 0.9801087
1.5119942e-11 1.0
0.0011204979 0.9988795
1.5831878e-07 0.9999999
0.027829261 0.97217077
0.3037497 0.6962503
0.0022291776 0.9977709
0.028006462 0.9719935
7.361054e-10 1.0
0.99645114 0.0035488617
0.69355106 0.306449
2.1255046e-07 0.99999976
0.15650453 0.8434955
0.039293982 0.960706
0.20339574 0.7966043
0.16188763 0.83811235
0.15121639 0.8487836
0.00200763 0.9979924
0.1133182 0.88668185
0.015707675 0.9842924
0.295964 0.704036
0.9765266 0.023473404
0.0071965465 0.9928034
0.15690042 0.8430996
0.8754775 0.12452249
0.008888285 0.9911117
0.0031472954 0.9968527
0.0065572006 0.9934428
0.84784454 0.15215538
0.15912218 0.84087783
0.17702585 0.8229742
0.045412686 0.95458734
0.023234036 0.976766
0.005918044 0.9940819
0.25130677 0.7486932
0.16301884 0.8369812
0.0009014377 0.99909854
0.0017225565 0.9982774
0.07274004 0.9272599
0.22353803 0.77646196
0.7721248 0.2278752
0.07543768 0.9245624
0.07143053 0.92856956
8.1517265e-07 0.99999917
0.028266693 0.9717333
0.6494601 0.35053995
0.0004453177 0.9995547
0.02793387 0.9720661
0.28932628 0.71067375
0.15467653 0.84532344
0.07900513 0.9209948
0.043483637 0.9565163
0.3448629 0.6551371
0.00095442246 0.99904555
0.37699783 0.6230022
0.81276876 0.18723127
5.6353963e-07 0.9999994
0.08251964 0.91748035
0.97140133 0.028598713
0.9249813 0.07501869
0.052405674 0.9475943
1.9208288e-13 1.0
0.013299919 0.98670006
0.10993005 0.8900699
0.41943794 0.58056206
0.9506886 0.049311385
0.4355377 0.5644623
0.0012763141 0.9987237
0.8618937 0.13810633
0.0038638 0.9961361
0.035218876 0.96478117
0.10649765 0.8935024
0.0018907029 0.99810934
0.009232943 0.9907671
0.0003313702 0.9996686
0.07021839 0.9297816
6.7613655e-05 0.9999324
0.08210534 0.91789466
0.3962202 0.60377973
0.13389567 0.86610436
0.89445615 0.105543815
0.41770083 0.5822992
3.3066453e-07 0.99999964
0.3106033 0.6893967
0.07925736 0.92074263
0.0013941255 0.9986059
0.018232245 0.98176783
3.3206447e-07 0.99999964
0.19471987 0.80528015
0.15294749 0.84705245
0.00042802538 0.999572
5.529236e-06 0.9999945
0.19514416 0.8048559
0.156801 0.84319896
0.0013506217 0.9986494
0.11530115 0.8846988
2.7025684e-05 0.99997294
0.13803919 0.8619608
0.054980952 0.94501907
0.64627975 0.35372025
4.3944178e-07 0.9999995
0.04534451 0.95465547
0.057437416 0.9425626
0.1939387 0.8060614
0.31298965 0.68701035
0.6394326 0.3605674
0.22165127 0.7783487
2.6638554e-07 0.99999976
0.85629004 0.14370997
0.8910932 0.1089068
0.26874694 0.731253
0.059255734 0.9407442
0.14423282 0.8557672
0.20836827 0.79163176
0.00091397256 0.999086
0.95859814 0.041401803
0.042522173 0.95747787
5.22403e-06 0.99999475
0.8954049 0.10459514
0.004551471 0.9954485
0.001568964 0.998431
0.08598168 0.91401833
0.7560708 0.24392918
1.4950568e-05 0.9999851
0.008983599 0.9910164
0.00056321936 0.9994368
0.17456323 0.8254367
0.06969219 0.9303078
0.63284475 0.36715528
0.55534387 0.44465613
0.70308113 0.29691884
0.48856926 0.5114307
7.6560225e-10 1.0
0.10477823 0.8952218
0.07652411 0.92347586
0.57626003 0.42373997
3.091453e-05 0.9999691
0.24337028 0.7566297
0.7904189 0.20958102
4.7709986e-05 0.9999523
0.02838244 0.9716176
3.3936707e-05 0.999966
0.08421742 0.9157826
0.24460936 0.75539064
0.104740515 0.89525944
0.011053923 0.98894614
0.19700672 0.80299324
0.007905366 0.9920947
0.8394374 0.16056262
0.4202725 0.5797275
0.0057800137 0.99422
0.00051527965 0.99948466
0.8390339 0.16096611
0.22678594 0.773214
0.016091242 0.9839087
2.373392e-05 0.9999763
0.17273842 0.8272616
3.4950363e-13 1.0
0.3907736 0.6092264
0.112921774 0.8870782
0.0014160326 0.99858403
0.8968813 0.103118725
0.4691248 0.53087515
0.66365755 0.33634248
0.00013078564 0.9998692
0.00677997 0.99322
0.7119678 0.28803214
0.0003800153 0.99961996
0.0036099004 0.99639004
0.3647546 0.6352454
0.00020324357 0.9997968
0.21706018 0.7829398
0.19841611 0.80158395
0.07541259 0.9245874
0.5714052 0.42859483
4.7577605e-06 0.99999523
0.00066096825 0.99933904
0.11993096 0.8800691
0.18629485 0.8137052
0.000105608975 0.9998944
0.030559115 0.9694409
0.109651946 0.890348
0.034844838 0.96515524
0.016995251 0.9830048
0.034042533 0.9659574
0.00013455235 0.9998654
0.09080839 0.9091916
0.29158723 0.7084128
7.2954164e-05 0.99992704
0.0438119 0.95618814
0.00022149051 0.99977857
0.088191636 0.9118084
0.025418328 0.9745816
0.8184338 0.1815661
0.22030963 0.7796904
0.9177631 0.082236886
0.17181702 0.82818294
0.00074523105 0.99925476
0.061054446 0.93894553
3.7952433e-10 1.0
0.986463 0.013536981
0.045640513 0.9543595
0.91271573 0.087284304
0.0051441533 0.9948559
0.013181758 0.9868182
0.2428941 0.75710595
9.0523075e-12 1.0
0.0958903 0.90410966
0.00062418234 0.9993759
0.4297494 0.57025063
0.08780064 0.9121993
0.015487157 0.98451287
0.6909851 0.30901495
0.04918167 0.9508183
0.749849 0.250151
0.027628008 0.97237194
0.060209323 0.93979067
0.008931774 0.99106824
0.61753356 0.3824664
0.0043681893 0.9956318
0.00035658834 0.99964345
0.22855844 0.7714416
0.0024899277 0.9975101
0.6254938 0.37450612
0.6561336 0.34386644
0.034483936 0.96551603
0.0039758347 0.99602413
0.0010604095 0.9989396
0.48658624 0.5134137
8.995128e-09 1.0
0.6897842 0.3102158
1.3745522e-06 0.99999857
0.007763684 0.9922363
0.41092306 0.589077
8.040662e-10 1.0
0.31386125 0.68613875
8.342396e-09 1.0
0.499049 0.50095093
0.9172303 0.08276968
0.14191389 0.8580861
0.09805872 0.9019413
0.0061054155 0.9938945
0.06744189 0.93255806
0.31315306 0.686847
0.00067448354 0.9993255
0.9456867 0.054313336
0.8925164 0.107483625
0.0005375499 0.9994624
0.83208925 0.16791071
4.9655323e-06 0.999995
0.6488304 0.35116956
0.0045348825 0.9954651
0.9890942 0.0109058255
1.2419397e-06 0.9999988
0.0904069 0.9095931
0.053293638 0.94670635
0.86251646 0.13748358
0.99167025 0.008329742
0.3907736 0.6092264
0.22291853 0.7770815
0.22663034 0.77336967
0.07682761 0.92317235
4.097828e-06 0.99999595
0.03159578 0.96840423
0.7130357 0.28696433
2.8269274e-11 1.0
0.9246516 0.0753483
0.1408923 0.85910773
0.655048 0.34495196
0.042938933 0.9570611
0.1986657 0.8013343
0.19005947 0.8099406
0.72930807 0.27069193
1.9351448e-05 0.9999807
0.0668801 0.9331199
0.00040922192 0.9995908
0.23376612 0.76623386
7.705641e-05 0.999923
0.26588038 0.7341197
0.8651678 0.13483217
0.016399927 0.98360014
0.046851866 0.9531481
0.30250847 0.6974915
0.4224566 0.57754344
0.0692311 0.9307689
0.041813355 0.9581867
0.36964706 0.6303529
0.05955722 0.9404428
0.026696244 0.97330374
0.0025713851 0.9974286
0.8692707 0.1307293
2.2999501e-08 1.0
0.0666291 0.93337095
0.05904642 0.9409536
0.003412709 0.9965873
0.28227627 0.71772367
0.72515416 0.27484587
0.0013064712 0.9986935
0.115907736 0.8840923
9.3170445e-12 1.0
0.00017334438 0.9998267
0.515799 0.484201
0.20968667 0.79031336
0.15919168 0.8408083
0.00035896667 0.99964106
0.2937452 0.70625484
0.05968714 0.94031286
0.14414392 0.85585606
2.3983335e-05 0.99997604
0.001975086 0.99802494
0.08661052 0.91338944
0.016311299 0.9836887
0.4206052 0.57939476
0.059740838 0.9402592
0.0019507683 0.99804926
0.81749195 0.18250802
0.08335404 0.916646
0.7936003 0.20639968
0.6320886 0.36791146
0.3561874 0.6438126
0.0036752054 0.9963247
0.00031690882 0.99968314
0.013987958 0.98601204
7.720696e-05 0.99992275
0.049697153 0.95030284
0.5258275 0.47417247
0.6010895 0.39891055
0.012158935 0.98784107
0.16687441 0.8331256
0.031725362 0.96827465
0.80575323 0.19424677
0.06953616 0.93046385
0.055748757 0.94425124
0.90176773 0.0982322
0.19655822 0.80344176
2.5043755e-06 0.9999975
0.89254194 0.10745803
0.011507541 0.9884925
0.0042912913 0.9957087
0.086345255 0.91365474
0.0035242606 0.99647576
0.48587126 0.51412874
0.14815499 0.85184497
6.058167e-06 0.9999939
0.32728252 0.67271745
0.22925633 0.7707437
0.7648961 0.2351039
0.0002669608 0.99973303
0.07655342 0.9234466
0.0027654832 0.9972345
0.0007731369 0.9992268
1.9463247e-08 1.0
0.5976793 0.40232068
0.23979113 0.76020885
0.5439215 0.4560786
0.1954727 0.8045273
0.020234622 0.97976536
0.86414534 0.1358546
0.06166306 0.9383369
0.7076786 0.29232138
8.927666e-06 0.99999106
0.33360934 0.66639066
0.0060789334 0.99392104
1.3468247e-09 1.0
0.0014080261 0.99859196
0.10911435 0.89088565
0.045115612 0.9548844
0.3875721 0.61242795
3.1831122e-12 1.0
0.23809858 0.76190144
0.5026656 0.49733442
5.2083866e-05 0.9999479
0.022266693 0.9777334
4.1517237e-10 1.0
0.2826961 0.7173039
0.3339627 0.6660373
0.07262709 0.9273729
8.873476e-05 0.9999113
0.577113 0.42288703
0.2668318 0.73316824
0.006224353 0.9937756
0.88716966 0.11283034
0.16247994 0.8375201
0.026131885 0.97386813
0.027742106 0.9722579
0.32774723 0.6722528
0.29787007 0.7021299
0.9337845 0.06621547
0.0001871869 0.9998128
0.6523711 0.34762892
0.6008113 0.3991887
0.29803213 0.7019679
0.8922232 0.10777682
0.51247495 0.48752502
0.042652573 0.9573474
0.07901554 0.92098445
0.022856366 0.97714365
0.0018568329 0.9981432
0.012588844 0.9874112
0.11542134 0.88457865
0.3129199 0.68708014
0.032873653 0.9671263
0.110585734 0.8894143
6.201205e-05 0.999938
0.005815927 0.9941841
0.058287762 0.94171226
0.021357294 0.9786427
0.9104663 0.08953367
0.07028111 0.92971885
0.0002260573 0.9997739
3.9002756e-05 0.999961
0.79966664 0.20033336
0.64499986 0.35500017
0.05855763 0.9414423
0.8824999 0.11750007
0.0038427298 0.9961572
0.7205841 0.2794159
0.74057114 0.25942883
0.57345414 0.4265458
6.657023e-14 1.0
0.020566326 0.9794336
0.035225444 0.9647746
0.036166746 0.9638333
0.57519794 0.42480206
0.012829195 0.98717076
0.18891823 0.8110817
5.4271887e-08 1.0
0.000811446 0.9991886
0.3907736 0.6092264
0.0050108023 0.9949892
0.90833104 0.091669
0.0005602999 0.99943966
0.31293246 0.6870675
0.072858095 0.92714185
0.016546456 0.9834536
0.03637735 0.9636227
0.25632486 0.7436751
0.9638823 0.036117673
0.22958452 0.7704155
8.272803e-09 1.0
0.52084655 0.47915345
0.11629549 0.8837045
0.027046291 0.9729537
0.013553456 0.9864465
0.22259991 0.7774001
2.514048e-06 0.9999975
5.8896963e-05 0.9999411
0.10082521 0.89917487
0.08884214 0.9111579
0.67206734 0.3279327
0.35784456 0.6421554
0.3907736 0.6092264
0.29234347 0.7076566
0.15125813 0.8487418
2.2183307e-05 0.9999778
0.0072047687 0.99279517
0.022127615 0.97787243
0.101650506 0.8983495
0.054687113 0.94531286
0.009882006 0.99011797
0.09636538 0.9036346
0.050652463 0.94934756
0.0026223115 0.99737775
0.53918874 0.46081123
0.08702787 0.91297215
0.594928 0.405072
1.1009704e-14 1.0
0.85783106 0.14216898
0.095076315 0.9049237
0.005256482 0.99474347
0.062728025 0.9372719
0.060979553 0.93902045
0.03513169 0.96486837
1.8383486e-07 0.99999976
3.2773957e-09 1.0
0.9959395 0.0040605697
0.089688145 0.9103118
0.1561572 0.84384286
0.9633933 0.036606774
0.73902106 0.26097897
0.0004663664 0.99953365
0.04438196 0.955618
0.05579554 0.94420445
0.9096 0.09039992
0.90478927 0.095210694
0.10509879 0.8949012
0.27981266 0.7201873
0.009982143 0.99001783
0.69491583 0.30508426
2.3882661e-05 0.99997616
0.0015301548 0.99846977
0.9443769 0.055623174
0.13727443 0.8627256
0.87890744 0.12109255
0.81786346 0.18213654
0.11897356 0.88102645
0.079774946 0.9202251
0.52846444 0.47153553
0.0047494867 0.99525046
0.0039356784 0.99606436
0.65949553 0.34050444
0.0006359557 0.9993641
0.00018770486 0.9998123
0.12407587 0.8759241
0.053859655 0.94614035
0.013254459 0.98674554
0.055227194 0.9447728
1.6223797e-08 1.0
0.0020721122 0.9979279
1.8068377e-10 1.0
0.879776 0.12022393
0.015352521 0.9846475
1.2053507e-09 1.0
3.4392633e-05 0.99996555
0.009354511 0.9906455
0.9015144 0.09848555
0.07512401 0.92487603
0.001324655 0.9986753
0.048784237 0.95121574
0.82825327 0.17174673
0.7586884 0.24131161
0.05207926 0.9479207
0.91992426 0.08007579
0.101980425 0.89801955
0.104794934 0.8952051
0.004744452 0.99525553
0.09835405 0.9016459
0.10492704 0.895073
0.91517425 0.0848258
0.1309511 0.86904883
0.0075448807 0.9924551
0.0025045993 0.9974954
0.0072526047 0.99274737
0.60475236 0.3952476
0.0031864007 0.9968136
0.94202447 0.057975564
0.031532828 0.9684672
0.6567016 0.34329835
0.7243141 0.27568594
0.26130152 0.7386985
0.85179555 0.14820445
0.08853283 0.9114672
0.3102716 0.68972844
0.14564405 0.85435593
1.7222306e-05 0.99998283
0.00684034 0.99315965
0.5472604 0.45273957
0.67772615 0.32227388
0.25505763 0.74494237
0.11748093 0.882519
0.6669412 0.3330588
0.19105077 0.80894923
0.8213764 0.17862362
0.11835559 0.8816444
0.6022793 0.39772072
0.11214716 0.88785285
0.104161434 0.89583856
2.5777408e-10 1.0
0.86895806 0.13104196
0.119568296 0.8804317
0.0004916822 0.99950826
0.0094254175 0.99057466
0.2575216 0.7424784
0.0068886066 0.9931114
0.0027340958 0.99726593
0.25063384 0.74936616
0.9897758 0.010224244
0.013834402 0.98616564
0.74336225 0.25663775
0.025427237 0.9745728
0.17327031 0.8267297
0.8218165 0.17818353
0.054323073 0.9456769
0.4065889 0.5934111
0.17906766 0.8209324
0.83845836 0.16154161
0.017547224 0.98245275
2.366767e-06 0.9999976
0.0048962133 0.99510384
0.4354634 0.5645366
0.14947903 0.8505209
0.3149165 0.6850835
0.69203717 0.30796283
0.15442835 0.8455716
0.27463958 0.72536045
0.08166705 0.918333
0.17118396 0.82881606
0.27063823 0.7293618
1.6919341e-13 1.0
0.0016480108 0.99835205
0.24978408 0.7502159
0.028382137 0.97161794
0.012354816 0.9876452
0.14575554 0.8542445
2.2369612e-08 1.0
0.58624774 0.41375235
0.042323876 0.9576761
0.0021005087 0.99789953
0.21074566 0.78925437
0.72370225 0.2762977
1.3693814e-06 0.9999987
0.74111676 0.25888327
0.14280689 0.85719305
0.7537552 0.24624485
0.6354517 0.36454836
5.194215e-10 1.0
0.16797079 0.83202916
0.20299801 0.797002
0.26084912 0.7391508
0.0003505602 0.9996494
0.10860751 0.8913925
0.1422184 0.8577816
0.33235243 0.66764754
7.676641e-06 0.9999924
0.028991487 0.97100854
0.7170161 0.2829839
0.09043652 0.90956354
0.93255883 0.067441225
0.14502482 0.8549752
0.9697707 0.030229246
0.0038301377 0.99616987
0.13862003 0.8613799
0.79695106 0.20304891
0.7916018 0.2083982
0.9676569 0.03234308
3.368392e-07 0.99999964
0.23096031 0.7690397
0.08918372 0.9108163
0.07575316 0.9242469
0.0364833 0.9635168
3.727316e-05 0.9999627
0.025545515 0.97445446
0.16621472 0.8337853
0.31538734 0.68461263
0.00069421146 0.9993057
0.31767103 0.682329
0.7561031 0.2438969
0.056706157 0.9432938
0.12082511 0.87917495
0.07469339 0.9253067
0.1313652 0.8686348
0.00017599191 0.999824
0.015111577 0.98488843
0.00037915964 0.9996208
0.6823024 0.3176976
0.32789785 0.6721021
0.012283604 0.9877164
0.19486135 0.8051387
0.0003770395 0.99962294
0.0038346886 0.9961653
0.03408719 0.9659128
0.4340006 0.5659994
0.3907736 0.6092264
8.0998754e-05 0.99991894
0.11965084 0.8803492
0.0977741 0.9022259
0.055768628 0.94423133
0.00050869223 0.99949133
0.1774698 0.8225302
0.77902216 0.22097781
0.5443028 0.45569724
4.6311065e-06 0.99999535
0.00011298285 0.999887
0.030967072 0.96903294
0.09150512 0.90849495
0.22664592 0.77335405
0.00046993326 0.9995301
5.6177923e-06 0.9999944
0.019273346 0.98072666
0.124311365 0.8756886
1.0374322e-08 1.0
0.8286508 0.17134926
0.15795909 0.84204084
0.065227956 0.9347721
0.99600416 0.003995894
0.8936749 0.106325075
0.96286654 0.037133407
0.49958876 0.5004112
0.9439843 0.05601564
0.92451847 0.075481504
0.9884221 0.0115778595
0.99861634 0.0013836047
0.96441597 0.035583973
0.93251145 0.06748857
0.89839315 0.10160685
0.033346515 0.96665347
0.9958776 0.004122379
0.44235003 0.55764997
0.9788952 0.02110487
0.89794457 0.1020554
0.94554716 0.054452877
0.9791312 0.020868728
0.98037016 0.019629879
0.85069394 0.14930607
0.8456224 0.15437755
0.95188236 0.04811766
0.96080637 0.039193682
0.85194445 0.1480556
0.8276749 0.17232509
0.9883867 0.011613311
0.83665204 0.16334793
0.95133924 0.04866079
0.73482 0.26517996
0.8965891 0.10341092
0.5373845 0.46261543
0.89172864 0.10827138
0.8547023 0.14529769
0.9108865 0.0891135
0.9979944 0.0020055883
0.9495621 0.050437976
0.37622824 0.6237718
0.9716381 0.028361898
0.68999654 0.31000346
0.8168549 0.18314509
0.20184621 0.79815376
0.9364063 0.06359366
0.9064454 0.09355459
0.9666239 0.0333761
0.91237366 0.08762634
0.8633616 0.13663836
0.99152136 0.00847859
0.6256568 0.3743432
0.7489778 0.2510222
0.1935168 0.80648327
0.5286881 0.4713119
0.9135166 0.08648341
0.9752358 0.024764158
0.9077894 0.09221056
0.7565587 0.24344127
0.84104896 0.15895106
0.8232166 0.17678332
0.9962632 0.0037368028
0.9906826 0.009317418
0.8738068 0.12619321
0.6793293 0.32067075
0.9998456 0.00015435395
0.9562026 0.043797366
0.5048601 0.49513984
0.6436024 0.3563976
0.70833206 0.2916679
0.6982829 0.30171704
0.44551024 0.5544898
0.8586884 0.14131156
0.8975924 0.10240758
0.8997782 0.10022181
0.7300849 0.2699151
0.95866364 0.041336346
0.87159604 0.12840396
0.72727716 0.2727229
0.91344005 0.08655988
0.80838066 0.19161932
0.9250787 0.07492128
0.95681393 0.043186024
0.8586858 0.14131425
0.6138302 0.3861698
0.99915063 0.00084933784
0.6523711 0.34762892
0.8529292 0.14707085
0.9572165 0.042783473
0.9608385 0.039161496
0.8931425 0.1068575
0.80649644 0.19350359
0.94953114 0.050468884
0.87593675 0.124063194
0.7291927 0.27080727
0.877649 0.12235096
0.3740278 0.6259722
0.8291443 0.17085567
0.80559045 0.19440947
0.8481342 0.15186575
0.8916154 0.108384594
0.24867234 0.7513277
0.99681467 0.0031853304
0.62188977 0.37811014
0.9844544 0.015545558
0.9927285 0.00727155
0.90410423 0.09589579
0.89577186 0.1042281
0.9933257 0.006674211
0.4574794 0.54252064
0.9566146 0.043385345
0.94863266 0.05136727
0.95783603 0.04216404
0.9282796 0.071720414
0.9317207 0.06827934
0.97459 0.025410026
0.8832547 0.116745286
0.9103437 0.08965624
0.90367967 0.09632035
0.93719953 0.0628004
0.99804294 0.0019570636
0.9710263 0.028973691
0.09727851 0.90272146
0.8940473 0.10595267
0.6543721 0.34562784
0.96919525 0.030804778
0.9574458 0.04255419
0.99529535 0.0047045974
0.76460826 0.23539174
0.96547735 0.034522656
0.66306627 0.33693376
0.6861792 0.31382084
0.9046896 0.09531035
0.5987575 0.40124252
0.75128025 0.2487198
0.85200155 0.14799848
0.88492244 0.11507756
0.71273905 0.28726098
0.7888938 0.21110615
0.9788492 0.021150835
0.9657052 0.034294736
0.83848137 0.16151862
0.33823818 0.6617618
0.8594476 0.14055245
0.8186089 0.18139108
0.2233152 0.7766848
0.8616891 0.13831091
0.99435955 0.0056404024
0.6391555 0.36084446
0.95041275 0.049587246
0.9956037 0.004396369
0.8954845 0.10451552
0.81519496 0.18480507
0.9428539 0.057146132
0.86541486 0.13458514
0.8633203 0.13667965
0.40879416 0.59120584
0.96568364 0.034316394
0.9590718 0.040928144
0.46256775 0.53743225
0.78140837 0.21859168
0.98203593 0.017964108
0.92181885 0.078181095
0.54026043 0.45973957
0.9894219 0.010578061
0.8728918 0.12710825
0.8920588 0.10794114
0.87721777 0.12278228
0.94613266 0.053867385
0.80874175 0.19125827
0.98574114 0.01425886
0.903379 0.09662094
0.4657349 0.53426516
0.6774767 0.32252327
0.77874523 0.22125477
0.85524654 0.14475341
0.9855436 0.014456466
0.9986462 0.0013538349
0.73099124 0.26900873
0.9548244 0.0451756
0.9802817 0.019718252
0.8436885 0.15631153
0.64830494 0.3516951
0.99282646 0.007173519
0.90262705 0.097372875
0.9009783 0.09902169
0.3503041 0.6496959
0.998941 0.0010589986
0.99725336 0.0027466188
0.9592131 0.040786922
0.9655762 0.03442382
0.9743502 0.02564971
0.13972272 0.86027724
0.85836977 0.14163029
0.41017932 0.5898207
0.97980654 0.020193402
0.8583071 0.14169285
0.1504435 0.84955645
0.8982844 0.10171559
0.8730484 0.12695158
0.8448115 0.15518847
0.37429404 0.62570596
0.92571497 0.07428498
0.064980894 0.9350191
0.9694585 0.030541563
0.81245553 0.18754448
0.9160714 0.0839286
0.56863505 0.43136498
0.99685895 0.0031410034
0.9179511 0.08204889
0.49541548 0.50458455
0.9723999 0.027600156
0.9600254 0.03997453
0.967426 0.03257401
0.8254561 0.17454398
0.9133466 0.08665346
0.9406141 0.059385937
0.8980015 0.101998575
0.96512437 0.034875706
0.75663996 0.24335998
0.90190816 0.098091856
0.9906577 0.009342296
0.85350925 0.14649078
0.30898362 0.6910163
0.17476754 0.8252325
0.9285799 0.07142012
0.8910091 0.10899098
0.9065001 0.0934999
0.7513741 0.24862586
0.94514287 0.054857183
0.8315944 0.16840558
0.99786097 0.002139001
0.6200345 0.37996545
0.9943821 0.00561791
0.28096157 0.7190384
0.8862476 0.11375242
0.83356345 0.16643658
0.999305 0.0006949893
0.22215746 0.77784246
0.8648635 0.13513646
0.7586846 0.24131536
0.9869567 0.01304325
0.6940608 0.3059392
0.8042711 0.19572893
0.12076079 0.87923914
0.8729757 0.12702431
0.88991714 0.11008283
0.96903044 0.030969488
0.93523324 0.06476673
0.56780356 0.4321965
0.967308 0.032692015
0.93066484 0.0693352
0.966291 0.03370894
0.8778274 0.12217266
0.99909925 0.00090081146
0.88627213 0.113727845
0.954188 0.04581204
0.9715092 0.02849074
0.898264 0.10173603
0.96665454 0.03334547
0.3459544 0.6540457
0.98342866 0.016571304
0.97520906 0.024790877
0.80254245 0.19745752
0.08982909 0.91017085
0.9390189 0.060981076
0.70155954 0.2984405
0.63476753 0.3652324
0.3486664 0.6513336
0.86667466 0.13332535
0.8971646 0.10283546
0.99698204 0.0030179017
0.9998529 0.00014711553
0.97840446 0.021595532
0.9717068 0.028293217
0.6181452 0.38185474
0.6173322 0.38266775
0.98404723 0.015952827
0.9484432 0.05155685
0.79270506 0.20729496
0.9244208 0.075579286
0.9996152 0.0003847534
0.4824656 0.51753443
0.8574374 0.1425626
0.82935 0.17065005
0.91018814 0.08981187
0.727618 0.27238205
0.85777676 0.14222324
0.88981444 0.110185556
0.90293205 0.09706793
0.9085022 0.09149776
0.9278292 0.07217077
0.97832423 0.02167577
0.9792454 0.020754594
0.9188437 0.08115637
0.8757604 0.12423965
0.8787718 0.12122823
0.99649966 0.0035003019
0.79229516 0.20770484
0.6381469 0.36185315
0.8659303 0.13406976
0.8892757 0.11072425
0.2962445 0.7037555
0.99971944 0.00028054084
0.6523711 0.34762892
0.952986 0.047013987
0.53748983 0.46251014
0.9042632 0.09573682
0.97198325 0.028016806
0.9780491 0.021950843
0.9167667 0.083233245
0.90005213 0.099947885
0.81157035 0.18842962
0.8866483 0.11335173
0.99209034 0.0079096705
0.13601984 0.8639802
0.930245 0.069754966
0.6934193 0.3065807
0.6523711 0.34762892
0.81507075 0.1849292
0.94659966 0.05340034
0.8270205 0.17297952
0.53649706 0.46350294
0.82062775 0.17937219
0.79274154 0.20725842
0.9918222 0.008177762
0.88975173 0.11024827
0.9773188 0.022681221
0.56153834 0.4384617
0.8488248 0.15117516
0.9325388 0.06746124
0.025892513 0.97410744
0.9126079 0.087392054
0.99977976 0.00022030747
0.9975292 0.0024707997
0.8294376 0.17056237
0.82151616 0.1784839
0.9228278 0.077172175
0.83579725 0.1642027
0.90838593 0.09161404
0.5077357 0.49226424
0.73157454 0.26842546
0.8577284 0.14227153
0.9407547 0.059245348
0.94274986 0.057250157
0.99799 0.0020100286
0.92189413 0.078105904
0.16499917 0.8350008
0.97751766 0.022482289
0.91308033 0.08691969
0.9508761 0.049123857
0.9410155 0.05898449
0.6167624 0.38323754
0.7342422 0.26575777
0.8607656 0.1392345
0.95028514 0.04971482
0.88017684 0.119823135
0.7155679 0.28443217
0.99981505 0.00018496772
0.9494881 0.050511897
0.90158635 0.09841372
0.7480539 0.25194606
0.96426433 0.035735603
0.85395724 0.14604272
0.94401723 0.055982746
0.9865102 0.013489847
0.98717344 0.012826514
0.8645553 0.13544475
0.48777798 0.512222
0.80911696 0.1908831
0.7397684 0.26023164
0.9605872 0.03941288
0.9162753 0.08372468
0.9520214 0.04797865
0.90959007 0.090409905
0.5309005 0.46909952
0.98512983 0.014870186
0.9378019 0.06219805
0.968436 0.03156402
0.9908008 0.009199247
0.13212529 0.86787474
0.53975564 0.46024436
0.9456744 0.054325506
0.748008 0.2519919
0.8581707 0.14182928
0.56975484 0.43024507
0.8467668 0.15323322
0.88792044 0.11207957
0.91790366 0.08209627
0.6923615 0.30763856
0.94300514 0.056994878
0.94862175 0.05137822
0.9991067 0.0008933183
0.86193 0.13807005
0.96394765 0.03605238
0.8405315 0.1594685
0.94040394 0.05959609
0.99594754 0.0040524555
0.9251312 0.07486877
0.28926378 0.7107362
0.9317925 0.06820757
0.89901316 0.10098689
0.82012635 0.17987368
0.5706578 0.4293422
0.9528991 0.047100853
0.9434564 0.056543525
0.5099424 0.49005753
0.83781946 0.16218056
0.96036637 0.03963362
0.83782226 0.16217776
0.19323973 0.8067603
0.24387124 0.7561287
0.9870843 0.01291562
0.95025843 0.0497415
0.9363245 0.06367555
0.6128396 0.38716045
0.95950776 0.040492207
0.9658558 0.034144234
0.52158684 0.47841316
0.9632929 0.036707133
0.75606596 0.24393402
0.9495907 0.05040932
0.9203096 0.079690374
0.1795818 0.82041824
0.9740805 0.025919467
0.81017226 0.18982773
0.8694884 0.1305115
0.86656576 0.13343418
0.90937483 0.09062518
0.6282807 0.37171933
0.98392904 0.016070949
0.9934202 0.006579781
0.9816743 0.01832577
0.9673757 0.03262434
0.91356075 0.086439274
0.9953375 0.004662455
0.76688254 0.23311748
0.996956 0.0030440341
0.97340333 0.026596619
0.91545 0.084550016
0.7322756 0.2677244
0.94227415 0.057725787
0.9406741 0.059325848
0.7703479 0.22965206
0.9689361 0.031063875
0.99566585 0.004334218
0.6915743 0.30842575
0.94369876 0.056301203
0.3958563 0.60414374
0.9927591 0.0072409413
0.40390882 0.59609115
0.9862131 0.013786894
0.97286 0.027140038
0.9812314 0.018768555
0.8575842 0.14241587
0.99080455 0.0091954265
0.86246085 0.13753922
0.93944985 0.060550164
0.55991715 0.44008285
0.61155164 0.38844836
0.69237655 0.30762345
0.6904683 0.3095317
0.042658787 0.95734125
0.99560577 0.0043942616
0.9641574 0.035842612
0.9528325 0.047167435
0.8847406 0.11525934
0.968695 0.031304967
0.90909827 0.09090174
0.08421658 0.9157834
0.9068375 0.09316249
0.80287766 0.19712234
0.9898554 0.010144556
0.88099676 0.11900323
0.94401044 0.055989522
0.9539366 0.046063416
0.8350471 0.16495286
0.9009481 0.099051856
0.9905289 0.00947106
0.87127966 0.1287204
0.9951774 0.0048226295
0.91490275 0.085097186
0.8499142 0.15008584
0.84100604 0.15899393
0.9399644 0.060035583
0.8393897 0.16061033
0.8334717 0.16652825
0.74267477 0.25732523
0.29281083 0.7071892
0.27169538 0.7283046
0.92502207 0.07497795
0.9843248 0.01567515
0.86712754 0.1328725
0.54668075 0.45331922
0.9695519 0.030448094
0.08538579 0.9146142
0.9705724 0.029427597
0.96903306 0.030966949
0.9321353 0.067864664
0.9508219 0.04917815
0.98662114 0.013378882
0.913135 0.086864956
0.9780622 0.021937752
0.5170835 0.48291644
0.9999776 2.2458686e-05
0.87834746 0.12165255
0.9470621 0.052937973
0.82751215 0.17248783
0.838689 0.16131099
0.5293385 0.47066155
0.93167335 0.068326704
0.7767081 0.2232918
0.8674741 0.13252586
0.73920846 0.2607915
0.88893855 0.11106143
0.755618 0.24438202
0.52089286 0.47910714
0.29526654 0.70473343
0.90388656 0.09611344
0.9816426 0.01835745
0.97463995 0.025360066
0.9035501 0.096449904
0.88960814 0.11039185
0.5322357 0.46776426
0.71915364 0.28084636
0.2470002 0.75299984
0.94305784 0.056942154
0.90004784 0.09995216
0.82764083 0.17235917
0.69986206 0.300138
0.8927042 0.10729586
0.9999933 6.640127e-06
0.9955764 0.0044235983
0.9252371 0.07476283
0.8721174 0.12788257
0.9493305 0.05066947
0.9133554 0.0866446
0.91918385 0.08081616
0.9257096 0.07429045
0.79365844 0.20634149
0.9095223 0.09047767
0.9961952 0.0038048415
0.9528678 0.047132224
0.7778861 0.22211389
0.11157056 0.88842946
0.92933863 0.070661426
0.82298565 0.17701437
0.8600629 0.13993704
0.99826247 0.0017375214
0.8981466 0.10185337
0.9836178 0.016382283
0.77346283 0.22653718
0.83548933 0.16451062
0.42587894 0.57412106
0.96104497 0.038955066
0.65549785 0.34450218
0.9528195 0.047180437
0.96067595 0.039324015
0.97951573 0.020484237
0.6446065 0.35539356
0.98638564 0.013614393
0.837289 0.16271101
0.6940635 0.30593652
0.9916821 0.008317933
0.9410044 0.058995567
0.6272937 0.37270632
0.87471974 0.12528025
0.9640665 0.03593343
0.99488705 0.0051129553
0.70798945 0.29201055
0.6907101 0.3092899
0.99954504 0.0004549764
0.872712 0.12728801
0.801593 0.19840705
0.8845745 0.115425505
0.61323774 0.38676223
0.48769096 0.512309
0.5687712 0.4312288
0.8071117 0.1928883
0.6306359 0.36936405
0.9203981 0.07960184
0.79448515 0.2055149
0.98866165 0.011338369
0.64391 0.35609004
0.7614215 0.23857847
0.94474626 0.055253748
0.8873317 0.112668246
0.33340958 0.6665904
0.99257636 0.007423617
0.94036984 0.05963012
0.6648224 0.33517757
0.43775445 0.56224555
0.96776795 0.032232046
0.9983058 0.001694145
0.9992557 0.00074424443
0.97524387 0.024756141
0.7624965 0.23750357
0.9858079 0.01419206
0.9644733 0.03552665
0.66790056 0.33209947
0.9937489 0.006251145
0.97951376 0.020486249
0.9575069 0.042493124
0.9436482 0.056351755
0.97610664 0.023893282
0.9647443 0.035255644
0.9115045 0.08849546
0.9990126 0.0009873515
0.9960062 0.003993858
0.8961342 0.10386581
0.97765255 0.022347454
0.41537052 0.5846295
0.9779821 0.022017958
0.9551434 0.04485666
0.96787125 0.03212873
0.9665309 0.03346905
0.9208253 0.07917472
0.2528376 0.7471624
0.987523 0.01247695
0.68872505 0.31127492
0.18316206 0.81683797
0.9374908 0.06250922
0.9012743 0.09872565
0.9498057 0.05019432
0.99525744 0.0047425795
0.8741219 0.12587811
0.9640083 0.035991795
0.99559397 0.004406056
0.5642164 0.43578362
0.9965406 0.0034593937
0.10549523 0.8945047
0.91162467 0.08837537
0.8901184 0.109881565
0.8266807 0.17331925
0.9932111 0.006788974
0.9208876 0.07911246
0.8393975 0.16060251
0.873546 0.12645401
0.9713327 0.028667271
0.84895426 0.1510457
0.87703055 0.12296946
0.851506 0.14849398
0.4257722 0.5742278
0.6128763 0.38712373
0.9883124 0.0116876
0.96571434 0.034285642
0.8773937 0.122606255
0.9237374 0.076262645
0.8434839 0.15651603
0.5998024 0.40019768
0.99906856 0.000931518
0.9994543 0.00054569595
0.5815819 0.41841808
0.9864081 0.013591858
0.8570592 0.1429408
0.86519283 0.13480714
0.9706138 0.02938621
0.7794622 0.22053777
0.734211 0.26578897
0.8043165 0.19568346
0.8596112 0.14038874
0.9958269 0.004173079
0.36427185 0.63572824
0.956203 0.043796998
0.81437814 0.18562183
0.85277665 0.14722334
0.97302204 0.026977902
0.9965094 0.0034906387
0.12120247 0.8787975
0.8224555 0.17754447
0.23438083 0.7656192
0.9998198 0.00018025818
0.97917604 0.020823931
0.6862102 0.31378987
0.9865465 0.013453496
0.9632032 0.03679682
0.88975734 0.1102427
0.99051136 0.009488652
0.9117243 0.088275686
0.9985757 0.001424361
0.48124227 0.51875776
0.9604908 0.039509166
0.9367341 0.063265935
0.58199435 0.41800568
0.5306299 0.46937007
0.4201009 0.5798991
0.9558806 0.044119406
0.9990018 0.0009981623
0.65708447 0.34291562
0.9414753 0.0585247
0.9840464 0.015953634
0.75469476 0.24530526
0.85612535 0.14387466
0.9738316 0.026168361
0.9449572 0.055042803
0.9465706 0.053429365
0.98950446 0.010495506
0.9787427 0.021257333
0.89363223 0.10636774
0.9870337 0.012966242
0.8507789 0.1492211
0.9290719 0.07092804
0.91726595 0.082734086
0.88540757 0.11459246
0.73204404 0.267956
0.7646245 0.23537552
0.9982362 0.0017637803
0.94568306 0.054316938
0.97843814 0.021561878
0.9803893 0.01961071
0.95310575 0.04689427
0.95511144 0.04488857
0.7662305 0.23376954
0.5403983 0.45960173
0.6073668 0.39263323
0.95875305 0.04124692
0.06199248 0.93800753
0.998681 0.001318936
0.8532558 0.1467442
0.6492327 0.35076728
0.95887053 0.041129414
0.091297254 0.9087028
0.98386836 0.01613166
0.9497824 0.05021765
0.99755245 0.0024475078
0.9922849 0.0077151093
0.9152288 0.084771246
0.9338741 0.066125885
0.89168245 0.10831757
0.48962927 0.5103708
0.65692383 0.34307617
0.87867194 0.12132807
0.6622528 0.33774725
0.8225296 0.17747031
0.7532207 0.24677937
0.93719965 0.06280038
0.6746839 0.325316
0.80552787 0.19447204
0.8694524 0.13054763
0.84563303 0.15436698
0.74747825 0.25252178
0.9919191 0.008080935
0.92354774 0.07645231
0.7947575 0.2052425
0.98198056 0.0180195
0.9443434 0.05565662
0.9776178 0.022382192
0.53328377 0.46671626
0.761392 0.23860805
0.9982078 0.0017922327
0.92758185 0.07241811
0.9882621 0.01173785
0.25849706 0.74150294
0.90626687 0.09373321
0.5937864 0.40621355
0.9111434 0.08885658
0.97800314 0.02199683
0.99996865 3.1318323e-05
0.99989724 0.000102694314
0.90769845 0.09230149
0.8909487 0.10905136
0.98152024 0.01847979
0.8742028 0.12579715
0.8355575 0.16444245
0.15974008 0.8402599
0.9995012 0.0004987374
0.98737013 0.012629817
0.9565148 0.043485146
0.99854517 0.0014548247
0.53898925 0.46101066
0.97485536 0.025144672
0.27640173 0.72359824
0.95137894 0.048621044
0.92619795 0.07380212
0.6891874 0.31081256
0.9678234 0.03217664
0.9862266 0.013773337
0.84589636 0.1541036
0.85768074 0.14231925
0.93328375 0.06671625
0.9729488 0.027051147
0.9880336 0.011966379
0.8829478 0.117052205
0.999355 0.0006449512
0.8954276 0.10457249
0.5620423 0.43795776
0.9851177 0.014882353
0.593901 0.40609896
0.9911669 0.008833099
0.9866839 0.013316079
0.93623716 0.06376284
0.45113203 0.54886794
0.8573825 0.14261745
0.99898595 0.0010140806
0.98430413 0.015695883
0.8027843 0.19721565
0.9739535 0.02604649
0.7558366 0.24416341
0.7321162 0.2678838
0.8694554 0.1305446
0.96436685 0.03563313
0.9372049 0.062795065
0.9110702 0.08892976
0.86238766 0.13761231
0.5488203 0.45117968
0.99987936 0.00012061927
0.92741746 0.07258256
0.8643509 0.1356491
0.9737084 0.026291542
0.9836345 0.016365461
0.95626915 0.043730844
0.3151486 0.6848514
0.9955805 0.0044194567
0.9748166 0.025183432
0.9907047 0.009295313
0.6523711 0.34762892
0.9700123 0.029987749
0.82773954 0.17226046
0.84077203 0.15922792
0.078426786 0.9215732
0.61400896 0.38599104
0.90679985 0.093200125
0.47260386 0.52739614
0.40235692 0.5976431
0.87168306 0.12831694
0.7962186 0.2037814
0.83545965 0.1645404
0.97767943 0.022320507
0.98485744 0.015142513
0.74783826 0.25216177
0.9660755 0.03392455
0.9683068 0.031693272
0.32939434 0.6706057
0.7572876 0.24271241
0.9188366 0.08116334
0.92492896 0.075071044
0.5536251 0.44637498
0.8494153 0.15058471
0.8319724 0.16802761
0.9905687 0.009431299
0.9868356 0.013164378
0.9356703 0.06432966
0.99700063 0.0029993453
0.9997942 0.00020585308
0.91606814 0.08393186
0.5498265 0.4501735
0.7855177 0.2144823
0.9808482 0.019151788
0.9896059 0.01039411
0.9282126 0.07178737
0.9571916 0.0428084
0.91036534 0.08963467
0.8725946 0.12740542
0.9204048 0.0795952
0.869526 0.13047394
0.5132181 0.48678198
0.12377669 0.8762233
0.95248526 0.04751482
0.82528895 0.17471105
0.94292367 0.05707635
0.97141886 0.028581118
0.99151915 0.008480824
0.1145886 0.8854114
0.78096724 0.21903276
0.87081283 0.12918721
0.87896895 0.1210311
0.98273796 0.01726205
0.9636426 0.036357444
0.96358824 0.036411714
0.8275703 0.17242968
0.9664066 0.033593453
0.6440582 0.35594177
0.38764742 0.61235255
0.96339643 0.036603533
0.6508324 0.34916762
0.98543626 0.014563762
0.9983925 0.0016074284
0.8542632 0.14573681
0.96371335 0.036286656
0.61619693 0.38380307
0.9316985 0.06830146
0.9648165 0.03518351
0.45428404 0.5457159
0.13644278 0.8635572
0.96171045 0.03828951
0.8570838 0.14291623
0.99919134 0.00080866326
0.9905066 0.009493418
0.8207794 0.1792206
0.9995523 0.0004477077
0.9302189 0.06978112
0.87295765 0.12704232
0.84787464 0.15212533
0.7553913 0.24460877
0.9673545 0.03264545
0.97690374 0.023096224
0.7770597 0.22294027
0.6597163 0.34028372
0.99973136 0.00026866182
0.78477764 0.21522239
0.94408745 0.05591253
0.9770278 0.02297221
0.96138 0.038619958
0.9432416 0.0567584
0.92458457 0.07541537
0.98935 0.010649999
0.9208362 0.07916377
0.7991439 0.20085609
0.9506177 0.049382318
0.9617141 0.03828595
0.8439053 0.1560947
0.9603923 0.03960773
0.94305646 0.056943525
0.80369425 0.19630572
0.899381 0.10061908
0.71187603 0.28812394
0.37744406 0.62255585
0.98292863 0.017071359
0.87842596 0.12157396
0.9828677 0.017132323
0.40361547 0.5963846
0.9311118 0.06888819
0.87169003 0.12831001
0.9879473 0.012052769
0.5539963 0.44600365
0.9316299 0.06837015
0.98376125 0.016238796
0.9298599 0.07014015
0.8944766 0.10552338
0.07106248 0.92893755
0.9995091 0.0004909384
0.9526305 0.047369443
0.9681102 0.03188977
0.9883659 0.011634118
0.20547436 0.7945256
0.84969836 0.1503017
0.9225314 0.07746854
0.9677655 0.03223443
0.53938955 0.46061042
0.98569006 0.014309892
0.81773144 0.18226852
0.6523711 0.34762892
0.9431637 0.0568363
0.3907736 0.6092264
0.8964753 0.103524685
0.91031796 0.0896821
0.6299908 0.37000918
0.98764706 0.0123529015
0.98368037 0.016319592
0.8411171 0.15888293
0.98359126 0.016408758
0.9737369 0.02626314
0.9162262 0.08377378
0.5932002 0.40679976
0.92176944 0.07823051
0.6878419 0.3121581
0.71773475 0.2822653
0.30493373 0.69506633
0.97804636 0.021953575
0.8860983 0.11390166
0.9447792 0.0552208
0.7280524 0.27194762
0.8917251 0.10827494
0.9733459 0.026654202
0.52022517 0.4797748
0.9631584 0.03684158
0.80184025 0.19815975
0.8730214 0.12697859
0.936281 0.063719004
0.976705 0.023294972
0.94990295 0.050097078
0.98751813 0.012481826
0.8185388 0.18146123
0.9102246 0.0897754
0.8916699 0.10832999
0.88814974 0.11185029
0.8181088 0.18189113
0.90361804 0.096381985
0.99230206 0.0076979636
0.017477734 0.98252225
0.91104645 0.08895356
0.86549413 0.13450582
0.85804296 0.14195707
0.84410584 0.1558942
0.9707225 0.02927747
0.87163 0.12836999
0.65990144 0.34009862
0.8774175 0.12258249
0.87421894 0.12578112
0.89030784 0.10969213
0.9477092 0.0522908
0.9961611 0.0038388658
0.13085862 0.86914134
0.81522155 0.18477844
0.3907736 0.6092264
0.9528686 0.047131453
0.48809272 0.5119073
0.87204915 0.12795086
0.99441683 0.0055832155
0.9371161 0.06288392
0.77340776 0.22659218
0.3907736 0.6092264
0.9874928 0.012507256
0.9472861 0.052713905
0.39811903 0.60188097
0.96858305 0.031416945
0.30492622 0.6950738
0.9999776 2.244753e-05
0.09548178 0.90451825
0.8155566 0.18444337
0.9074957 0.09250434
0.9441984 0.055801623
0.93822217 0.061777797
0.9482471 0.051752917
0.6321253 0.3678747
0.86794496 0.13205506
0.81400704 0.18599296
0.9344016 0.06559839
0.99822074 0.0017792959
0.607416 0.39258403
0.90325433 0.09674562
0.4194882 0.5805118
0.9669448 0.03305513
0.8213282 0.17867175
0.9061807 0.093819335
0.8656347 0.13436534
0.96862185 0.03137811
0.9143268 0.08567319
0.8087474 0.19125263
0.89754736 0.1024526
0.9145517 0.08544832
0.86021554 0.13978444
0.74321854 0.25678146
0.32525495 0.6747451
0.9295416 0.07045847
0.36901972 0.6309803
0.89130247 0.108697556
0.8741352 0.12586476
0.84086895 0.159131
0.9916304 0.008369642
0.8214033 0.17859665
0.99712926 0.0028707625
0.3712404 0.62875956
0.9903689 0.009631068
0.8101421 0.18985792
0.73128587 0.26871416
0.49234867 0.5076513
0.4167268 0.5832732
0.7072707 0.29272935
0.87556344 0.12443654
0.15258946 0.8474105
0.32289428 0.6771057
0.7899787 0.21002138
0.85195076 0.14804925
0.105872795 0.89412725
0.8620113 0.13798873
0.83728325 0.16271669
0.6750362 0.3249638
0.7368683 0.26313168
0.9485123 0.051487654
0.9923578 0.0076422025
0.91869676 0.08130323
0.37403572 0.6259643
0.8983857 0.1016143
0.9791838 0.020816134
0.21176198 0.78823805
0.52741534 0.4725847
0.21280797 0.78719205
0.63061166 0.3693884
0.8825541 0.117445886
0.91655177 0.08344825
0.9864059 0.0135940565
0.9801083 0.019891685
0.9605811 0.03941886
0.8738341 0.1261659
0.7798352 0.22016478
0.8524855 0.14751455
0.93130565 0.068694405
0.894185 0.10581503
0.87486863 0.1251314
0.7478671 0.2521329
0.9756739 0.024326133
0.96435636 0.03564364
0.5921391 0.4078608
0.94196254 0.058037426
0.9607744 0.039225623
0.9625765 0.037423454
0.67894727 0.3210527
0.98556745 0.0144325355
0.86387163 0.13612834
0.4300713 0.5699287
0.99417555 0.005824403
0.99864084 0.0013591483
0.77975863 0.22024143
0.11119077 0.8888092
0.99586004 0.004139956
0.86571634 0.13428366
0.8331693 0.1668307
0.8099599 0.19004008
0.87768567 0.122314334
0.9883265 0.011673553
0.996752 0.0032479884
0.9940029 0.005997154
0.94608814 0.05391186
0.9971187 0.0028812878
0.07633668 0.9236634
0.934142 0.065857984
0.7089558 0.29104418
0.9762365 0.023763519
0.56021076 0.43978927
0.9149307 0.08506935
0.84423536 0.1557646
0.9971564 0.0028435707
0.7984258 0.20157424
0.8980487 0.10195132
0.877394 0.122606024
0.8699374 0.13006262
0.6357771 0.36422288
0.51903015 0.48096982
0.729587 0.27041292
0.95146626 0.048533764
0.9691619 0.030838093
0.4924846 0.50751543
