0.9733849
1.0
0.5220176
0.8464189
0.86939174
0.37101132
0.60398954
0.2342991
0.9584424
0.8510374
0.036364917
0.87205714
0.9478652
0.6997161
0.99416745
0.8258998
0.5171097
0.9997569
0.36559746
0.87679386
0.9467647
0.9819567
0.98925936
0.57270694
0.5667173
0.00053087645
0.9999974
0.07375991
0.6403209
0.10391825
0.8429869
0.9705712
0.6998769
0.0023052217
0.21615615
0.98085415
1.0
0.98869133
0.39399764
0.8627204
0.52063346
0.8706077
0.9574855
0.9325182
0.89544064
0.9365509
0.8313157
0.9878197
0.01043025
0.99997175
0.88605565
0.75331473
0.23959677
0.089547545
0.7870807
0.6287877
0.9473257
0.98121554
0.89486915
0.97873974
0.9678668
0.9370669
0.9998727
0.99972385
0.99957365
0.8879337
0.5546362
0.99675983
0.9999939
0.15313661
0.9991001
0.121496856
0.32359615
0.9990031
0.9972675
0.9586066
0.96343374
0.99983263
0.99819285
0.9988085
0.6092264
0.8608111
0.9330954
0.99974304
0.5053853
0.27788702
0.856976
0.9998074
0.9999279
0.9473912
0.9957534
0.99999833
0.99821967
0.045215633
0.9342177
0.97681385
0.8244569
0.92850506
0.991178
0.5327038
0.99990547
0.73187786
0.9951278
0.98965096
0.91485196
0.31162372
0.9158283
0.7641873
0.99999976
0.86872387
0.8717486
0.91165864
0.9998777
0.93040293
0.6303965
0.2525834
0.99999464
0.9933629
0.82427573
0.9992047
0.5705681
0.95445806
0.9999181
0.99998593
0.99601376
0.7752987
0.83773655
0.9507735
0.99996734
0.15749669
0.43392214
0.99997497
0.99957484
0.9978109
0.99986243
0.7874368
0.9997991
0.98988986
0.904779
0.99998975
0.9383409
0.20292175
0.8062587
0.62055457
0.6092264
0.99736124
0.9525007
0.99918133
0.98892164
1.0
0.9777215
0.882189
0.776179
0.7371628
0.16270609
0.9766051
0.997601
0.18118003
0.9964606
0.9997577
0.9895348
0.98992354
0.9092951
0.9999889
0.7662354
0.57790226
0.99999905
0.55304676
0.9246754
0.8547503
0.9468383
0.98145825
0.98952454
0.848572
0.99999714
0.9516989
0.87925225
0.75550556
0.6463905
0.9204946
0.8439852
0.4835881
0.62363684
0.043083537
1.0
0.6724829
0.9929438
0.6280181
0.96771574
0.9475542
0.7309107
0.20239387
0.9976547
0.99999964
0.06061842
0.93142354
0.97623074
0.9999734
0.9553887
0.9664697
0.19440708
0.75941354
0.8375603
0.999998
1.0
0.9998324
0.997894
0.8306606
0.35840404
0.82892287
0.95150834
0.8765716
0.3637611
1.0
0.9982382
0.9999416
0.8079236
0.8827342
0.0931035
0.99951744
0.962409
0.094722874
0.94967633
0.99018294
0.29821858
0.7820862
0.7769192
1.0
0.8617019
0.77616596
0.9666863
1.0
0.99996424
0.9815507
0.8929133
0.9802941
0.98621655
0.88021606
0.986652
0.99763393
0.994785
0.716793
0.7825658
0.99999785
0.99822134
0.02655659
0.9064693
0.4257485
0.93579495
0.20412259
0.56780857
0.59883
0.9995302
0.7556016
0.99999976
0.94315106
0.38624495
1.0
0.97042894
0.99997735
0.99249685
0.9944353
0.8865131
0.1390688
0.9958105
0.38357285
0.5869679
0.5197813
0.3362011
0.8759104
0.9914175
0.43515953
0.8989695
0.199103
0.71218354
0.83666056
1.0
0.9988404
0.94478816
0.6654212
0.99997175
0.92751396
0.9964024
0.7750089
0.99083066
0.9686035
0.99307936
1.0
0.998669
0.98373747
0.9974335
0.5636383
0.9990108
0.978879
0.88188154
0.82922685
0.9821571
0.83947134
0.9332209
0.82134575
0.9740244
0.97643
0.99906427
0.99996066
0.9322716
0.98934793
0.91300315
0.8974832
0.2615219
0.84044033
0.9165649
0.05834482
0.91323614
0.99713576
0.6092264
0.9865801
0.9589502
0.85006094
0.32144696
0.99999905
0.9917951
0.86806864
0.35118473
0.53486484
0.97556245
0.99999964
0.87808263
0.9330087
0.7461499
0.5809986
0.9716664
0.08863495
0.964234
0.86860406
0.10264085
0.92987204
0.99998665
1.0
0.9998535
0.9961098
0.903507
0.9930074
0.9993573
0.63911366
1.0
0.96622455
1.0
0.99856573
0.9408701
0.38565513
1.0
0.84098697
0.44650313
0.38683993
0.13860454
0.9777869
0.99999344
0.7944794
0.89960957
0.99995494
0.9801011
0.27685356
0.8597284
0.88719517
0.981355
0.21165818
0.89019895
0.99957997
0.95327854
0.52824223
0.997529
0.7410509
0.96033746
0.96304905
0.9841362
0.47365525
0.9825132
0.13638756
0.8783267
0.6092264
0.9705913
0.99976164
1.0
0.82642347
0.9990507
0.8102005
0.48331517
0.9897774
0.8189886
0.17642777
0.44563845
0.9997508
0.36267385
0.6431908
0.8435162
0.1559643
0.999997
0.97291404
0.99994826
0.9962477
0.8704029
0.64225197
0.9404638
0.3564527
0.057159375
0.9991252
0.94368124
0.9980464
0.0843176
0.98502815
0.9658234
0.8806357
0.9965842
0.48616487
0.89729315
0.86492133
0.16332203
0.9996747
0.29041773
0.9870652
0.9999901
0.9974267
0.051936697
0.96385884
0.9993387
0.63178855
0.82330906
0.75954384
0.52059776
0.17441548
0.31158105
0.9081723
0.6039763
0.90886515
0.9652505
0.99707234
0.99537563
0.98966765
0.45720094
0.9999852
0.55481476
1.0
0.9978988
0.9429988
0.9996333
0.9801087
1.0
0.9988795
0.9999999
0.97217077
0.6962503
0.9977709
0.9719935
1.0
0.0035488617
0.306449
0.99999976
0.8434955
0.960706
0.7966043
0.83811235
0.8487836
0.9979924
0.88668185
0.9842924
0.704036
0.023473404
0.9928034
0.8430996
0.12452249
0.9911117
0.9968527
0.9934428
0.15215538
0.84087783
0.8229742
0.95458734
0.976766
0.9940819
0.7486932
0.8369812
0.99909854
0.9982774
0.9272599
0.77646196
0.2278752
0.9245624
0.92856956
0.99999917
0.9717333
0.35053995
0.9995547
0.9720661
0.71067375
0.84532344
0.9209948
0.9565163
0.6551371
0.99904555
0.6230022
0.18723127
0.9999994
0.91748035
0.028598713
0.07501869
0.9475943
1.0
0.98670006
0.8900699
0.58056206
0.049311385
0.5644623
0.9987237
0.13810633
0.9961361
0.96478117
0.8935024
0.99810934
0.9907671
0.9996686
0.9297816
0.9999324
0.91789466
0.60377973
0.86610436
0.105543815
0.5822992
0.99999964
0.6893967
0.92074263
0.9986059
0.98176783
0.99999964
0.80528015
0.84705245
0.999572
0.9999945
0.8048559
0.84319896
0.9986494
0.8846988
0.99997294
0.8619608
0.94501907
0.35372025
0.9999995
0.95465547
0.9425626
0.8060614
0.68701035
0.3605674
0.7783487
0.99999976
0.14370997
0.1089068
0.731253
0.9407442
0.8557672
0.79163176
0.999086
0.041401803
0.95747787
0.99999475
0.10459514
0.9954485
0.998431
0.91401833
0.24392918
0.9999851
0.9910164
0.9994368
0.8254367
0.9303078
0.36715528
0.44465613
0.29691884
0.5114307
1.0
0.8952218
0.92347586
0.42373997
0.9999691
0.7566297
0.20958102
0.9999523
0.9716176
0.999966
0.9157826
0.75539064
0.89525944
0.98894614
0.80299324
0.9920947
0.16056262
0.5797275
0.99422
0.99948466
0.16096611
0.773214
0.9839087
0.9999763
0.8272616
1.0
0.6092264
0.8870782
0.99858403
0.103118725
0.53087515
0.33634248
0.9998692
0.99322
0.28803214
0.99961996
0.99639004
0.6352454
0.9997968
0.7829398
0.80158395
0.9245874
0.42859483
0.99999523
0.99933904
0.8800691
0.8137052
0.9998944
0.9694409
0.890348
0.96515524
0.9830048
0.9659574
0.9998654
0.9091916
0.7084128
0.99992704
0.95618814
0.99977857
0.9118084
0.9745816
0.1815661
0.7796904
0.082236886
0.82818294
0.99925476
0.93894553
1.0
0.013536981
0.9543595
0.087284304
0.9948559
0.9868182
0.75710595
1.0
0.90410966
0.9993759
0.57025063
0.9121993
0.98451287
0.30901495
0.9508183
0.250151
0.97237194
0.93979067
0.99106824
0.3824664
0.9956318
0.99964345
0.7714416
0.9975101
0.37450612
0.34386644
0.96551603
0.99602413
0.9989396
0.5134137
1.0
0.3102158
0.99999857
0.9922363
0.589077
1.0
0.68613875
1.0
0.50095093
0.08276968
0.8580861
0.9019413
0.9938945
0.93255806
0.686847
0.9993255
0.054313336
0.107483625
0.9994624
0.16791071
0.999995
0.35116956
0.9954651
0.0109058255
0.9999988
0.9095931
0.94670635
0.13748358
0.008329742
0.6092264
0.7770815
0.77336967
0.92317235
0.99999595
0.96840423
0.28696433
1.0
0.0753483
0.85910773
0.34495196
0.9570611
0.8013343
0.8099406
0.27069193
0.9999807
0.9331199
0.9995908
0.76623386
0.999923
0.7341197
0.13483217
0.98360014
0.9531481
0.6974915
0.57754344
0.9307689
0.9581867
0.6303529
0.9404428
0.97330374
0.9974286
0.1307293
1.0
0.93337095
0.9409536
0.9965873
0.71772367
0.27484587
0.9986935
0.8840923
1.0
0.9998267
0.484201
0.79031336
0.8408083
0.99964106
0.70625484
0.94031286
0.85585606
0.99997604
0.99802494
0.91338944
0.9836887
0.57939476
0.9402592
0.99804926
0.18250802
0.916646
0.20639968
0.36791146
0.6438126
0.9963247
0.99968314
0.98601204
0.99992275
0.95030284
0.47417247
0.39891055
0.98784107
0.8331256
0.96827465
0.19424677
0.93046385
0.94425124
0.0982322
0.80344176
0.9999975
0.10745803
0.9884925
0.9957087
0.91365474
0.99647576
0.51412874
0.85184497
0.9999939
0.67271745
0.7707437
0.2351039
0.99973303
0.9234466
0.9972345
0.9992268
1.0
0.40232068
0.76020885
0.4560786
0.8045273
0.97976536
0.1358546
0.9383369
0.29232138
0.99999106
0.66639066
0.99392104
1.0
0.99859196
0.89088565
0.9548844
0.61242795
1.0
0.76190144
0.49733442
0.9999479
0.9777334
1.0
0.7173039
0.6660373
0.9273729
0.9999113
0.42288703
0.73316824
0.9937756
0.11283034
0.8375201
0.97386813
0.9722579
0.6722528
0.7021299
0.06621547
0.9998128
0.34762892
0.3991887
0.7019679
0.10777682
0.48752502
0.9573474
0.92098445
0.97714365
0.9981432
0.9874112
0.88457865
0.68708014
0.9671263
0.8894143
0.999938
0.9941841
0.94171226
0.9786427
0.08953367
0.92971885
0.9997739
0.999961
0.20033336
0.35500017
0.9414423
0.11750007
0.9961572
0.2794159
0.25942883
0.4265458
1.0
0.9794336
0.9647746
0.9638333
0.42480206
0.98717076
0.8110817
1.0
0.9991886
0.6092264
0.9949892
0.091669
0.99943966
0.6870675
0.92714185
0.9834536
0.9636227
0.7436751
0.036117673
0.7704155
1.0
0.47915345
0.8837045
0.9729537
0.9864465
0.7774001
0.9999975
0.9999411
0.89917487
0.9111579
0.3279327
0.6421554
0.6092264
0.7076566
0.8487418
0.9999778
0.99279517
0.97787243
0.8983495
0.94531286
0.99011797
0.9036346
0.94934756
0.99737775
0.46081123
0.91297215
0.405072
1.0
0.14216898
0.9049237
0.99474347
0.9372719
0.93902045
0.96486837
0.99999976
1.0
0.0040605697
0.9103118
0.84384286
0.036606774
0.26097897
0.99953365
0.955618
0.94420445
0.09039992
0.095210694
0.8949012
0.7201873
0.99001783
0.30508426
0.99997616
0.99846977
0.055623174
0.8627256
0.12109255
0.18213654
0.88102645
0.9202251
0.47153553
0.99525046
0.99606436
0.34050444
0.9993641
0.9998123
0.8759241
0.94614035
0.98674554
0.9447728
1.0
0.9979279
1.0
0.12022393
0.9846475
1.0
0.99996555
0.9906455
0.09848555
0.92487603
0.9986753
0.95121574
0.17174673
0.24131161
0.9479207
0.08007579
0.89801955
0.8952051
0.99525553
0.9016459
0.895073
0.0848258
0.86904883
0.9924551
0.9974954
0.99274737
0.3952476
0.9968136
0.057975564
0.9684672
0.34329835
0.27568594
0.7386985
0.14820445
0.9114672
0.68972844
0.85435593
0.99998283
0.99315965
0.45273957
0.32227388
0.74494237
0.882519
0.3330588
0.80894923
0.17862362
0.8816444
0.39772072
0.88785285
0.89583856
1.0
0.13104196
0.8804317
0.99950826
0.99057466
0.7424784
0.9931114
0.99726593
0.74936616
0.010224244
0.98616564
0.25663775
0.9745728
0.8267297
0.17818353
0.9456769
0.5934111
0.8209324
0.16154161
0.98245275
0.9999976
0.99510384
0.5645366
0.8505209
0.6850835
0.30796283
0.8455716
0.72536045
0.918333
0.82881606
0.7293618
1.0
0.99835205
0.7502159
0.97161794
0.9876452
0.8542445
1.0
0.41375235
0.9576761
0.99789953
0.78925437
0.2762977
0.9999987
0.25888327
0.85719305
0.24624485
0.36454836
1.0
0.83202916
0.797002
0.7391508
0.9996494
0.8913925
0.8577816
0.66764754
0.9999924
0.97100854
0.2829839
0.90956354
0.067441225
0.8549752
0.030229246
0.99616987
0.8613799
0.20304891
0.2083982
0.03234308
0.99999964
0.7690397
0.9108163
0.9242469
0.9635168
0.9999627
0.97445446
0.8337853
0.68461263
0.9993057
0.682329
0.2438969
0.9432938
0.87917495
0.9253067
0.8686348
0.999824
0.98488843
0.9996208
0.3176976
0.6721021
0.9877164
0.8051387
0.99962294
0.9961653
0.9659128
0.5659994
0.6092264
0.99991894
0.8803492
0.9022259
0.94423133
0.99949133
0.8225302
0.22097781
0.45569724
0.99999535
0.999887
0.96903294
0.90849495
0.77335405
0.9995301
0.9999944
0.98072666
0.8756886
1.0
0.17134926
0.84204084
0.9347721
0.003995894
0.106325075
0.037133407
0.5004112
0.05601564
0.075481504
0.0115778595
0.0013836047
0.035583973
0.06748857
0.10160685
0.96665347
0.004122379
0.55764997
0.02110487
0.1020554
0.054452877
0.020868728
0.019629879
0.14930607
0.15437755
0.04811766
0.039193682
0.1480556
0.17232509
0.011613311
0.16334793
0.04866079
0.26517996
0.10341092
0.46261543
0.10827138
0.14529769
0.0891135
0.0020055883
0.050437976
0.6237718
0.028361898
0.31000346
0.18314509
0.79815376
0.06359366
0.09355459
0.0333761
0.08762634
0.13663836
0.00847859
0.3743432
0.2510222
0.80648327
0.4713119
0.08648341
0.024764158
0.09221056
0.24344127
0.15895106
0.17678332
0.0037368028
0.009317418
0.12619321
0.32067075
0.00015435395
0.043797366
0.49513984
0.3563976
0.2916679
0.30171704
0.5544898
0.14131156
0.10240758
0.10022181
0.2699151
0.041336346
0.12840396
0.2727229
0.08655988
0.19161932
0.07492128
0.043186024
0.14131425
0.3861698
0.00084933784
0.34762892
0.14707085
0.042783473
0.039161496
0.1068575
0.19350359
0.050468884
0.124063194
0.27080727
0.12235096
0.6259722
0.17085567
0.19440947
0.15186575
0.108384594
0.7513277
0.0031853304
0.37811014
0.015545558
0.00727155
0.09589579
0.1042281
0.006674211
0.54252064
0.043385345
0.05136727
0.04216404
0.071720414
0.06827934
0.025410026
0.116745286
0.08965624
0.09632035
0.0628004
0.0019570636
0.028973691
0.90272146
0.10595267
0.34562784
0.030804778
0.04255419
0.0047045974
0.23539174
0.034522656
0.33693376
0.31382084
0.09531035
0.40124252
0.2487198
0.14799848
0.11507756
0.28726098
0.21110615
0.021150835
0.034294736
0.16151862
0.6617618
0.14055245
0.18139108
0.7766848
0.13831091
0.0056404024
0.36084446
0.049587246
0.004396369
0.10451552
0.18480507
0.057146132
0.13458514
0.13667965
0.59120584
0.034316394
0.040928144
0.53743225
0.21859168
0.017964108
0.078181095
0.45973957
0.010578061
0.12710825
0.10794114
0.12278228
0.053867385
0.19125827
0.01425886
0.09662094
0.53426516
0.32252327
0.22125477
0.14475341
0.014456466
0.0013538349
0.26900873
0.0451756
0.019718252
0.15631153
0.3516951
0.007173519
0.097372875
0.09902169
0.6496959
0.0010589986
0.0027466188
0.040786922
0.03442382
0.02564971
0.86027724
0.14163029
0.5898207
0.020193402
0.14169285
0.84955645
0.10171559
0.12695158
0.15518847
0.62570596
0.07428498
0.9350191
0.030541563
0.18754448
0.0839286
0.43136498
0.0031410034
0.08204889
0.50458455
0.027600156
0.03997453
0.03257401
0.17454398
0.08665346
0.059385937
0.101998575
0.034875706
0.24335998
0.098091856
0.009342296
0.14649078
0.6910163
0.8252325
0.07142012
0.10899098
0.0934999
0.24862586
0.054857183
0.16840558
0.002139001
0.37996545
0.00561791
0.7190384
0.11375242
0.16643658
0.0006949893
0.77784246
0.13513646
0.24131536
0.01304325
0.3059392
0.19572893
0.87923914
0.12702431
0.11008283
0.030969488
0.06476673
0.4321965
0.032692015
0.0693352
0.03370894
0.12217266
0.00090081146
0.113727845
0.04581204
0.02849074
0.10173603
0.03334547
0.6540457
0.016571304
0.024790877
0.19745752
0.91017085
0.060981076
0.2984405
0.3652324
0.6513336
0.13332535
0.10283546
0.0030179017
0.00014711553
0.021595532
0.028293217
0.38185474
0.38266775
0.015952827
0.05155685
0.20729496
0.075579286
0.0003847534
0.51753443
0.1425626
0.17065005
0.08981187
0.27238205
0.14222324
0.110185556
0.09706793
0.09149776
0.07217077
0.02167577
0.020754594
0.08115637
0.12423965
0.12122823
0.0035003019
0.20770484
0.36185315
0.13406976
0.11072425
0.7037555
0.00028054084
0.34762892
0.047013987
0.46251014
0.09573682
0.028016806
0.021950843
0.083233245
0.099947885
0.18842962
0.11335173
0.0079096705
0.8639802
0.069754966
0.3065807
0.34762892
0.1849292
0.05340034
0.17297952
0.46350294
0.17937219
0.20725842
0.008177762
0.11024827
0.022681221
0.4384617
0.15117516
0.06746124
0.97410744
0.087392054
0.00022030747
0.0024707997
0.17056237
0.1784839
0.077172175
0.1642027
0.09161404
0.49226424
0.26842546
0.14227153
0.059245348
0.057250157
0.0020100286
0.078105904
0.8350008
0.022482289
0.08691969
0.049123857
0.05898449
0.38323754
0.26575777
0.1392345
0.04971482
0.119823135
0.28443217
0.00018496772
0.050511897
0.09841372
0.25194606
0.035735603
0.14604272
0.055982746
0.013489847
0.012826514
0.13544475
0.512222
0.1908831
0.26023164
0.03941288
0.08372468
0.04797865
0.090409905
0.46909952
0.014870186
0.06219805
0.03156402
0.009199247
0.86787474
0.46024436
0.054325506
0.2519919
0.14182928
0.43024507
0.15323322
0.11207957
0.08209627
0.30763856
0.056994878
0.05137822
0.0008933183
0.13807005
0.03605238
0.1594685
0.05959609
0.0040524555
0.07486877
0.7107362
0.06820757
0.10098689
0.17987368
0.4293422
0.047100853
0.056543525
0.49005753
0.16218056
0.03963362
0.16217776
0.8067603
0.7561287
0.01291562
0.0497415
0.06367555
0.38716045
0.040492207
0.034144234
0.47841316
0.036707133
0.24393402
0.05040932
0.079690374
0.82041824
0.025919467
0.18982773
0.1305115
0.13343418
0.09062518
0.37171933
0.016070949
0.006579781
0.01832577
0.03262434
0.086439274
0.004662455
0.23311748
0.0030440341
0.026596619
0.084550016
0.2677244
0.057725787
0.059325848
0.22965206
0.031063875
0.004334218
0.30842575
0.056301203
0.60414374
0.0072409413
0.59609115
0.013786894
0.027140038
0.018768555
0.14241587
0.0091954265
0.13753922
0.060550164
0.44008285
0.38844836
0.30762345
0.3095317
0.95734125
0.0043942616
0.035842612
0.047167435
0.11525934
0.031304967
0.09090174
0.9157834
0.09316249
0.19712234
0.010144556
0.11900323
0.055989522
0.046063416
0.16495286
0.099051856
0.00947106
0.1287204
0.0048226295
0.085097186
0.15008584
0.15899393
0.060035583
0.16061033
0.16652825
0.25732523
0.7071892
0.7283046
0.07497795
0.01567515
0.1328725
0.45331922
0.030448094
0.9146142
0.029427597
0.030966949
0.067864664
0.04917815
0.013378882
0.086864956
0.021937752
0.48291644
2.2458686e-05
0.12165255
0.052937973
0.17248783
0.16131099
0.47066155
0.068326704
0.2232918
0.13252586
0.2607915
0.11106143
0.24438202
0.47910714
0.70473343
0.09611344
0.01835745
0.025360066
0.096449904
0.11039185
0.46776426
0.28084636
0.75299984
0.056942154
0.09995216
0.17235917
0.300138
0.10729586
6.640127e-06
0.0044235983
0.07476283
0.12788257
0.05066947
0.0866446
0.08081616
0.07429045
0.20634149
0.09047767
0.0038048415
0.047132224
0.22211389
0.88842946
0.070661426
0.17701437
0.13993704
0.0017375214
0.10185337
0.016382283
0.22653718
0.16451062
0.57412106
0.038955066
0.34450218
0.047180437
0.039324015
0.020484237
0.35539356
0.013614393
0.16271101
0.30593652
0.008317933
0.058995567
0.37270632
0.12528025
0.03593343
0.0051129553
0.29201055
0.3092899
0.0004549764
0.12728801
0.19840705
0.115425505
0.38676223
0.512309
0.4312288
0.1928883
0.36936405
0.07960184
0.2055149
0.011338369
0.35609004
0.23857847
0.055253748
0.112668246
0.6665904
0.007423617
0.05963012
0.33517757
0.56224555
0.032232046
0.001694145
0.00074424443
0.024756141
0.23750357
0.01419206
0.03552665
0.33209947
0.006251145
0.020486249
0.042493124
0.056351755
0.023893282
0.035255644
0.08849546
0.0009873515
0.003993858
0.10386581
0.022347454
0.5846295
0.022017958
0.04485666
0.03212873
0.03346905
0.07917472
0.7471624
0.01247695
0.31127492
0.81683797
0.06250922
0.09872565
0.05019432
0.0047425795
0.12587811
0.035991795
0.004406056
0.43578362
0.0034593937
0.8945047
0.08837537
0.109881565
0.17331925
0.006788974
0.07911246
0.16060251
0.12645401
0.028667271
0.1510457
0.12296946
0.14849398
0.5742278
0.38712373
0.0116876
0.034285642
0.122606255
0.076262645
0.15651603
0.40019768
0.000931518
0.00054569595
0.41841808
0.013591858
0.1429408
0.13480714
0.02938621
0.22053777
0.26578897
0.19568346
0.14038874
0.004173079
0.63572824
0.043796998
0.18562183
0.14722334
0.026977902
0.0034906387
0.8787975
0.17754447
0.7656192
0.00018025818
0.020823931
0.31378987
0.013453496
0.03679682
0.1102427
0.009488652
0.088275686
0.001424361
0.51875776
0.039509166
0.063265935
0.41800568
0.46937007
0.5798991
0.044119406
0.0009981623
0.34291562
0.0585247
0.015953634
0.24530526
0.14387466
0.026168361
0.055042803
0.053429365
0.010495506
0.021257333
0.10636774
0.012966242
0.1492211
0.07092804
0.082734086
0.11459246
0.267956
0.23537552
0.0017637803
0.054316938
0.021561878
0.01961071
0.04689427
0.04488857
0.23376954
0.45960173
0.39263323
0.04124692
0.93800753
0.001318936
0.1467442
0.35076728
0.041129414
0.9087028
0.01613166
0.05021765
0.0024475078
0.0077151093
0.084771246
0.066125885
0.10831757
0.5103708
0.34307617
0.12132807
0.33774725
0.17747031
0.24677937
0.06280038
0.325316
0.19447204
0.13054763
0.15436698
0.25252178
0.008080935
0.07645231
0.2052425
0.0180195
0.05565662
0.022382192
0.46671626
0.23860805
0.0017922327
0.07241811
0.01173785
0.74150294
0.09373321
0.40621355
0.08885658
0.02199683
3.1318323e-05
0.000102694314
0.09230149
0.10905136
0.01847979
0.12579715
0.16444245
0.8402599
0.0004987374
0.012629817
0.043485146
0.0014548247
0.46101066
0.025144672
0.72359824
0.048621044
0.07380212
0.31081256
0.03217664
0.013773337
0.1541036
0.14231925
0.06671625
0.027051147
0.011966379
0.117052205
0.0006449512
0.10457249
0.43795776
0.014882353
0.40609896
0.008833099
0.013316079
0.06376284
0.54886794
0.14261745
0.0010140806
0.015695883
0.19721565
0.02604649
0.24416341
0.2678838
0.1305446
0.03563313
0.062795065
0.08892976
0.13761231
0.45117968
0.00012061927
0.07258256
0.1356491
0.026291542
0.016365461
0.043730844
0.6848514
0.0044194567
0.025183432
0.009295313
0.34762892
0.029987749
0.17226046
0.15922792
0.9215732
0.38599104
0.093200125
0.52739614
0.5976431
0.12831694
0.2037814
0.1645404
0.022320507
0.015142513
0.25216177
0.03392455
0.031693272
0.6706057
0.24271241
0.08116334
0.075071044
0.44637498
0.15058471
0.16802761
0.009431299
0.013164378
0.06432966
0.0029993453
0.00020585308
0.08393186
0.4501735
0.2144823
0.019151788
0.01039411
0.07178737
0.0428084
0.08963467
0.12740542
0.0795952
0.13047394
0.48678198
0.8762233
0.04751482
0.17471105
0.05707635
0.028581118
0.008480824
0.8854114
0.21903276
0.12918721
0.1210311
0.01726205
0.036357444
0.036411714
0.17242968
0.033593453
0.35594177
0.61235255
0.036603533
0.34916762
0.014563762
0.0016074284
0.14573681
0.036286656
0.38380307
0.06830146
0.03518351
0.5457159
0.8635572
0.03828951
0.14291623
0.00080866326
0.009493418
0.1792206
0.0004477077
0.06978112
0.12704232
0.15212533
0.24460877
0.03264545
0.023096224
0.22294027
0.34028372
0.00026866182
0.21522239
0.05591253
0.02297221
0.038619958
0.0567584
0.07541537
0.010649999
0.07916377
0.20085609
0.049382318
0.03828595
0.1560947
0.03960773
0.056943525
0.19630572
0.10061908
0.28812394
0.62255585
0.017071359
0.12157396
0.017132323
0.5963846
0.06888819
0.12831001
0.012052769
0.44600365
0.06837015
0.016238796
0.07014015
0.10552338
0.92893755
0.0004909384
0.047369443
0.03188977
0.011634118
0.7945256
0.1503017
0.07746854
0.03223443
0.46061042
0.014309892
0.18226852
0.34762892
0.0568363
0.6092264
0.103524685
0.0896821
0.37000918
0.0123529015
0.016319592
0.15888293
0.016408758
0.02626314
0.08377378
0.40679976
0.07823051
0.3121581
0.2822653
0.69506633
0.021953575
0.11390166
0.0552208
0.27194762
0.10827494
0.026654202
0.4797748
0.03684158
0.19815975
0.12697859
0.063719004
0.023294972
0.050097078
0.012481826
0.18146123
0.0897754
0.10832999
0.11185029
0.18189113
0.096381985
0.0076979636
0.98252225
0.08895356
0.13450582
0.14195707
0.1558942
0.02927747
0.12836999
0.34009862
0.12258249
0.12578112
0.10969213
0.0522908
0.0038388658
0.86914134
0.18477844
0.6092264
0.047131453
0.5119073
0.12795086
0.0055832155
0.06288392
0.22659218
0.6092264
0.012507256
0.052713905
0.60188097
0.031416945
0.6950738
2.244753e-05
0.90451825
0.18444337
0.09250434
0.055801623
0.061777797
0.051752917
0.3678747
0.13205506
0.18599296
0.06559839
0.0017792959
0.39258403
0.09674562
0.5805118
0.03305513
0.17867175
0.093819335
0.13436534
0.03137811
0.08567319
0.19125263
0.1024526
0.08544832
0.13978444
0.25678146
0.6747451
0.07045847
0.6309803
0.108697556
0.12586476
0.159131
0.008369642
0.17859665
0.0028707625
0.62875956
0.009631068
0.18985792
0.26871416
0.5076513
0.5832732
0.29272935
0.12443654
0.8474105
0.6771057
0.21002138
0.14804925
0.89412725
0.13798873
0.16271669
0.3249638
0.26313168
0.051487654
0.0076422025
0.08130323
0.6259643
0.1016143
0.020816134
0.78823805
0.4725847
0.78719205
0.3693884
0.117445886
0.08344825
0.0135940565
0.019891685
0.03941886
0.1261659
0.22016478
0.14751455
0.068694405
0.10581503
0.1251314
0.2521329
0.024326133
0.03564364
0.4078608
0.058037426
0.039225623
0.037423454
0.3210527
0.0144325355
0.13612834
0.5699287
0.005824403
0.0013591483
0.22024143
0.8888092
0.004139956
0.13428366
0.1668307
0.19004008
0.122314334
0.011673553
0.0032479884
0.005997154
0.05391186
0.0028812878
0.9236634
0.065857984
0.29104418
0.023763519
0.43978927
0.08506935
0.1557646
0.0028435707
0.20157424
0.10195132
0.122606024
0.13006262
0.36422288
0.48096982
0.27041292
0.048533764
0.030838093
0.50751543
