0.0003299828 0.99967
0.024377113 0.97562295
0.8735061 0.12649381
0.049119983 0.95088
1.4041363e-07 0.9999999
0.4899976 0.5100024
0.9663864 0.033613548
0.77700424 0.22299573
0.02603145 0.97396857
0.05666423 0.94333583
0.087436065 0.9125639
0.16605867 0.8339414
0.009089474 0.9909106
8.586544e-22 1.0
0.41901505 0.580985
0.074333444 0.9256666
0.19267619 0.8073238
0.75228167 0.24771829
0.024195116 0.97580487
0.002454682 0.9975453
0.5526232 0.44737673
0.07501044 0.9249895
0.012840893 0.98715913
0.000321186 0.99967885
2.6976859e-06 0.99999726
0.00058404595 0.999416
0.05282132 0.94717866
0.17459406 0.82540596
0.011302362 0.98869765
0.0030036801 0.9969963
0.0013817501 0.99861825
0.020230023 0.97976995
0.06539198 0.93460804
0.025920173 0.97407985
0.09102399 0.908976
0.0018035449 0.9981964
0.31948742 0.6805126
0.25603673 0.74396324
0.21321373 0.78678626
0.3541469 0.64585316
0.024207622 0.9757924
0.18033664 0.8196633
0.12066333 0.87933666
3.2803215e-05 0.9999672
0.07309897 0.926901
0.03183071 0.9681693
5.3815983e-11 1.0
0.00015118977 0.99984884
0.04236866 0.9576313
0.020014664 0.97998536
0.013065931 0.98693407
0.00055824127 0.9994418
4.5276764e-05 0.9999547
0.0036304598 0.9963696
3.4295226e-06 0.99999654
0.054050475 0.9459495
0.00028006034 0.9997199
0.09605737 0.9039427
0.018059978 0.9819401
0.112031534 0.8879685
9.5333875e-05 0.99990463
0.040770683 0.9592293
0.055428974 0.9445711
0.041265376 0.95873463
0.14041185 0.85958815
0.18804161 0.81195843
0.4956951 0.50430495
0.47652122 0.52347875
0.0045167725 0.9954833
0.0177773 0.9822227
0.04067373 0.95932627
0.06312776 0.93687224
0.15431458 0.8456854
0.008534698 0.9914653
0.35766214 0.6423379
0.0014742498 0.9985258
0.63931954 0.3606805
0.1082741 0.8917259
0.9064383 0.09356163
0.00085223693 0.9991478
0.048150863 0.9518491
0.002271159 0.9977289
0.004236734 0.9957632
0.16660655 0.8333935
0.021223333 0.97877663
0.0006783693 0.9993217
0.024389852 0.97561014
0.002458971 0.99754107
0.018432373 0.98156756
0.0010756698 0.9989243
0.036306746 0.9636933
0.0003563146 0.9996437
0.04566188 0.9543381
0.7369529 0.26304716
0.0010866843 0.9989133
0.009083049 0.9909169
0.0035159462 0.99648404
0.00037376725 0.99962616
0.87841874 0.121581286
0.84367144 0.15632856
0.47585142 0.5241486
0.81845397 0.18154602
1.0756974e-06 0.9999989
0.78200585 0.21799418
0.00029294883 0.99970704
0.033567753 0.9664323
0.20546275 0.79453725
0.40272325 0.5972767
0.26815227 0.7318477
0.38606223 0.6139378
0.006950661 0.9930494
0.044535365 0.95546466
0.046236407 0.95376354
0.04134856 0.95865136
0.8087469 0.1912531
0.4333218 0.56667817
4.0278643e-05 0.9999597
0.11261878 0.8873812
0.06887914 0.9311208
0.00035684675 0.9996431
0.10882115 0.8911789
0.08822954 0.9117704
0.000335782 0.9996642
0.16055189 0.8394481
0.007465079 0.9925349
0.08379883 0.9162012
0.008260578 0.9917394
0.49606207 0.5039379
0.20483793 0.795162
0.6079051 0.39209494
0.02519399 0.97480595
0.9625613 0.037438713
0.06441283 0.9355871
0.10807736 0.8919226
0.023124352 0.97687566
0.41562194 0.58437806
0.22676954 0.7732305
0.014954642 0.9850454
0.03677629 0.9632237
0.39344937 0.6065506
2.15364e-07 0.99999976
0.00010294365 0.999897
0.010107629 0.98989236
0.8307347 0.16926524
0.056873515 0.94312644
0.056717355 0.94328266
5.902122e-05 0.999941
0.42756662 0.57243335
3.129175e-05 0.99996865
0.43744582 0.5625542
0.07644797 0.923552
0.08228877 0.9177112
0.12902305 0.8709769
0.03662853 0.96337146
0.058831103 0.94116884
0.0008961064 0.99910384
0.92197675 0.07802331
0.8474007 0.15259932
0.01743951 0.98256046
0.45058814 0.54941183
0.044022262 0.95597774
0.07615308 0.92384696
0.4430274 0.55697256
0.001590823 0.9984092
0.011269405 0.9887306
0.013995018 0.986005
0.025333107 0.9746669
0.00042000547 0.99957997
0.04228864 0.95771134
0.0006404308 0.99935955
0.017604643 0.98239535
0.22612451 0.77387553
0.9724106 0.027589409
0.43792078 0.5620792
0.077063024 0.9229369
0.00025991592 0.99974006
0.00013576706 0.9998642
0.47322753 0.52677244
0.02272214 0.9772778
0.007843719 0.99215627
0.00033557334 0.9996644
0.73974884 0.26025122
0.11631777 0.88368225
0.011974998 0.988025
2.863376e-05 0.9999714
0.08047962 0.9195204
0.07222314 0.9277769
0.43810534 0.56189466
0.121808596 0.8781914
0.08274323 0.91725683
0.0039962106 0.9960038
0.15225308 0.8477469
0.8096149 0.19038512
0.0014163319 0.9985837
5.3010817e-06 0.99999475
0.36433947 0.63566047
6.181803e-05 0.99993813
0.0024768396 0.9975231
0.019972006 0.980028
0.003606551 0.9963935
0.00022348453 0.99977654
0.35775328 0.6422467
0.004011897 0.9959881
0.07941237 0.9205876
0.052795656 0.9472043
0.07826678 0.9217332
0.016001247 0.9839987
0.0001463552 0.9998536
0.015071198 0.9849288
0.059333954 0.9406661
0.22210303 0.777897
0.009004981 0.990995
0.043039594 0.95696044
1.856056e-08 1.0
0.11644156 0.88355845
0.123768136 0.8762319
0.19228427 0.8077158
0.88818544 0.11181458
0.17160437 0.82839566
0.0027279414 0.9972721
0.009095711 0.9909043
0.09854743 0.9014526
0.0081716 0.99182844
0.25848466 0.74151534
0.098837554 0.9011625
1.2159071e-06 0.9999988
5.7291192e-05 0.99994266
0.93810785 0.06189215
0.0846653 0.9153347
0.9615947 0.03840525
0.00020679894 0.99979323
0.002931195 0.9970688
0.01917786 0.98082215
0.48078257 0.5192174
0.96778494 0.032215003
0.18063106 0.8193689
0.21527256 0.78472745
0.05632233 0.9436777
7.140288e-07 0.9999993
0.6438389 0.35616112
0.015348526 0.98465145
0.008840124 0.99115986
5.5834695e-05 0.9999442
5.55766e-07 0.9999994
0.014527549 0.9854725
0.04479799 0.95520204
0.027781691 0.97221833
0.3975962 0.6024037
0.095907405 0.9040926
0.040348247 0.95965177
0.0046315026 0.9953685
0.5150841 0.4849159
0.044541087 0.9554589
0.005550817 0.99444914
0.21807626 0.7819238
0.019764114 0.98023593
0.15382764 0.84617233
0.00020234985 0.99979764
0.16084364 0.8391563
0.06564537 0.93435466
0.00011762822 0.99988234
0.039246093 0.960754
0.14545661 0.8545434
0.04922901 0.95077103
0.94421583 0.055784147
0.16537765 0.8346223
0.10628725 0.89371276
0.00022184981 0.9997782
0.005870718 0.9941293
0.052145638 0.9478544
0.116788164 0.8832118
9.114366e-08 0.9999999
0.00094589667 0.99905413
0.051208682 0.9487914
0.11449147 0.8855085
0.090501994 0.909498
0.02589282 0.9741072
0.08229445 0.91770554
2.9127186e-05 0.9999709
0.026612228 0.9733878
0.043371722 0.95662826
0.0025445954 0.9974554
0.061745327 0.9382546
0.74344003 0.25655994
0.0030651677 0.9969348
0.87129825 0.12870176
0.00024555624 0.9997545
0.012873162 0.9871269
0.40606964 0.59393036
0.68050575 0.31949428
0.06252517 0.9374748
1.164001e-07 0.9999999
1.2960048e-06 0.9999987
0.95413697 0.045862995
0.8429971 0.15700291
0.0047514145 0.9952486
4.92096e-05 0.99995077
0.06715974 0.9328403
9.3587744e-08 0.9999999
0.04555448 0.9544455
0.8006668 0.19933315
0.30282453 0.6971755
0.82862717 0.17137282
0.01256867 0.9874313
0.07727574 0.92272425
0.28069404 0.719306
0.011690684 0.98830926
0.010540534 0.9894595
0.04933824 0.9506618
0.003704964 0.99629503
0.28917202 0.710828
0.24509935 0.7549007
0.9099437 0.0900563
0.0940274 0.9059726
0.8369778 0.16302226
2.2430478e-07 0.99999976
0.27404734 0.7259527
0.09437193 0.905628
0.1274519 0.87254816
0.003963697 0.99603635
0.016851896 0.9831481
0.39455274 0.60544723
0.38098297 0.619017
0.094261676 0.90573835
0.0073761805 0.9926238
0.09231955 0.9076804
0.00871089 0.99128914
0.29930604 0.70069396
0.008941694 0.99105835
0.8551136 0.14488637
0.36779383 0.6322062
0.10551625 0.89448375
0.49106878 0.5089312
0.3421077 0.6578923
0.42766225 0.57233775
6.9459675e-05 0.9999305
0.00046419445 0.9995358
0.00024825567 0.99975175
0.87031233 0.12968773
0.07397705 0.926023
0.1914835 0.8085165
0.10238435 0.8976157
0.0503374 0.94966257
0.61887836 0.3811216
0.21772903 0.782271
0.06016779 0.93983227
0.14994971 0.8500503
0.0010328202 0.9989672
0.043117348 0.9568826
0.030771524 0.96922845
0.09513799 0.904862
0.07393842 0.9260615
0.0017608568 0.99823916
0.0005313656 0.9994686
1.598982e-07 0.9999999
3.114562e-09 1.0
0.05168247 0.9483175
0.18176362 0.8182364
0.0009607304 0.9990393
0.8974716 0.10252839
3.950372e-05 0.99996054
0.004652813 0.9953472
0.06509179 0.9349082
0.07694837 0.9230516
0.024778074 0.9752219
0.81990445 0.18009552
0.00048498754 0.99951506
0.51895225 0.48104778
0.074724816 0.9252752
0.0040549543 0.99594504
0.8887543 0.111245684
0.8244169 0.17558318
8.802695e-06 0.9999912
0.9177825 0.08221752
0.04685899 0.953141
0.96370316 0.036296885
0.0026511496 0.9973488
0.0010319012 0.9989681
7.859013e-22 1.0
0.20856926 0.7914308
3.443865e-09 1.0
0.23232785 0.7676721
0.5941339 0.40586612
0.38312444 0.6168755
0.2625756 0.7374244
0.031674214 0.96832573
0.1746852 0.8253148
0.0020109871 0.99798906
1.4972647e-07 0.9999999
0.12352719 0.8764728
0.89858246 0.10141749
0.5291669 0.4708332
0.8518754 0.14812464
0.059695903 0.9403041
0.048489578 0.9515104
0.26777902 0.73222095
0.12602119 0.87397885
0.8354676 0.16453244
0.00048254675 0.99951744
2.0955435e-11 1.0
0.019128948 0.980871
0.04914444 0.9508556
0.66604495 0.33395508
0.63428885 0.3657112
0.02656025 0.9734397
0.42273808 0.5772619
0.4443817 0.5556183
0.05488399 0.94511604
0.18874887 0.81125116
0.0018614073 0.99813855
0.010976755 0.9890232
0.14691137 0.8530886
0.619212 0.38078803
0.023538915 0.97646105
0.097109966 0.9028901
0.021130867 0.97886914
6.737724e-05 0.99993265
0.0024246986 0.99757534
5.569807e-06 0.9999944
0.042400382 0.9575996
1.0602065e-06 0.9999989
0.97883385 0.021166116
0.19043843 0.80956155
0.017284324 0.9827156
2.1052709e-05 0.9999789
0.004996644 0.9950034
0.13842022 0.8615798
0.48298526 0.5170147
4.1660776e-05 0.9999584
0.85359097 0.14640903
0.00101527 0.99898475
0.4430274 0.55697256
0.007481087 0.9925189
0.9886797 0.011320339
3.2324007e-08 1.0
0.0026890724 0.997311
0.0017724886 0.99822754
0.031565074 0.9684349
0.013928897 0.98607105
0.97854966 0.021450303
0.062057395 0.9379426
9.155735e-06 0.9999908
0.00040871743 0.9995913
0.29234707 0.70765287
0.1705077 0.82949233
8.371537e-05 0.9999163
0.4314794 0.5685206
0.032421324 0.96757865
0.4010218 0.59897816
0.015058648 0.9849414
0.13183628 0.86816376
0.019829862 0.9801702
0.5664984 0.4335016
0.5318396 0.46816042
0.01883186 0.98116815
0.4430274 0.55697256
0.013598189 0.98640186
0.008943202 0.9910568
0.041009884 0.95899016
0.7373163 0.26268366
0.004940587 0.9950595
0.09197779 0.9080222
0.07425315 0.92574686
6.6469554e-05 0.9999335
0.5224018 0.47759813
0.8501017 0.14989835
6.4845756e-07 0.9999994
0.042731103 0.95726895
0.2847908 0.7152091
0.6174832 0.38251683
0.005575728 0.9944243
0.19687557 0.8031244
0.12572095 0.8742791
0.0003113796 0.9996886
0.16323403 0.83676594
2.024273e-17 1.0
9.525919e-05 0.99990475
0.45133433 0.54866564
0.14534931 0.8546506
0.00012977194 0.9998702
0.4430274 0.55697256
0.0021482338 0.99785185
9.545938e-06 0.99999046
0.11551303 0.884487
0.32233766 0.6776624
0.03553757 0.96446246
0.048181143 0.9518189
0.48438755 0.5156124
0.07105623 0.92894375
0.40118933 0.59881073
0.1015612 0.8984388
0.29292694 0.70707303
0.78785884 0.21214119
0.49241373 0.50758624
0.0007997711 0.9992003
0.27119368 0.7288064
0.069167525 0.93083245
0.11615694 0.8838431
0.020696998 0.97930306
0.8829566 0.1170434
0.87760884 0.122391224
0.12637137 0.8736286
0.024245666 0.9757544
0.91043323 0.089566715
0.026604839 0.9733952
0.80195093 0.19804905
0.0040430934 0.99595684
2.1039427e-06 0.99999785
0.11916252 0.88083744
0.92044896 0.07955104
0.035652816 0.9643471
0.05002352 0.9499765
0.9161363 0.08386359
0.81024295 0.18975703
0.012634796 0.9873652
2.1559103e-08 1.0
0.15070866 0.8492914
0.0026386958 0.99736124
0.067921765 0.93207824
0.013465235 0.9865348
0.5324861 0.4675139
0.032782424 0.9672175
0.45886868 0.5411313
0.00016591803 0.99983406
0.00028335283 0.9997166
0.010700591 0.9892994
0.004987572 0.99501234
0.4823929 0.51760703
0.00051343505 0.99948657
7.803578e-06 0.99999225
0.040571436 0.95942855
0.0021984265 0.9978016
0.0069826134 0.99301744
0.09172397 0.9082761
3.4524113e-05 0.9999654
0.014873874 0.98512614
0.8918301 0.108169965
0.069281824 0.93071824
0.94481224 0.0551878
0.011378797 0.9886212
0.0016158097 0.99838424
0.011601462 0.9883986
0.06045276 0.9395473
0.017217197 0.9827827
0.19667383 0.80332613
6.0516946e-08 0.9999999
0.07243705 0.927563
0.00055803615 0.9994419
0.052318946 0.947681
0.58107656 0.4189234
0.12513816 0.8748619
0.5544871 0.44551292
0.014479397 0.98552054
0.053034954 0.946965
0.9211951 0.078804925
0.14809322 0.8519067
0.00015370609 0.9998462
0.71427196 0.285728
0.45000973 0.5499903
0.07476974 0.9252302
0.0027609996 0.997239
0.033564568 0.9664354
5.7157446e-05 0.9999429
0.36739886 0.6326011
0.1757178 0.8242822
0.0016624738 0.9983375
0.049147945 0.95085204
0.33827034 0.6617297
0.0037977898 0.9962022
0.76283026 0.2371697
0.062543124 0.9374569
0.043905433 0.9560945
0.025452448 0.97454756
0.0017196039 0.9982804
4.451975e-05 0.99995553
0.0777457 0.92225426
0.024725027 0.9752749
0.048155293 0.9518447
0.007839302 0.99216074
0.031884253 0.9681158
0.18013446 0.8198655
1.3331284e-05 0.99998665
0.028136775 0.9718632
0.00659009 0.99340993
0.05366962 0.9463303
0.1916436 0.8083564
0.10377923 0.8962208
0.106047966 0.893952
0.57661664 0.42338336
5.5798497e-05 0.9999442
0.017506564 0.98249346
0.19231042 0.80768955
0.0043240436 0.995676
0.0007577889 0.9992422
0.02340384 0.9765961
0.013034028 0.986966
0.00088275387 0.9991172
0.51267767 0.48732242
0.044474494 0.9555255
0.04971496 0.9502851
0.002575601 0.9974245
0.017861081 0.982139
0.21945624 0.78054374
0.5103098 0.48969024
0.0103320135 0.989668
0.9165649 0.08343512
0.021102073 0.9788979
0.84555393 0.15444607
0.7012969 0.29870304
0.9299118 0.0700882
0.026079565 0.9739204
0.98949385 0.010506241
5.795085e-06 0.99999416
0.18068388 0.8193161
0.21380253 0.78619754
1.3965622e-05 0.99998605
0.9283516 0.071648456
0.06736067 0.93263936
2.7495018e-05 0.99997246
0.67345965 0.32654032
0.1159799 0.8840201
0.3181821 0.6818179
0.44711816 0.5528818
0.0052492265 0.9947508
0.0013253203 0.99867475
0.028931083 0.9710689
0.00024372569 0.9997563
0.07955469 0.9204453
0.71424526 0.2857547
0.26336455 0.7366354
0.009766282 0.99023366
0.13336785 0.8666322
0.0010717538 0.99892825
0.108958595 0.89104146
0.46979117 0.53020877
0.037812475 0.9621875
0.018541306 0.9814587
0.095945366 0.90405464
0.08223237 0.91776764
0.020620517 0.97937953
0.0072183907 0.9927816
0.053748813 0.9462512
0.13966875 0.86033124
0.00093523384 0.99906474
0.18144345 0.8185565
0.0999831 0.90001684
0.29677975 0.7032203
5.1476563e-05 0.9999485
6.5055866e-07 0.9999994
0.011920099 0.98807997
0.045227613 0.95477235
0.6991941 0.30080596
0.24778725 0.75221276
0.02489081 0.9751092
0.3655894 0.63441056
0.24712591 0.75287414
0.20923577 0.7907642
0.000549852 0.99945015
0.07044096 0.929559
0.09286513 0.90713483
0.0024668549 0.9975331
0.056407824 0.9435922
0.4430274 0.55697256
0.0060107964 0.9939892
0.0019585188 0.9980415
9.538444e-05 0.99990463
1.5589089e-07 0.9999999
0.047180984 0.952819
0.05736133 0.94263864
0.08865016 0.91134983
0.0054385373 0.9945615
0.015723983 0.98427594
0.03269736 0.9673026
0.20128019 0.79871976
0.2909901 0.7090099
0.009353567 0.9906465
0.13230218 0.8676978
1.4059458e-05 0.99998593
0.019380763 0.9806192
0.10348111 0.8965189
0.1481306 0.85186934
0.11316991 0.88683003
0.00011055382 0.9998895
0.00014954092 0.9998504
0.025696278 0.9743037
0.20224306 0.7977569
0.012177648 0.98782235
0.47351187 0.5264882
0.6758753 0.3241247
0.00020490099 0.99979514
0.043623988 0.95637596
0.04991158 0.9500884
5.7748706e-10 1.0
0.0005185046 0.9994815
0.4007445 0.5992555
0.10335733 0.8966427
1.772891e-05 0.99998224
0.032841876 0.9671581
1.8192026e-07 0.99999976
0.24749169 0.7525083
0.020394368 0.9796056
0.970242 0.029757917
0.50738984 0.49261016
0.19814284 0.8018572
0.00038417394 0.9996158
0.030195491 0.96980447
0.14638314 0.85361683
0.00084605283 0.999154
0.84826297 0.15173711
0.046718437 0.9532816
0.05469294 0.94530714
0.025825754 0.9741743
1.1839087e-07 0.9999999
0.024562823 0.9754372
0.23821226 0.7617878
0.025890924 0.974109
0.3322981 0.6677019
0.0061315307 0.9938685
0.10914021 0.8908597
0.37644884 0.62355113
0.0011616611 0.99883837
0.021700304 0.97829974
0.006039325 0.99396074
0.8381928 0.16180715
4.3707892e-05 0.99995625
0.009311595 0.9906883
0.036839996 0.96316
0.015143412 0.98485667
0.02588771 0.9741123
0.0019294253 0.99807066
0.039021518 0.9609785
0.81740576 0.1825942
0.055593744 0.9444062
0.0033952068 0.9966048
7.170994e-05 0.99992824
0.0404966 0.95950335
0.14283162 0.8571684
0.89755297 0.10244708
0.039082732 0.9609173
0.33782235 0.6621776
0.0012304966 0.99876946
0.09424498 0.905755
0.05013578 0.9498642
0.0010225499 0.9989774
0.044537697 0.9554623
0.6188479 0.38115206
0.030305125 0.96969485
0.44403347 0.5559665
0.0049661505 0.99503386
0.017307391 0.9826926
0.38650027 0.61349976
0.9650132 0.03498678
0.05737639 0.94262356
9.522861e-06 0.99999046
0.12540823 0.8745918
0.23742165 0.7625784
0.83986294 0.16013713
0.23649053 0.76350945
2.7617282e-06 0.99999726
0.000407762 0.99959224
0.00010765135 0.99989235
0.15794295 0.8420571
0.09083388 0.90916604
5.265861e-06 0.99999475
0.110672615 0.88932735
0.086643465 0.91335654
0.024140766 0.9758592
9.76692e-19 1.0
0.5672283 0.43277168
0.09544683 0.9045532
0.13153817 0.8684618
0.08653247 0.9134675
0.10476977 0.89523023
0.28917375 0.7108262
0.00015817296 0.9998418
0.077162944 0.922837
0.13267982 0.8673202
0.008568942 0.99143106
0.12669824 0.87330174
0.033761717 0.96623826
0.14313285 0.8568672
0.92616314 0.07383682
0.04277617 0.95722383
0.029597163 0.9704028
3.380524e-05 0.99996614
0.011650533 0.98834944
0.006564112 0.99343586
0.00022675455 0.9997732
0.0049940157 0.995006
0.0005593256 0.9994406
0.13444492 0.86555505
0.047528017 0.9524719
0.00057540333 0.9994246
0.0011294651 0.99887055
0.22901696 0.770983
0.94388264 0.05611729
0.16410896 0.83589107
0.048906222 0.9510938
0.044696596 0.9553034
0.015227642 0.9847723
0.07728294 0.92271703
0.013371192 0.9866288
0.013291036 0.986709
0.078696705 0.9213033
0.015528952 0.9844711
0.00238147 0.9976185
0.00095142087 0.99904853
0.00039210514 0.99960786
0.0033322729 0.9966677
0.25584942 0.7441505
0.8301525 0.16984753
0.005596231 0.9944037
0.13946089 0.86053914
0.119572975 0.880427
0.10474986 0.8952501
0.0023831248 0.9976169
0.78630173 0.21369831
0.012749353 0.9872507
0.00055785244 0.99944216
0.761417 0.23858297
0.01930222 0.98069775
0.035710253 0.9642897
0.00040479415 0.9995952
0.4430274 0.55697256
0.001177754 0.9988223
0.007953261 0.9920467
0.016890602 0.9831094
0.0019277151 0.99807227
0.2792066 0.7207934
0.07157738 0.9284226
0.0050185444 0.99498147
0.09330521 0.9066948
0.0055975057 0.99440247
0.050000113 0.94999987
0.009403547 0.99059653
0.002027531 0.9979724
0.014679205 0.98532075
0.33389336 0.66610664
0.004021145 0.99597883
0.14998819 0.8500118
0.00024029553 0.99975973
0.002446534 0.9975535
0.0016086241 0.99839133
0.045269 0.954731
0.055296924 0.94470304
0.07763206 0.92236793
0.093160674 0.9068393
0.37396148 0.6260385
0.8643756 0.13562433
0.40710196 0.5928981
0.000265225 0.9997348
0.021505477 0.9784945
0.091355935 0.908644
0.041138604 0.9588615
0.037315223 0.9626848
0.0060943607 0.9939056
0.074460685 0.9255393
0.0037915222 0.9962084
0.012558184 0.9874419
0.01659794 0.983402
0.033192568 0.9668074
0.041142438 0.9588576
0.18835446 0.8116455
0.0037674806 0.99623257
0.003648205 0.99635184
0.016366722 0.98363334
0.40825865 0.59174144
0.38940096 0.6105991
0.86463034 0.13536972
0.7933941 0.20660597
0.051798124 0.94820184
0.00805324 0.99194676
0.0031215614 0.9968784
1.714473e-20 1.0
0.019661656 0.98033834
0.0005062799 0.9994937
0.91333306 0.08666698
0.23092142 0.7690786
5.4814695e-09 1.0
0.002363613 0.99763644
0.006882464 0.9931176
0.00075715117 0.9992429
0.5129584 0.48704153
0.21592648 0.78407353
0.026640324 0.97335964
0.00017934696 0.99982065
0.8060268 0.1939732
0.0383304 0.96166956
0.039959136 0.9600409
0.13761105 0.8623889
0.90846837 0.09153168
0.008999223 0.99100083
0.920729 0.07927104
0.00024016818 0.99975985
0.063400604 0.9365993
0.036576103 0.9634239
0.9421199 0.057880115
0.096942805 0.90305716
7.014964e-05 0.9999299
0.007817608 0.9921823
0.36260304 0.63739693
0.08530436 0.9146957
0.79851115 0.20148885
0.7578659 0.24213406
4.0937625e-06 0.99999595
0.0025695856 0.9974304
0.30315617 0.69684386
0.2456404 0.75435954
0.014562824 0.9854372
0.17203696 0.82796305
0.010390598 0.98960936
0.03118936 0.9688107
0.12355883 0.8764412
3.678262e-05 0.99996316
0.00016969706 0.99983025
0.07511147 0.92488855
0.58275086 0.41724917
0.500076 0.49992403
0.36140773 0.63859224
0.06948823 0.9305117
3.820406e-07 0.99999964
2.825692e-06 0.99999714
0.0003410807 0.99965894
0.007998294 0.99200165
0.14724845 0.85275155
0.04160346 0.9583965
0.015579998 0.98442
0.060755797 0.9392442
0.08828755 0.91171247
0.8537951 0.14620489
0.00971999 0.99028
0.07496761 0.9250324
0.007512785 0.9924872
0.3164172 0.6835828
0.13941284 0.8605872
1.9392974e-06 0.9999981
0.011302186 0.9886979
0.098935574 0.90106446
0.28104758 0.7189525
0.0327533 0.9672468
2.0274653e-09 1.0
0.002036274 0.9979638
0.029175347 0.9708246
0.0156190265 0.98438096
0.8633977 0.13660236
7.688325e-07 0.9999993
0.2592335 0.7407665
0.00052824896 0.9994717
0.092712335 0.9072876
0.029922506 0.97007746
4.286779e-07 0.9999995
0.002482513 0.99751747
0.03925318 0.9607468
0.17864485 0.82135516
1.6309336e-08 1.0
0.9056275 0.0943726
0.04453231 0.9554677
0.0027318993 0.9972681
0.9458506 0.054149374
0.0075392597 0.9924608
0.117023274 0.8829767
0.018987741 0.9810122
0.013258696 0.98674136
0.057539158 0.9424608
0.1679612 0.8320388
0.94226825 0.05773181
0.4365611 0.5634389
0.064949304 0.93505067
0.0007723096 0.99922764
0.027807413 0.9721925
0.013802633 0.9861974
0.8209089 0.17909108
0.23316509 0.7668349
5.2048912e-05 0.9999479
3.2660504e-05 0.99996734
0.00057732477 0.99942267
0.11533949 0.88466054
2.3237334e-09 1.0
0.002696834 0.9973031
0.09507234 0.9049277
2.675159e-06 0.9999974
0.040770113 0.9592298
0.58038986 0.41961017
0.0027879183 0.9972121
0.89287806 0.107121915
0.03332521 0.96667486
0.5119334 0.48806655
0.20258732 0.7974127
0.0155277485 0.9844722
0.0002594591 0.99974054
0.026465893 0.97353417
0.8221914 0.17780852
3.5355642e-05 0.9999646
2.1780104e-07 0.99999976
0.9074697 0.092530325
0.00021569054 0.9997843
5.096768e-07 0.9999995
0.00062696927 0.999373
0.19903642 0.8009636
2.8725874e-05 0.9999713
0.9499309 0.050069116
0.031437457 0.96856254
2.8647245e-13 1.0
0.00025629657 0.99974364
0.5034087 0.49659133
0.046518248 0.9534817
0.4430274 0.55697256
0.81903243 0.18096752
9.359646e-05 0.9999064
0.4430274 0.55697256
0.011185212 0.9888148
0.18036473 0.8196353
0.36718014 0.63281983
0.0075853495 0.99241465
0.26281452 0.73718554
0.0051110834 0.99488896
0.0035421078 0.9964579
0.00010804503 0.999892
0.06490309 0.935097
0.0029206728 0.9970794
0.47287717 0.5271228
0.20091057 0.7990895
0.20522892 0.79477113
0.015123446 0.9848765
0.15359832 0.84640175
0.00018715336 0.9998129
0.20917447 0.7908255
0.85810536 0.14189467
0.045828957 0.95417106
0.07574757 0.9242524
0.5833095 0.41669053
0.5992451 0.40075496
0.057359282 0.9426407
0.0041609695 0.995839
0.012397462 0.98760253
0.0014410664 0.99855894
5.7585992e-05 0.9999424
0.9156563 0.0843436
0.028622815 0.97137713
5.3682996e-08 1.0
0.0013841228 0.99861586
0.016432015 0.98356795
1.5723595e-05 0.99998426
0.60079366 0.39920634
0.07149295 0.92850703
0.030898461 0.96910155
1.8894342e-09 1.0
0.016543189 0.9834568
0.9041436 0.09585641
6.265795e-05 0.9999373
0.10034802 0.899652
0.82840943 0.17159058
0.0070162327 0.9929838
0.17720273 0.82279724
0.2402461 0.7597539
0.0048656026 0.9951344
0.6943521 0.30564785
0.11221189 0.8877881
0.80718803 0.19281194
0.9066684 0.09333159
0.01495779 0.9850423
0.0066344156 0.9933656
0.8040217 0.19597821
3.951879e-05 0.9999604
0.26550865 0.73449135
0.0007858714 0.99921405
0.84836423 0.15163577
0.122927554 0.87707245
0.020942869 0.9790572
0.048935734 0.9510642
0.0022796318 0.9977203
0.1942425 0.8057575
0.2759576 0.72404236
0.039897498 0.96010256
7.609443e-05 0.99992394
0.00044153837 0.9995584
0.78164107 0.21835887
0.6786597 0.32134038
8.727949e-05 0.99991274
1.556576e-05 0.9999844
0.069806226 0.9301937
0.0015890956 0.9984108
0.0025114657 0.9974885
0.035076506 0.9649235
0.015719254 0.9842807
0.001317257 0.9986827
0.0026763168 0.99732363
0.05533226 0.94466776
0.13227965 0.8677204
0.00031972228 0.9996803
0.07208719 0.9279128
0.023372268 0.9766277
0.017523853 0.9824761
0.5372389 0.4627611
0.03818429 0.96181566
0.056607913 0.94339216
0.0032500143 0.99675
0.026260907 0.973739
0.5837016 0.41629842
0.1553301 0.8446698
0.029195663 0.9708044
0.02366342 0.9763366
0.0002026387 0.9997974
0.0013214527 0.9986785
2.7638205e-07 0.99999976
2.701074e-05 0.99997294
0.06344042 0.9365596
0.024057208 0.9759428
0.91290516 0.08709486
0.026095182 0.9739048
2.5089534e-05 0.99997497
0.011066952 0.9889331
0.8418024 0.1581976
2.0001733e-05 0.99998
0.14477067 0.8552294
0.00042520897 0.99957484
0.009157755 0.9908422
0.09014746 0.9098525
0.06892398 0.93107605
0.61241424 0.38758573
0.92317164 0.07682836
0.95367455 0.046325494
0.69577354 0.3042265
0.8102709 0.18972908
0.51365626 0.48634368
0.36238274 0.63761723
0.97017896 0.029821059
0.8650755 0.13492452
0.96977174 0.030228283
0.99130476 0.008695249
0.95263624 0.04736374
0.95659214 0.04340787
0.9267021 0.07329792
0.99544144 0.0045585623
0.8879384 0.11206158
0.8932014 0.106798574
0.99266654 0.00733342
0.9984946 0.0015054038
0.89527416 0.10472587
0.107410595 0.8925894
0.9235168 0.076483175
0.9236959 0.076304145
0.328513 0.67148703
0.9672675 0.03273245
0.9731854 0.026814653
0.1811503 0.8188497
0.8820127 0.11798723
0.002942266 0.9970578
0.3882985 0.6117015
0.9522465 0.047753487
0.8519167 0.14808331
0.9756203 0.024379613
0.9791797 0.020820335
0.6319969 0.36800304
0.8714796 0.12852047
0.17917657 0.82082343
0.19290882 0.8070912
0.7074234 0.29257667
0.9200737 0.07992631
0.85436803 0.14563198
0.99345917 0.006540832
0.83170795 0.16829209
0.84810495 0.151895
0.94790363 0.052096356
0.74719936 0.25280058
0.10423098 0.895769
0.9451137 0.05488629
0.94831485 0.05168522
0.27786985 0.7221302
0.7681473 0.23185271
0.9846245 0.015375444
0.735581 0.264419
0.9982035 0.0017965178
0.299629 0.70037097
0.91609013 0.08390985
0.84033674 0.1596632
0.7365654 0.2634346
0.96989125 0.030108746
0.49404788 0.5059521
0.9395353 0.06046474
0.9056845 0.09431551
0.88321954 0.1167805
0.99371755 0.0062824376
0.8149301 0.18506993
0.98450595 0.015494066
0.87956744 0.12043254
0.6899653 0.31003472
0.8522189 0.14778112
0.8410939 0.15890607
0.76691973 0.2330803
0.970675 0.029324986
0.9553872 0.044612773
0.40917096 0.590829
0.26497844 0.73502153
0.7095263 0.2904737
0.83098215 0.16901785
0.7456891 0.2543109
0.97907454 0.0209254
0.62195545 0.37804455
0.89431864 0.1056813
0.9593958 0.040604174
0.9996006 0.0003994661
0.893928 0.10607197
0.99006873 0.0099312505
0.9571454 0.042854603
0.9893668 0.010633181
0.0762026 0.9237974
0.63277525 0.36722472
0.926065 0.073934965
0.9175718 0.08242826
0.8769397 0.123060256
0.97251666 0.02748337
0.98054254 0.01945742
0.72898483 0.2710151
0.51268494 0.48731512
0.7509806 0.24901943
0.9678996 0.032100428
0.9252953 0.07470471
0.9824554 0.017544651
0.9492049 0.05079502
0.8962661 0.10373386
0.9919431 0.008056845
0.9793529 0.020647157
0.8825663 0.117433764
0.84945554 0.1505445
0.99626774 0.0037322966
0.9804515 0.01954852
0.96119475 0.038805198
0.120131515 0.8798685
0.85326314 0.14673686
0.4977274 0.5022726
0.9204743 0.079525754
0.8842371 0.1157629
0.93757266 0.06242731
0.77581245 0.22418754
0.9776013 0.022398764
0.9870575 0.0129424995
0.51654583 0.48345417
0.99904066 0.0009592706
0.9209365 0.079063475
0.45639998 0.5436
0.9706989 0.02930113
0.9000661 0.09993388
0.9616731 0.03832691
0.99791056 0.0020893717
0.75867724 0.24132268
0.9754009 0.02459909
0.5219654 0.4780346
0.77534837 0.2246516
0.79954857 0.2004514
0.88973975 0.11026026
0.99844056 0.0015594951
0.9894963 0.010503711
0.8356399 0.16436009
0.8519312 0.14806882
0.34905112 0.6509489
0.9663291 0.03367091
0.8649938 0.13500617
0.5888778 0.41112217
0.92777497 0.07222504
0.8709447 0.1290554
0.8919027 0.10809729
0.87813115 0.12186887
0.90083075 0.099169254
0.9082337 0.09176634
0.95304966 0.046950355
0.97516125 0.02483876
0.9818065 0.018193455
0.8763922 0.1236078
0.5346064 0.4653936
0.740769 0.25923094
0.3554257 0.64457434
0.890259 0.10974104
0.80709267 0.19290729
0.997733 0.002267002
0.50692195 0.49307808
0.9788309 0.021169147
0.94723904 0.052760985
0.8950213 0.10497871
0.79624754 0.2037525
0.6918839 0.30811608
0.25345227 0.74654776
0.9619768 0.038023226
0.78287184 0.21712816
0.9936772 0.0063228016
0.8106776 0.18932243
0.8500733 0.14992677
0.49179682 0.5082031
0.26546666 0.73453337
0.95637393 0.04362611
0.87540907 0.12459099
0.20110065 0.79889935
0.9981858 0.0018141147
0.2824199 0.71758014
0.3629501 0.6370499
0.89711297 0.10288708
0.8954519 0.10454805
0.60659206 0.3934079
0.93603206 0.06396796
0.94289154 0.057108436
0.96018934 0.0398106
0.99395883 0.006041154
0.9110127 0.088987306
0.8284855 0.17151448
0.9729181 0.02708183
0.98787284 0.012127177
0.08194365 0.91805637
0.4840118 0.5159881
0.8924333 0.10756667
0.9227743 0.07722571
0.6574942 0.34250584
0.54776335 0.4522367
0.7883282 0.21167184
0.7894356 0.21056439
0.7662789 0.23372108
0.21217476 0.7878252
0.7690271 0.2309729
0.6889256 0.31107435
0.9045395 0.09546054
0.9892965 0.0107034985
0.8878824 0.11211762
0.9161086 0.08389133
0.987306 0.012693948
0.87155503 0.12844498
0.97769976 0.02230028
0.9208946 0.07910539
0.97417057 0.02582941
0.31995985 0.6800401
0.87580836 0.12419167
0.95487744 0.045122564
0.83836865 0.16163135
0.2496202 0.75037974
0.90401477 0.095985204
0.9051072 0.09489272
0.89107114 0.10892879
0.092627965 0.907372
0.95150405 0.048495937
0.93426245 0.06573755
0.5768297 0.4231704
0.51543444 0.48456562
0.58018 0.41982
0.90988123 0.09011876
0.8992135 0.10078647
0.18115284 0.8188472
0.78348064 0.21651937
0.9600462 0.03995381
0.98762393 0.012376107
0.9484201 0.051579926
0.99727577 0.00272424
0.12911296 0.87088704
0.9834283 0.016571691
0.79749995 0.20250005
0.93828243 0.061717547
0.9170398 0.08296019
0.8958726 0.10412743
0.57272816 0.42727187
0.9043499 0.09565011
0.9681447 0.031855315
0.3556172 0.6443827
0.7839305 0.21606956
0.9694174 0.030582638
0.9640581 0.035941876
0.96788967 0.032110307
0.999764 0.00023593596
0.6069376 0.39306235
0.9195144 0.08048557
0.99633443 0.003665582
0.97430295 0.025697114
0.8952529 0.104747094
0.53221416 0.46778584
0.99472225 0.005277801
0.6724476 0.3275524
0.99218094 0.007819103
0.9496155 0.05038454
0.0615846 0.9384154
0.8239505 0.17604952
0.95246124 0.047538772
0.9952087 0.004791339
0.8867801 0.11321996
0.9686686 0.03133136
0.80847603 0.19152401
0.3114198 0.68858016
0.8196481 0.18035196
0.8359186 0.16408141
0.9713831 0.028616877
0.7514689 0.24853118
0.18872477 0.81127524
0.92483556 0.07516444
0.8109615 0.18903856
0.84356856 0.15643138
0.8491146 0.1508854
0.98591495 0.014084998
0.8455503 0.15444973
0.9406856 0.05931442
0.9144088 0.085591204
0.9225348 0.0774652
0.9266332 0.07336685
0.9732421 0.026757982
0.8842533 0.115746684
0.524882 0.475118
0.9185005 0.08149947
0.9978042 0.0021958034
0.98863345 0.011366526
0.9990087 0.0009913519
0.8697018 0.13029817
0.2544706 0.7455295
0.8393152 0.16068473
0.18193573 0.8180643
0.5564708 0.44352922
0.99480516 0.0051947962
0.8604851 0.13951495
0.99508864 0.004911382
0.9871837 0.012816363
0.8205692 0.17943072
0.99177015 0.0082298955
0.9657909 0.034209024
0.8605321 0.13946795
0.76465887 0.23534116
0.89573514 0.10426484
0.8633103 0.13668974
0.8705429 0.1294571
0.8631284 0.13687153
0.24537127 0.7546287
0.896407 0.10359296
0.9239842 0.07601578
0.17321093 0.826789
0.95592797 0.0440721
0.43520212 0.5647979
0.23580533 0.7641947
0.5384814 0.46151862
0.8265794 0.17342056
0.9336666 0.06633337
0.97730404 0.022695981
0.65036285 0.34963718
0.81762344 0.18237656
0.97831523 0.021684803
0.9153101 0.08468993
0.7793188 0.22068124
0.9942978 0.005702183
0.93317795 0.066822045
0.7842575 0.21574245
0.9602203 0.039779797
0.96547747 0.03452254
0.77809083 0.22190914
0.9748189 0.02518116
0.14073522 0.85926473
0.4040355 0.59596443
0.4185042 0.58149576
0.9270027 0.072997235
0.9828367 0.017163213
0.8447494 0.15525058
0.4491669 0.5508331
0.7771984 0.2228017
0.98104435 0.018955689
0.4106633 0.5893367
0.59456295 0.40543702
0.51456946 0.48543054
0.9817213 0.01827868
0.88482976 0.115170226
0.7205653 0.27943474
0.9807148 0.019285157
0.9884024 0.011597558
0.87468576 0.12531425
0.77080745 0.22919255
0.94326836 0.0567316
0.9573011 0.04269897
0.13568287 0.8643171
0.9718784 0.028121576
0.96370745 0.0362925
0.9797253 0.020274637
0.98665595 0.013344044
0.8253184 0.17468156
0.9086995 0.09130046
0.9914238 0.008576269
0.9292929 0.07070705
0.9600865 0.039913535
0.9751414 0.024858575
0.9392252 0.060774818
0.8797766 0.12022346
0.97038996 0.029609993
0.84472376 0.15527622
0.9571632 0.042836756
0.86997956 0.13002045
0.91599977 0.08400017
0.95043975 0.049560267
0.98678386 0.013216159
0.8612516 0.1387484
0.98206574 0.017934225
0.9946472 0.005352747
0.849741 0.15025903
0.9058115 0.09418854
0.9134928 0.08650719
0.80853206 0.19146794
0.9373084 0.06269163
0.8069082 0.1930918
0.75416666 0.24583334
0.83578354 0.16421644
0.8745263 0.12547368
0.9984445 0.0015555286
0.96116996 0.03882998
0.82206106 0.17793888
0.9973103 0.0026896922
0.9173233 0.08267663
0.36576042 0.63423955
0.9202496 0.07975037
0.8326774 0.1673226
0.94289887 0.057101145
0.057778053 0.942222
0.9621169 0.03788311
0.99350774 0.0064922604
0.6922206 0.30777937
0.3425585 0.6574415
0.7030436 0.29695636
0.9777981 0.022201922
0.9734663 0.026533708
0.9225203 0.07747975
0.4094951 0.5905049
0.8931476 0.10685247
0.9018971 0.098102905
0.844431 0.15556905
0.9413974 0.058602616
0.9213502 0.07864985
0.88300264 0.116997354
0.92601556 0.07398451
0.8318402 0.16815974
0.97190195 0.028098116
0.87669384 0.12330624
0.72005826 0.27994177
0.8945076 0.105492465
0.82536584 0.17463419
0.75256693 0.24743304
0.9708557 0.029144272
0.87128043 0.1287195
0.9388184 0.061181646
0.9538294 0.046170607
0.99920684 0.0007931787
0.27025944 0.7297405
0.865948 0.13405195
0.9154932 0.08450681
0.9335255 0.06647453
0.8621902 0.13780983
0.86147046 0.13852957
0.887388 0.11261206
0.8392794 0.16072062
0.961846 0.038153995
0.98256356 0.01743642
0.9783916 0.021608384
0.89990014 0.10009986
0.87260014 0.12739983
0.97674304 0.023256982
0.9422752 0.057724763
0.86745715 0.13254285
0.85448843 0.14551152
0.88897765 0.111022346
0.9677425 0.032257438
0.6506402 0.34935978
0.95012987 0.049870152
0.92305434 0.0769457
0.84440315 0.15559688
0.9887742 0.0112258615
0.9402063 0.059793677
0.9918113 0.00818866
0.4136212 0.58637875
0.90886503 0.09113497
0.8022426 0.19775738
0.88077384 0.11922618
0.82569313 0.17430687
0.94969946 0.050300505
0.924478 0.07552205
0.26340628 0.7365937
0.9620952 0.037904788
0.98741037 0.012589571
0.475571 0.52442896
0.9300621 0.069937885
0.916062 0.08393798
0.23785211 0.76214784
0.9774596 0.022540402
0.92287236 0.07712759
0.57349026 0.4265097
0.8359622 0.16403781
0.5990266 0.40097335
0.95661855 0.0433815
0.9951989 0.0048011257
0.9365526 0.063447386
0.98451656 0.015483367
0.95165086 0.048349213
0.9022632 0.09773683
0.49574798 0.5042521
0.7100824 0.2899176
0.99295324 0.0070467116
0.8543071 0.14569287
0.8620519 0.13794805
0.6365428 0.3634572
0.896364 0.10363606
0.9489758 0.05102427
0.9322912 0.067708775
0.83902854 0.16097149
0.3235627 0.67643726
0.90846324 0.09153677
0.88699865 0.113001354
0.9482535 0.051746536
0.98367244 0.016327541
0.7288986 0.27110142
0.44116354 0.5588365
0.9354422 0.06455773
0.8714281 0.12857191
0.98384124 0.016158815
0.5649961 0.43500382
0.5415406 0.45845935
0.9933587 0.0066413614
0.83029073 0.16970935
0.5262258 0.47377422
0.5350159 0.4649841
0.9572783 0.04272169
0.836146 0.163854
0.89063966 0.10936036
0.932582 0.06741793
0.9746932 0.025306825
0.7835171 0.21648285
0.91695863 0.08304133
0.8566081 0.14339186
0.13979964 0.8602004
0.97897494 0.021025024
0.9220079 0.07799202
0.56593794 0.43406203
0.9537383 0.046261754
0.811336 0.18866399
0.55227005 0.44772995
0.8545446 0.14545542
0.934894 0.065105915
0.98952323 0.010476775
0.9794007 0.020599363
0.92661804 0.07338199
0.3003561 0.69964397
0.9911078 0.008892166
0.99013 0.009870019
0.9965893 0.003410681
0.7317202 0.26827982
0.9378635 0.06213646
0.8743949 0.12560514
0.8961536 0.10384644
0.9493003 0.05069967
0.9015279 0.09847211
0.88699 0.11300992
0.97718686 0.02281307
0.95337856 0.04662151
0.84003097 0.159969
0.854311 0.14568895
0.5011057 0.49889424
0.605897 0.39410302
0.7368336 0.26316637
0.17470123 0.8252987
0.89200306 0.107996926
0.80965245 0.1903476
0.99949706 0.0005029687
0.9636528 0.036347207
0.6982852 0.3017148
0.87606245 0.12393756
0.91550004 0.08449994
0.24929875 0.7507013
0.92887235 0.07112768
0.6525334 0.34746656
0.8661034 0.1338966
0.90648544 0.09351457
0.9989507 0.0010492246
0.41728815 0.5827119
0.9565949 0.0434051
0.84770304 0.15229702
0.95917886 0.040821098
0.7713303 0.22866973
0.69988424 0.30011573
0.6029671 0.3970329
0.48829436 0.51170564
0.9999231 7.684353e-05
0.9648492 0.035150878
0.9960055 0.003994577
0.938845 0.061155055
0.9360002 0.06399976
0.59513986 0.4048602
0.31477308 0.6852269
0.16680788 0.8331921
0.83188975 0.1681103
0.99874866 0.0012513525
0.88259435 0.11740572
0.91873175 0.08126829
0.8401028 0.15989713
0.8580151 0.14198491
0.8840046 0.11599541
0.7370628 0.2629372
0.9476229 0.052377164
0.2928517 0.7071483
0.64777404 0.3522259
0.91164863 0.088351294
0.5657325 0.43426743
0.92040926 0.079590805
0.84248126 0.15751874
0.77743036 0.22256967
0.9570635 0.042936448
0.8774688 0.12253116
0.18929113 0.8107089
0.9027486 0.09725145
0.98914754 0.010852446
0.8693264 0.13067356
0.80027944 0.19972058
0.9109341 0.089065924
0.9626617 0.037338335
0.50962 0.49037996
0.95872915 0.041270845
0.9926242 0.0073757265
0.87347084 0.1265291
0.6227203 0.3772797
0.85623187 0.14376809
0.8697287 0.13027127
0.8358659 0.16413409
0.8986981 0.101301946
0.95059043 0.04940952
0.15269633 0.8473037
0.93002605 0.06997392
0.981203 0.018796967
0.8841992 0.11580083
0.83068126 0.16931877
0.44429782 0.5557022
0.37479332 0.62520665
0.5802264 0.41977355
0.94405836 0.05594166
0.9387447 0.061255213
0.68439496 0.31560504
0.9862641 0.013735951
0.84999263 0.15000735
0.8476855 0.1523144
0.9054829 0.094517164
0.8715481 0.12845185
0.56656545 0.43343455
0.600641 0.3993589
0.535018 0.4649819
0.79743296 0.20256701
0.9148349 0.08516506
0.9929726 0.007027397
0.99384683 0.0061531467
0.62571776 0.37428227
0.17597535 0.8240247
0.27700853 0.72299147
0.68725663 0.3127433
0.8852756 0.11472436
0.8179951 0.182005
0.09245391 0.90754604
0.95537335 0.04462665
0.026494348 0.9735057
0.87250423 0.1274958
0.9580886 0.04191137
0.919872 0.08012798
0.9691682 0.030831883
0.57131743 0.4286826
0.7133848 0.2866152
0.9508716 0.049128473
0.94496506 0.055034965
0.8571885 0.14281146
0.8886086 0.111391455
0.980378 0.019622019
0.49075103 0.509249
0.28630581 0.71369416
0.9982193 0.0017807184
0.99976057 0.00023938561
0.91832787 0.08167214
0.99437463 0.0056254114
0.45017737 0.54982257
0.7963971 0.20360294
0.89428616 0.105713904
0.93826973 0.06173032
0.9752569 0.024743035
0.7676725 0.23232755
0.9693953 0.030604688
0.97194314 0.028056804
0.76388127 0.23611873
0.9256727 0.074327275
0.83459294 0.16540708
0.6808339 0.3191661
0.8705094 0.12949064
0.8849695 0.11503057
0.87504977 0.12495017
0.2638234 0.7361766
0.85815555 0.14184445
0.37709105 0.62290895
0.95242286 0.04757713
0.91864485 0.08135518
0.4153094 0.58469063
0.99364364 0.0063563082
0.9095521 0.09044785
0.5493688 0.45063123
0.6086961 0.3913039
0.97315097 0.026849028
0.9916735 0.0083264215
0.9992944 0.00070554396
0.7668187 0.23318128
0.8283829 0.17161706
0.99038357 0.00961648
0.9902486 0.009751435
0.9422908 0.057709176
0.7630703 0.23692968
0.95945454 0.04054546
0.83654994 0.16345006
0.8673503 0.13264968
0.8219478 0.1780522
0.8253763 0.17462365
0.6577979 0.34220216
0.9326227 0.06737735
0.95379025 0.04620972
0.8542102 0.14578982
0.8785669 0.12143308
0.4636889 0.53631103
0.8371851 0.16281493
0.40693995 0.5930601
0.3640127 0.63598734
0.22068438 0.77931565
0.9821951 0.017804923
0.97527677 0.024723265
0.88154316 0.118456826
0.8730313 0.12696864
0.9826759 0.017324114
0.4094951 0.5905049
0.915608 0.084391996
0.93658113 0.063418806
0.98876697 0.011232978
0.9964309 0.0035690586
0.9847344 0.015265513
0.19900422 0.8009958
0.60916084 0.39083913
0.8550814 0.14491864
0.986014 0.013985985
0.41140997 0.58858997
0.97936285 0.020637203
0.045415383 0.9545846
0.8994232 0.10057683
0.75697225 0.2430278
0.94634175 0.05365827
0.6888231 0.31117693
0.1186363 0.8813637
0.8216922 0.17830777
0.97819054 0.021809474
0.30571523 0.69428474
0.85965323 0.14034678
0.88730633 0.11269366
0.9968996 0.0031003838
0.87590986 0.12409013
0.9477231 0.052276954
0.54650307 0.453497
0.9997342 0.00026573578
0.956648 0.043352004
0.8129803 0.18701966
0.9276168 0.07238321
0.9107092 0.089290775
0.5667558 0.43324426
0.7493666 0.25063342
0.9786605 0.021339511
0.6885652 0.31143478
0.9554449 0.044555172
0.87770355 0.12229645
0.98306537 0.016934564
0.90326875 0.09673129
0.9131513 0.08684866
0.927568 0.072431944
0.95282084 0.047179196
0.8636807 0.13631926
0.9495221 0.05047785
0.9709071 0.029092899
0.707914 0.292086
0.9899663 0.010033761
0.9599182 0.04008176
0.255077 0.74492306
0.9782365 0.021763511
0.99288565 0.0071143857
0.9218905 0.07810947
0.9971814 0.0028185463
0.9695262 0.030473791
0.9127932 0.0872068
0.7966127 0.20338732
0.9399508 0.060049202
0.69319063 0.3068094
0.9621762 0.037823766
0.9157192 0.08428079
0.9453571 0.05464295
0.38394508 0.61605495
0.9365685 0.063431464
0.99492586 0.005074083
0.9449732 0.055026792
0.93570477 0.06429526
0.9599462 0.040053833
0.03604531 0.9639546
0.8608202 0.13917987
0.532043 0.46795702
0.89198256 0.10801742
0.7707889 0.22921114
0.9157278 0.08427217
0.46120906 0.5387909
0.99045116 0.00954889
0.96528137 0.03471864
0.9504331 0.049566925
0.73919845 0.26080152
0.87549603 0.12450397
0.8443338 0.15566616
0.8050948 0.19490524
0.57876056 0.42123947
0.2634741 0.7365259
0.85238785 0.14761217
0.7915431 0.20845687
0.3811452 0.61885476
0.8001757 0.19982426
0.9502246 0.049775448
0.9831588 0.016841186
0.964389 0.035610955
0.9295625 0.07043748
0.6289315 0.37106854
0.46918207 0.530818
0.82654804 0.17345197
0.8460569 0.15394312
0.9123296 0.08767038
0.9439791 0.0560209
0.4919893 0.5080107
0.19188343 0.80811656
0.89167935 0.108320706
0.51614624 0.48385376
0.99742174 0.002578308
0.9977506 0.0022494253
0.89967006 0.10032992
0.91340226 0.08659773
0.9676665 0.03233352
0.90078336 0.09921661
0.9637624 0.036237605
0.9662247 0.033775356
0.5571075 0.44289246
0.95022035 0.0497797
0.8391477 0.16085231
0.80068904 0.19931097
0.976364 0.023636011
0.99467105 0.005328987
0.873537 0.126463
0.9768321 0.023167888
0.81227124 0.18772875
0.983508 0.016492028
0.44709018 0.55290985
0.92438406 0.07561595
0.55382776 0.44617218
0.99502534 0.004974706
0.16735177 0.8326482
0.9707544 0.029245641
0.90796804 0.09203195
0.9331278 0.06687219
0.9851746 0.0148253925
0.2856476 0.71435237
0.905305 0.09469497
0.95478636 0.045213647
0.9161805 0.0838195
0.9722964 0.027703548
0.86535585 0.13464418
0.91086614 0.08913388
0.89770037 0.10229963
0.5136081 0.48639193
0.99728227 0.0027176824
0.44215974 0.5578402
0.8639134 0.13608663
0.9830252 0.016974771
0.9927297 0.0072702174
0.92999387 0.0700061
0.9219274 0.07807257
0.910225 0.08977504
0.9429132 0.057086848
0.9676303 0.032369673
0.9504923 0.049507666
0.8255007 0.17449932
0.8187346 0.18126544
0.38238358 0.6176164
0.9702144 0.02978552
0.9974475 0.0025525352
0.9698258 0.030174164
0.90016985 0.099830136
0.9840072 0.015992818
0.51033133 0.48966867
0.8888571 0.11114285
0.8172719 0.18272808
0.95551616 0.044483837
0.2091513 0.7908487
0.55827475 0.44172528
0.3858337 0.61416626
0.7316145 0.26838556
0.9380861 0.061913844
0.8866752 0.11332482
0.7172717 0.2827283
0.8649645 0.13503551
0.9561567 0.043843307
0.3085824 0.69141763
0.97493714 0.025062812
0.9297561 0.07024395
0.89875674 0.10124331
0.2570279 0.7429721
0.9483899 0.05161011
0.8840358 0.11596419
0.7145575 0.28544253
0.89952475 0.10047523
0.98716986 0.012830149
0.9129455 0.08705445
0.9636723 0.036327794
0.8876232 0.11237684
0.32173333 0.67826664
0.36020908 0.6397909
0.9512999 0.048700165
0.9551774 0.044822607
0.99885607 0.0011439164
0.9881982 0.011801816
0.89262307 0.107377
0.8690213 0.13097872
0.0021458021 0.9978542
0.83599573 0.16400419
0.9340338 0.065966204
0.95377266 0.04622729
0.9251448 0.074855156
0.708355 0.291645
0.9486405 0.051359445
0.5475628 0.45243722
0.98599106 0.014008874
0.56314725 0.43685278
0.22695929 0.7730407
0.97651005 0.023489963
0.1325171 0.8674829
0.96695006 0.03304999
0.8463685 0.15363148
0.02479699 0.97520304
0.672556 0.32744396
0.29262128 0.70737875
0.88794094 0.11205908
0.88704145 0.11295856
0.83211917 0.16788082
0.92328453 0.07671544
0.909024 0.09097601
0.9718293 0.028170643
0.9526238 0.04737621
0.95521384 0.044786155
0.9636963 0.036303733
0.96052945 0.039470624
0.043280847 0.9567191
0.8733893 0.1266107
0.8847356 0.11526444
0.16941057 0.8305895
0.97202706 0.02797296
0.26171398 0.738286
0.91959244 0.08040756
0.8364307 0.1635693
0.8479864 0.1520136
0.9685255 0.031474404
0.8349373 0.1650627
0.8738292 0.12617084
0.5991194 0.40088052
0.97945935 0.020540698
0.9032629 0.096737124
0.81583303 0.18416703
0.99782556 0.0021744138
0.8431941 0.15680583
0.9145052 0.08549482
0.9365989 0.06340107
0.951957 0.048042994
0.8350593 0.16494074
0.85822934 0.14177074
0.91795665 0.082043424
0.87081844 0.12918155
0.8278777 0.1721223
0.6654107 0.33458924
0.995076 0.004924069
0.8874351 0.11256489
0.98520213 0.014797818
0.25361666 0.7463833
0.4094951 0.5905049
0.9542228 0.0457772
0.9590995 0.040900543
0.83601135 0.16398862
0.89382887 0.1061711
0.95423603 0.045763984
0.9997588 0.00024117851
0.60524 0.39476
0.95317304 0.04682693
0.9229894 0.07701061
0.6737734 0.32622662
0.9538257 0.046174303
0.86309284 0.13690718
0.9803709 0.019629166
0.61753553 0.38246447
0.9922248 0.0077751894
0.9483937 0.05160629
0.99518377 0.004816287
0.99787104 0.002128917
0.87455213 0.1254479
0.99104416 0.008955903
0.85609204 0.143908
0.9880453 0.011954732
0.9913742 0.008625797
0.9511466 0.04885344
0.33195987 0.66804016
0.87390435 0.12609565
0.010750709 0.9892492
0.85175157 0.14824846
0.9393508 0.060649242
0.93104607 0.06895388
0.98199767 0.018002337
0.69140446 0.30859554
0.2752369 0.7247631
0.08105586 0.9189441
0.89560384 0.1043962
0.78922313 0.21077685
0.7824498 0.2175502
0.9968612 0.0031388216
0.663971 0.336029
0.9558885 0.044111475
0.8817035 0.11829651
0.96283394 0.037166074
0.99615896 0.0038410183
0.63183296 0.36816704
0.937907 0.06209301
0.9642516 0.035748366
0.70380014 0.2961998
0.0069500776 0.99304986
0.9150828 0.084917195
0.69938487 0.30061516
0.7922886 0.20771146
0.99995685 4.3104097e-05
0.9333431 0.06665689
0.9633032 0.03669676
0.9907935 0.009206482
0.9963981 0.0036019103
0.97128606 0.02871392
0.16993147 0.8300685
0.9428413 0.057158653
0.99872017 0.0012798621
0.83876324 0.16123672
0.8608152 0.13918483
0.63482904 0.365171
0.27456856 0.72543144
0.86206084 0.1379392
0.90358716 0.096412845
0.9764673 0.023532672
0.14362085 0.85637915
0.062190063 0.93781
0.98120797 0.018791994
0.25417405 0.74582595
0.03095574 0.9690442
0.21533996 0.7846601
0.82034343 0.17965658
0.8940967 0.10590335
0.9937137 0.006286279
0.94311523 0.05688484
0.9983833 0.0016166698
0.9811034 0.018896524
0.90688956 0.09311037
0.9709117 0.029088305
0.6073366 0.39266345
0.9462042 0.053795885
0.9903352 0.009664711
0.6581176 0.34188244
0.035099734 0.9649002
0.78596497 0.21403506
0.89427555 0.10572442
0.99265856 0.0073413905
0.9007024 0.09929762
0.93195635 0.06804369
0.85338014 0.14661989
0.9819665 0.018033456
0.9676696 0.03233036
0.999648 0.0003520526
0.64380187 0.35619816
0.97847384 0.021526158
0.95031834 0.04968171
0.96818954 0.031810466
0.83076006 0.16924
0.8618903 0.1381097
0.9021189 0.09788113
0.8892447 0.11075534
0.96292305 0.03707699
0.9252045 0.074795514
0.9690328 0.030967224
0.5322236 0.46777642
0.6157159 0.38428408
0.9884206 0.011579426
0.8503503 0.14964974
0.5695216 0.43047833
0.85576177 0.1442382
0.9795176 0.020482432
0.9894293 0.010570673
0.9889746 0.011025366
0.75055313 0.24944684
0.5153135 0.48468652
0.18214758 0.81785244
0.99954104 0.00045899933
0.9191443 0.08085571
0.62334424 0.37665576
0.9593521 0.04064795
0.9405255 0.05947452
0.97994107 0.020058958
0.90777606 0.09222394
0.95360786 0.04639217
0.82657737 0.17342263
0.54143894 0.4585611
0.96425414 0.035745807
0.91681504 0.08318494
0.9344714 0.06552862
0.10338994 0.89661
0.9651316 0.034868456
0.96940035 0.030599656
0.93734115 0.062658854
0.6096843 0.3903158
0.8126455 0.18735448
0.98595744 0.014042564
0.99506444 0.0049355514
0.6537728 0.3462272
0.8367605 0.16323945
0.84845734 0.1515426
0.9665394 0.03346059
0.94715476 0.05284526
0.9456529 0.054347068
0.83282554 0.16717441
0.6250469 0.37495306
0.9425076 0.05749235
0.5702984 0.4297016
0.9903898 0.009610197
0.9219002 0.07809975
0.93577313 0.06422686
0.32483047 0.6751695
0.9305712 0.06942881
0.8854298 0.114570156
0.946298 0.053702015
0.9790565 0.020943483
0.97377384 0.02622618
0.83384436 0.16615558
0.87516063 0.12483939
0.894082 0.10591803
0.9281458 0.07185421
0.8654336 0.1345664
0.8956431 0.104356885
0.9273574 0.07264262
0.86727434 0.13272566
0.9292539 0.07074607
0.9887052 0.01129476
