0.99967
0.97562295
0.12649381
0.95088
0.9999999
0.5100024
0.033613548
0.22299573
0.97396857
0.94333583
0.9125639
0.8339414
0.9909106
1.0
0.580985
0.9256666
0.8073238
0.24771829
0.97580487
0.9975453
0.44737673
0.9249895
0.98715913
0.99967885
0.99999726
0.999416
0.94717866
0.82540596
0.98869765
0.9969963
0.99861825
0.97976995
0.93460804
0.97407985
0.908976
0.9981964
0.6805126
0.74396324
0.78678626
0.64585316
0.9757924
0.8196633
0.87933666
0.9999672
0.926901
0.9681693
1.0
0.99984884
0.9576313
0.97998536
0.98693407
0.9994418
0.9999547
0.9963696
0.99999654
0.9459495
0.9997199
0.9039427
0.9819401
0.8879685
0.99990463
0.9592293
0.9445711
0.95873463
0.85958815
0.81195843
0.50430495
0.52347875
0.9954833
0.9822227
0.95932627
0.93687224
0.8456854
0.9914653
0.6423379
0.9985258
0.3606805
0.8917259
0.09356163
0.9991478
0.9518491
0.9977289
0.9957632
0.8333935
0.97877663
0.9993217
0.97561014
0.99754107
0.98156756
0.9989243
0.9636933
0.9996437
0.9543381
0.26304716
0.9989133
0.9909169
0.99648404
0.99962616
0.121581286
0.15632856
0.5241486
0.18154602
0.9999989
0.21799418
0.99970704
0.9664323
0.79453725
0.5972767
0.7318477
0.6139378
0.9930494
0.95546466
0.95376354
0.95865136
0.1912531
0.56667817
0.9999597
0.8873812
0.9311208
0.9996431
0.8911789
0.9117704
0.9996642
0.8394481
0.9925349
0.9162012
0.9917394
0.5039379
0.795162
0.39209494
0.97480595
0.037438713
0.9355871
0.8919226
0.97687566
0.58437806
0.7732305
0.9850454
0.9632237
0.6065506
0.99999976
0.999897
0.98989236
0.16926524
0.94312644
0.94328266
0.999941
0.57243335
0.99996865
0.5625542
0.923552
0.9177112
0.8709769
0.96337146
0.94116884
0.99910384
0.07802331
0.15259932
0.98256046
0.54941183
0.95597774
0.92384696
0.55697256
0.9984092
0.9887306
0.986005
0.9746669
0.99957997
0.95771134
0.99935955
0.98239535
0.77387553
0.027589409
0.5620792
0.9229369
0.99974006
0.9998642
0.52677244
0.9772778
0.99215627
0.9996644
0.26025122
0.88368225
0.988025
0.9999714
0.9195204
0.9277769
0.56189466
0.8781914
0.91725683
0.9960038
0.8477469
0.19038512
0.9985837
0.99999475
0.63566047
0.99993813
0.9975231
0.980028
0.9963935
0.99977654
0.6422467
0.9959881
0.9205876
0.9472043
0.9217332
0.9839987
0.9998536
0.9849288
0.9406661
0.777897
0.990995
0.95696044
1.0
0.88355845
0.8762319
0.8077158
0.11181458
0.82839566
0.9972721
0.9909043
0.9014526
0.99182844
0.74151534
0.9011625
0.9999988
0.99994266
0.06189215
0.9153347
0.03840525
0.99979323
0.9970688
0.98082215
0.5192174
0.032215003
0.8193689
0.78472745
0.9436777
0.9999993
0.35616112
0.98465145
0.99115986
0.9999442
0.9999994
0.9854725
0.95520204
0.97221833
0.6024037
0.9040926
0.95965177
0.9953685
0.4849159
0.9554589
0.99444914
0.7819238
0.98023593
0.84617233
0.99979764
0.8391563
0.93435466
0.99988234
0.960754
0.8545434
0.95077103
0.055784147
0.8346223
0.89371276
0.9997782
0.9941293
0.9478544
0.8832118
0.9999999
0.99905413
0.9487914
0.8855085
0.909498
0.9741072
0.91770554
0.9999709
0.9733878
0.95662826
0.9974554
0.9382546
0.25655994
0.9969348
0.12870176
0.9997545
0.9871269
0.59393036
0.31949428
0.9374748
0.9999999
0.9999987
0.045862995
0.15700291
0.9952486
0.99995077
0.9328403
0.9999999
0.9544455
0.19933315
0.6971755
0.17137282
0.9874313
0.92272425
0.719306
0.98830926
0.9894595
0.9506618
0.99629503
0.710828
0.7549007
0.0900563
0.9059726
0.16302226
0.99999976
0.7259527
0.905628
0.87254816
0.99603635
0.9831481
0.60544723
0.619017
0.90573835
0.9926238
0.9076804
0.99128914
0.70069396
0.99105835
0.14488637
0.6322062
0.89448375
0.5089312
0.6578923
0.57233775
0.9999305
0.9995358
0.99975175
0.12968773
0.926023
0.8085165
0.8976157
0.94966257
0.3811216
0.782271
0.93983227
0.8500503
0.9989672
0.9568826
0.96922845
0.904862
0.9260615
0.99823916
0.9994686
0.9999999
1.0
0.9483175
0.8182364
0.9990393
0.10252839
0.99996054
0.9953472
0.9349082
0.9230516
0.9752219
0.18009552
0.99951506
0.48104778
0.9252752
0.99594504
0.111245684
0.17558318
0.9999912
0.08221752
0.953141
0.036296885
0.9973488
0.9989681
1.0
0.7914308
1.0
0.7676721
0.40586612
0.6168755
0.7374244
0.96832573
0.8253148
0.99798906
0.9999999
0.8764728
0.10141749
0.4708332
0.14812464
0.9403041
0.9515104
0.73222095
0.87397885
0.16453244
0.99951744
1.0
0.980871
0.9508556
0.33395508
0.3657112
0.9734397
0.5772619
0.5556183
0.94511604
0.81125116
0.99813855
0.9890232
0.8530886
0.38078803
0.97646105
0.9028901
0.97886914
0.99993265
0.99757534
0.9999944
0.9575996
0.9999989
0.021166116
0.80956155
0.9827156
0.9999789
0.9950034
0.8615798
0.5170147
0.9999584
0.14640903
0.99898475
0.55697256
0.9925189
0.011320339
1.0
0.997311
0.99822754
0.9684349
0.98607105
0.021450303
0.9379426
0.9999908
0.9995913
0.70765287
0.82949233
0.9999163
0.5685206
0.96757865
0.59897816
0.9849414
0.86816376
0.9801702
0.4335016
0.46816042
0.98116815
0.55697256
0.98640186
0.9910568
0.95899016
0.26268366
0.9950595
0.9080222
0.92574686
0.9999335
0.47759813
0.14989835
0.9999994
0.95726895
0.7152091
0.38251683
0.9944243
0.8031244
0.8742791
0.9996886
0.83676594
1.0
0.99990475
0.54866564
0.8546506
0.9998702
0.55697256
0.99785185
0.99999046
0.884487
0.6776624
0.96446246
0.9518189
0.5156124
0.92894375
0.59881073
0.8984388
0.70707303
0.21214119
0.50758624
0.9992003
0.7288064
0.93083245
0.8838431
0.97930306
0.1170434
0.122391224
0.8736286
0.9757544
0.089566715
0.9733952
0.19804905
0.99595684
0.99999785
0.88083744
0.07955104
0.9643471
0.9499765
0.08386359
0.18975703
0.9873652
1.0
0.8492914
0.99736124
0.93207824
0.9865348
0.4675139
0.9672175
0.5411313
0.99983406
0.9997166
0.9892994
0.99501234
0.51760703
0.99948657
0.99999225
0.95942855
0.9978016
0.99301744
0.9082761
0.9999654
0.98512614
0.108169965
0.93071824
0.0551878
0.9886212
0.99838424
0.9883986
0.9395473
0.9827827
0.80332613
0.9999999
0.927563
0.9994419
0.947681
0.4189234
0.8748619
0.44551292
0.98552054
0.946965
0.078804925
0.8519067
0.9998462
0.285728
0.5499903
0.9252302
0.997239
0.9664354
0.9999429
0.6326011
0.8242822
0.9983375
0.95085204
0.6617297
0.9962022
0.2371697
0.9374569
0.9560945
0.97454756
0.9982804
0.99995553
0.92225426
0.9752749
0.9518447
0.99216074
0.9681158
0.8198655
0.99998665
0.9718632
0.99340993
0.9463303
0.8083564
0.8962208
0.893952
0.42338336
0.9999442
0.98249346
0.80768955
0.995676
0.9992422
0.9765961
0.986966
0.9991172
0.48732242
0.9555255
0.9502851
0.9974245
0.982139
0.78054374
0.48969024
0.989668
0.08343512
0.9788979
0.15444607
0.29870304
0.0700882
0.9739204
0.010506241
0.99999416
0.8193161
0.78619754
0.99998605
0.071648456
0.93263936
0.99997246
0.32654032
0.8840201
0.6818179
0.5528818
0.9947508
0.99867475
0.9710689
0.9997563
0.9204453
0.2857547
0.7366354
0.99023366
0.8666322
0.99892825
0.89104146
0.53020877
0.9621875
0.9814587
0.90405464
0.91776764
0.97937953
0.9927816
0.9462512
0.86033124
0.99906474
0.8185565
0.90001684
0.7032203
0.9999485
0.9999994
0.98807997
0.95477235
0.30080596
0.75221276
0.9751092
0.63441056
0.75287414
0.7907642
0.99945015
0.929559
0.90713483
0.9975331
0.9435922
0.55697256
0.9939892
0.9980415
0.99990463
0.9999999
0.952819
0.94263864
0.91134983
0.9945615
0.98427594
0.9673026
0.79871976
0.7090099
0.9906465
0.8676978
0.99998593
0.9806192
0.8965189
0.85186934
0.88683003
0.9998895
0.9998504
0.9743037
0.7977569
0.98782235
0.5264882
0.3241247
0.99979514
0.95637596
0.9500884
1.0
0.9994815
0.5992555
0.8966427
0.99998224
0.9671581
0.99999976
0.7525083
0.9796056
0.029757917
0.49261016
0.8018572
0.9996158
0.96980447
0.85361683
0.999154
0.15173711
0.9532816
0.94530714
0.9741743
0.9999999
0.9754372
0.7617878
0.974109
0.6677019
0.9938685
0.8908597
0.62355113
0.99883837
0.97829974
0.99396074
0.16180715
0.99995625
0.9906883
0.96316
0.98485667
0.9741123
0.99807066
0.9609785
0.1825942
0.9444062
0.9966048
0.99992824
0.95950335
0.8571684
0.10244708
0.9609173
0.6621776
0.99876946
0.905755
0.9498642
0.9989774
0.9554623
0.38115206
0.96969485
0.5559665
0.99503386
0.9826926
0.61349976
0.03498678
0.94262356
0.99999046
0.8745918
0.7625784
0.16013713
0.76350945
0.99999726
0.99959224
0.99989235
0.8420571
0.90916604
0.99999475
0.88932735
0.91335654
0.9758592
1.0
0.43277168
0.9045532
0.8684618
0.9134675
0.89523023
0.7108262
0.9998418
0.922837
0.8673202
0.99143106
0.87330174
0.96623826
0.8568672
0.07383682
0.95722383
0.9704028
0.99996614
0.98834944
0.99343586
0.9997732
0.995006
0.9994406
0.86555505
0.9524719
0.9994246
0.99887055
0.770983
0.05611729
0.83589107
0.9510938
0.9553034
0.9847723
0.92271703
0.9866288
0.986709
0.9213033
0.9844711
0.9976185
0.99904853
0.99960786
0.9966677
0.7441505
0.16984753
0.9944037
0.86053914
0.880427
0.8952501
0.9976169
0.21369831
0.9872507
0.99944216
0.23858297
0.98069775
0.9642897
0.9995952
0.55697256
0.9988223
0.9920467
0.9831094
0.99807227
0.7207934
0.9284226
0.99498147
0.9066948
0.99440247
0.94999987
0.99059653
0.9979724
0.98532075
0.66610664
0.99597883
0.8500118
0.99975973
0.9975535
0.99839133
0.954731
0.94470304
0.92236793
0.9068393
0.6260385
0.13562433
0.5928981
0.9997348
0.9784945
0.908644
0.9588615
0.9626848
0.9939056
0.9255393
0.9962084
0.9874419
0.983402
0.9668074
0.9588576
0.8116455
0.99623257
0.99635184
0.98363334
0.59174144
0.6105991
0.13536972
0.20660597
0.94820184
0.99194676
0.9968784
1.0
0.98033834
0.9994937
0.08666698
0.7690786
1.0
0.99763644
0.9931176
0.9992429
0.48704153
0.78407353
0.97335964
0.99982065
0.1939732
0.96166956
0.9600409
0.8623889
0.09153168
0.99100083
0.07927104
0.99975985
0.9365993
0.9634239
0.057880115
0.90305716
0.9999299
0.9921823
0.63739693
0.9146957
0.20148885
0.24213406
0.99999595
0.9974304
0.69684386
0.75435954
0.9854372
0.82796305
0.98960936
0.9688107
0.8764412
0.99996316
0.99983025
0.92488855
0.41724917
0.49992403
0.63859224
0.9305117
0.99999964
0.99999714
0.99965894
0.99200165
0.85275155
0.9583965
0.98442
0.9392442
0.91171247
0.14620489
0.99028
0.9250324
0.9924872
0.6835828
0.8605872
0.9999981
0.9886979
0.90106446
0.7189525
0.9672468
1.0
0.9979638
0.9708246
0.98438096
0.13660236
0.9999993
0.7407665
0.9994717
0.9072876
0.97007746
0.9999995
0.99751747
0.9607468
0.82135516
1.0
0.0943726
0.9554677
0.9972681
0.054149374
0.9924608
0.8829767
0.9810122
0.98674136
0.9424608
0.8320388
0.05773181
0.5634389
0.93505067
0.99922764
0.9721925
0.9861974
0.17909108
0.7668349
0.9999479
0.99996734
0.99942267
0.88466054
1.0
0.9973031
0.9049277
0.9999974
0.9592298
0.41961017
0.9972121
0.107121915
0.96667486
0.48806655
0.7974127
0.9844722
0.99974054
0.97353417
0.17780852
0.9999646
0.99999976
0.092530325
0.9997843
0.9999995
0.999373
0.8009636
0.9999713
0.050069116
0.96856254
1.0
0.99974364
0.49659133
0.9534817
0.55697256
0.18096752
0.9999064
0.55697256
0.9888148
0.8196353
0.63281983
0.99241465
0.73718554
0.99488896
0.9964579
0.999892
0.935097
0.9970794
0.5271228
0.7990895
0.79477113
0.9848765
0.84640175
0.9998129
0.7908255
0.14189467
0.95417106
0.9242524
0.41669053
0.40075496
0.9426407
0.995839
0.98760253
0.99855894
0.9999424
0.0843436
0.97137713
1.0
0.99861586
0.98356795
0.99998426
0.39920634
0.92850703
0.96910155
1.0
0.9834568
0.09585641
0.9999373
0.899652
0.17159058
0.9929838
0.82279724
0.7597539
0.9951344
0.30564785
0.8877881
0.19281194
0.09333159
0.9850423
0.9933656
0.19597821
0.9999604
0.73449135
0.99921405
0.15163577
0.87707245
0.9790572
0.9510642
0.9977203
0.8057575
0.72404236
0.96010256
0.99992394
0.9995584
0.21835887
0.32134038
0.99991274
0.9999844
0.9301937
0.9984108
0.9974885
0.9649235
0.9842807
0.9986827
0.99732363
0.94466776
0.8677204
0.9996803
0.9279128
0.9766277
0.9824761
0.4627611
0.96181566
0.94339216
0.99675
0.973739
0.41629842
0.8446698
0.9708044
0.9763366
0.9997974
0.9986785
0.99999976
0.99997294
0.9365596
0.9759428
0.08709486
0.9739048
0.99997497
0.9889331
0.1581976
0.99998
0.8552294
0.99957484
0.9908422
0.9098525
0.93107605
0.38758573
0.07682836
0.046325494
0.3042265
0.18972908
0.48634368
0.63761723
0.029821059
0.13492452
0.030228283
0.008695249
0.04736374
0.04340787
0.07329792
0.0045585623
0.11206158
0.106798574
0.00733342
0.0015054038
0.10472587
0.8925894
0.076483175
0.076304145
0.67148703
0.03273245
0.026814653
0.8188497
0.11798723
0.9970578
0.6117015
0.047753487
0.14808331
0.024379613
0.020820335
0.36800304
0.12852047
0.82082343
0.8070912
0.29257667
0.07992631
0.14563198
0.006540832
0.16829209
0.151895
0.052096356
0.25280058
0.895769
0.05488629
0.05168522
0.7221302
0.23185271
0.015375444
0.264419
0.0017965178
0.70037097
0.08390985
0.1596632
0.2634346
0.030108746
0.5059521
0.06046474
0.09431551
0.1167805
0.0062824376
0.18506993
0.015494066
0.12043254
0.31003472
0.14778112
0.15890607
0.2330803
0.029324986
0.044612773
0.590829
0.73502153
0.2904737
0.16901785
0.2543109
0.0209254
0.37804455
0.1056813
0.040604174
0.0003994661
0.10607197
0.0099312505
0.042854603
0.010633181
0.9237974
0.36722472
0.073934965
0.08242826
0.123060256
0.02748337
0.01945742
0.2710151
0.48731512
0.24901943
0.032100428
0.07470471
0.017544651
0.05079502
0.10373386
0.008056845
0.020647157
0.117433764
0.1505445
0.0037322966
0.01954852
0.038805198
0.8798685
0.14673686
0.5022726
0.079525754
0.1157629
0.06242731
0.22418754
0.022398764
0.0129424995
0.48345417
0.0009592706
0.079063475
0.5436
0.02930113
0.09993388
0.03832691
0.0020893717
0.24132268
0.02459909
0.4780346
0.2246516
0.2004514
0.11026026
0.0015594951
0.010503711
0.16436009
0.14806882
0.6509489
0.03367091
0.13500617
0.41112217
0.07222504
0.1290554
0.10809729
0.12186887
0.099169254
0.09176634
0.046950355
0.02483876
0.018193455
0.1236078
0.4653936
0.25923094
0.64457434
0.10974104
0.19290729
0.002267002
0.49307808
0.021169147
0.052760985
0.10497871
0.2037525
0.30811608
0.74654776
0.038023226
0.21712816
0.0063228016
0.18932243
0.14992677
0.5082031
0.73453337
0.04362611
0.12459099
0.79889935
0.0018141147
0.71758014
0.6370499
0.10288708
0.10454805
0.3934079
0.06396796
0.057108436
0.0398106
0.006041154
0.088987306
0.17151448
0.02708183
0.012127177
0.91805637
0.5159881
0.10756667
0.07722571
0.34250584
0.4522367
0.21167184
0.21056439
0.23372108
0.7878252
0.2309729
0.31107435
0.09546054
0.0107034985
0.11211762
0.08389133
0.012693948
0.12844498
0.02230028
0.07910539
0.02582941
0.6800401
0.12419167
0.045122564
0.16163135
0.75037974
0.095985204
0.09489272
0.10892879
0.907372
0.048495937
0.06573755
0.4231704
0.48456562
0.41982
0.09011876
0.10078647
0.8188472
0.21651937
0.03995381
0.012376107
0.051579926
0.00272424
0.87088704
0.016571691
0.20250005
0.061717547
0.08296019
0.10412743
0.42727187
0.09565011
0.031855315
0.6443827
0.21606956
0.030582638
0.035941876
0.032110307
0.00023593596
0.39306235
0.08048557
0.003665582
0.025697114
0.104747094
0.46778584
0.005277801
0.3275524
0.007819103
0.05038454
0.9384154
0.17604952
0.047538772
0.004791339
0.11321996
0.03133136
0.19152401
0.68858016
0.18035196
0.16408141
0.028616877
0.24853118
0.81127524
0.07516444
0.18903856
0.15643138
0.1508854
0.014084998
0.15444973
0.05931442
0.085591204
0.0774652
0.07336685
0.026757982
0.115746684
0.475118
0.08149947
0.0021958034
0.011366526
0.0009913519
0.13029817
0.7455295
0.16068473
0.8180643
0.44352922
0.0051947962
0.13951495
0.004911382
0.012816363
0.17943072
0.0082298955
0.034209024
0.13946795
0.23534116
0.10426484
0.13668974
0.1294571
0.13687153
0.7546287
0.10359296
0.07601578
0.826789
0.0440721
0.5647979
0.7641947
0.46151862
0.17342056
0.06633337
0.022695981
0.34963718
0.18237656
0.021684803
0.08468993
0.22068124
0.005702183
0.066822045
0.21574245
0.039779797
0.03452254
0.22190914
0.02518116
0.85926473
0.59596443
0.58149576
0.072997235
0.017163213
0.15525058
0.5508331
0.2228017
0.018955689
0.5893367
0.40543702
0.48543054
0.01827868
0.115170226
0.27943474
0.019285157
0.011597558
0.12531425
0.22919255
0.0567316
0.04269897
0.8643171
0.028121576
0.0362925
0.020274637
0.013344044
0.17468156
0.09130046
0.008576269
0.07070705
0.039913535
0.024858575
0.060774818
0.12022346
0.029609993
0.15527622
0.042836756
0.13002045
0.08400017
0.049560267
0.013216159
0.1387484
0.017934225
0.005352747
0.15025903
0.09418854
0.08650719
0.19146794
0.06269163
0.1930918
0.24583334
0.16421644
0.12547368
0.0015555286
0.03882998
0.17793888
0.0026896922
0.08267663
0.63423955
0.07975037
0.1673226
0.057101145
0.942222
0.03788311
0.0064922604
0.30777937
0.6574415
0.29695636
0.022201922
0.026533708
0.07747975
0.5905049
0.10685247
0.098102905
0.15556905
0.058602616
0.07864985
0.116997354
0.07398451
0.16815974
0.028098116
0.12330624
0.27994177
0.105492465
0.17463419
0.24743304
0.029144272
0.1287195
0.061181646
0.046170607
0.0007931787
0.7297405
0.13405195
0.08450681
0.06647453
0.13780983
0.13852957
0.11261206
0.16072062
0.038153995
0.01743642
0.021608384
0.10009986
0.12739983
0.023256982
0.057724763
0.13254285
0.14551152
0.111022346
0.032257438
0.34935978
0.049870152
0.0769457
0.15559688
0.0112258615
0.059793677
0.00818866
0.58637875
0.09113497
0.19775738
0.11922618
0.17430687
0.050300505
0.07552205
0.7365937
0.037904788
0.012589571
0.52442896
0.069937885
0.08393798
0.76214784
0.022540402
0.07712759
0.4265097
0.16403781
0.40097335
0.0433815
0.0048011257
0.063447386
0.015483367
0.048349213
0.09773683
0.5042521
0.2899176
0.0070467116
0.14569287
0.13794805
0.3634572
0.10363606
0.05102427
0.067708775
0.16097149
0.67643726
0.09153677
0.113001354
0.051746536
0.016327541
0.27110142
0.5588365
0.06455773
0.12857191
0.016158815
0.43500382
0.45845935
0.0066413614
0.16970935
0.47377422
0.4649841
0.04272169
0.163854
0.10936036
0.06741793
0.025306825
0.21648285
0.08304133
0.14339186
0.8602004
0.021025024
0.07799202
0.43406203
0.046261754
0.18866399
0.44772995
0.14545542
0.065105915
0.010476775
0.020599363
0.07338199
0.69964397
0.008892166
0.009870019
0.003410681
0.26827982
0.06213646
0.12560514
0.10384644
0.05069967
0.09847211
0.11300992
0.02281307
0.04662151
0.159969
0.14568895
0.49889424
0.39410302
0.26316637
0.8252987
0.107996926
0.1903476
0.0005029687
0.036347207
0.3017148
0.12393756
0.08449994
0.7507013
0.07112768
0.34746656
0.1338966
0.09351457
0.0010492246
0.5827119
0.0434051
0.15229702
0.040821098
0.22866973
0.30011573
0.3970329
0.51170564
7.684353e-05
0.035150878
0.003994577
0.061155055
0.06399976
0.4048602
0.6852269
0.8331921
0.1681103
0.0012513525
0.11740572
0.08126829
0.15989713
0.14198491
0.11599541
0.2629372
0.052377164
0.7071483
0.3522259
0.088351294
0.43426743
0.079590805
0.15751874
0.22256967
0.042936448
0.12253116
0.8107089
0.09725145
0.010852446
0.13067356
0.19972058
0.089065924
0.037338335
0.49037996
0.041270845
0.0073757265
0.1265291
0.3772797
0.14376809
0.13027127
0.16413409
0.101301946
0.04940952
0.8473037
0.06997392
0.018796967
0.11580083
0.16931877
0.5557022
0.62520665
0.41977355
0.05594166
0.061255213
0.31560504
0.013735951
0.15000735
0.1523144
0.094517164
0.12845185
0.43343455
0.3993589
0.4649819
0.20256701
0.08516506
0.007027397
0.0061531467
0.37428227
0.8240247
0.72299147
0.3127433
0.11472436
0.182005
0.90754604
0.04462665
0.9735057
0.1274958
0.04191137
0.08012798
0.030831883
0.4286826
0.2866152
0.049128473
0.055034965
0.14281146
0.111391455
0.019622019
0.509249
0.71369416
0.0017807184
0.00023938561
0.08167214
0.0056254114
0.54982257
0.20360294
0.105713904
0.06173032
0.024743035
0.23232755
0.030604688
0.028056804
0.23611873
0.074327275
0.16540708
0.3191661
0.12949064
0.11503057
0.12495017
0.7361766
0.14184445
0.62290895
0.04757713
0.08135518
0.58469063
0.0063563082
0.09044785
0.45063123
0.3913039
0.026849028
0.0083264215
0.00070554396
0.23318128
0.17161706
0.00961648
0.009751435
0.057709176
0.23692968
0.04054546
0.16345006
0.13264968
0.1780522
0.17462365
0.34220216
0.06737735
0.04620972
0.14578982
0.12143308
0.53631103
0.16281493
0.5930601
0.63598734
0.77931565
0.017804923
0.024723265
0.118456826
0.12696864
0.017324114
0.5905049
0.084391996
0.063418806
0.011232978
0.0035690586
0.015265513
0.8009958
0.39083913
0.14491864
0.013985985
0.58858997
0.020637203
0.9545846
0.10057683
0.2430278
0.05365827
0.31117693
0.8813637
0.17830777
0.021809474
0.69428474
0.14034678
0.11269366
0.0031003838
0.12409013
0.052276954
0.453497
0.00026573578
0.043352004
0.18701966
0.07238321
0.089290775
0.43324426
0.25063342
0.021339511
0.31143478
0.044555172
0.12229645
0.016934564
0.09673129
0.08684866
0.072431944
0.047179196
0.13631926
0.05047785
0.029092899
0.292086
0.010033761
0.04008176
0.74492306
0.021763511
0.0071143857
0.07810947
0.0028185463
0.030473791
0.0872068
0.20338732
0.060049202
0.3068094
0.037823766
0.08428079
0.05464295
0.61605495
0.063431464
0.005074083
0.055026792
0.06429526
0.040053833
0.9639546
0.13917987
0.46795702
0.10801742
0.22921114
0.08427217
0.5387909
0.00954889
0.03471864
0.049566925
0.26080152
0.12450397
0.15566616
0.19490524
0.42123947
0.7365259
0.14761217
0.20845687
0.61885476
0.19982426
0.049775448
0.016841186
0.035610955
0.07043748
0.37106854
0.530818
0.17345197
0.15394312
0.08767038
0.0560209
0.5080107
0.80811656
0.108320706
0.48385376
0.002578308
0.0022494253
0.10032992
0.08659773
0.03233352
0.09921661
0.036237605
0.033775356
0.44289246
0.0497797
0.16085231
0.19931097
0.023636011
0.005328987
0.126463
0.023167888
0.18772875
0.016492028
0.55290985
0.07561595
0.44617218
0.004974706
0.8326482
0.029245641
0.09203195
0.06687219
0.0148253925
0.71435237
0.09469497
0.045213647
0.0838195
0.027703548
0.13464418
0.08913388
0.10229963
0.48639193
0.0027176824
0.5578402
0.13608663
0.016974771
0.0072702174
0.0700061
0.07807257
0.08977504
0.057086848
0.032369673
0.049507666
0.17449932
0.18126544
0.6176164
0.02978552
0.0025525352
0.030174164
0.099830136
0.015992818
0.48966867
0.11114285
0.18272808
0.044483837
0.7908487
0.44172528
0.61416626
0.26838556
0.061913844
0.11332482
0.2827283
0.13503551
0.043843307
0.69141763
0.025062812
0.07024395
0.10124331
0.7429721
0.05161011
0.11596419
0.28544253
0.10047523
0.012830149
0.08705445
0.036327794
0.11237684
0.67826664
0.6397909
0.048700165
0.044822607
0.0011439164
0.011801816
0.107377
0.13097872
0.9978542
0.16400419
0.065966204
0.04622729
0.074855156
0.291645
0.051359445
0.45243722
0.014008874
0.43685278
0.7730407
0.023489963
0.8674829
0.03304999
0.15363148
0.97520304
0.32744396
0.70737875
0.11205908
0.11295856
0.16788082
0.07671544
0.09097601
0.028170643
0.04737621
0.044786155
0.036303733
0.039470624
0.9567191
0.1266107
0.11526444
0.8305895
0.02797296
0.738286
0.08040756
0.1635693
0.1520136
0.031474404
0.1650627
0.12617084
0.40088052
0.020540698
0.096737124
0.18416703
0.0021744138
0.15680583
0.08549482
0.06340107
0.048042994
0.16494074
0.14177074
0.082043424
0.12918155
0.1721223
0.33458924
0.004924069
0.11256489
0.014797818
0.7463833
0.5905049
0.0457772
0.040900543
0.16398862
0.1061711
0.045763984
0.00024117851
0.39476
0.04682693
0.07701061
0.32622662
0.046174303
0.13690718
0.019629166
0.38246447
0.0077751894
0.05160629
0.004816287
0.002128917
0.1254479
0.008955903
0.143908
0.011954732
0.008625797
0.04885344
0.66804016
0.12609565
0.9892492
0.14824846
0.060649242
0.06895388
0.018002337
0.30859554
0.7247631
0.9189441
0.1043962
0.21077685
0.2175502
0.0031388216
0.336029
0.044111475
0.11829651
0.037166074
0.0038410183
0.36816704
0.06209301
0.035748366
0.2961998
0.99304986
0.084917195
0.30061516
0.20771146
4.3104097e-05
0.06665689
0.03669676
0.009206482
0.0036019103
0.02871392
0.8300685
0.057158653
0.0012798621
0.16123672
0.13918483
0.365171
0.72543144
0.1379392
0.096412845
0.023532672
0.85637915
0.93781
0.018791994
0.74582595
0.9690442
0.7846601
0.17965658
0.10590335
0.006286279
0.05688484
0.0016166698
0.018896524
0.09311037
0.029088305
0.39266345
0.053795885
0.009664711
0.34188244
0.9649002
0.21403506
0.10572442
0.0073413905
0.09929762
0.06804369
0.14661989
0.018033456
0.03233036
0.0003520526
0.35619816
0.021526158
0.04968171
0.031810466
0.16924
0.1381097
0.09788113
0.11075534
0.03707699
0.074795514
0.030967224
0.46777642
0.38428408
0.011579426
0.14964974
0.43047833
0.1442382
0.020482432
0.010570673
0.011025366
0.24944684
0.48468652
0.81785244
0.00045899933
0.08085571
0.37665576
0.04064795
0.05947452
0.020058958
0.09222394
0.04639217
0.17342263
0.4585611
0.035745807
0.08318494
0.06552862
0.89661
0.034868456
0.030599656
0.062658854
0.3903158
0.18735448
0.014042564
0.0049355514
0.3462272
0.16323945
0.1515426
0.03346059
0.05284526
0.054347068
0.16717441
0.37495306
0.05749235
0.4297016
0.009610197
0.07809975
0.06422686
0.6751695
0.06942881
0.114570156
0.053702015
0.020943483
0.02622618
0.16615558
0.12483939
0.10591803
0.07185421
0.1345664
0.104356885
0.07264262
0.13272566
0.07074607
0.01129476
