0.08491056 0.91508937
0.034144603 0.9658554
0.007862507 0.9921375
0.012239362 0.98776066
0.018812703 0.98118734
0.00039974664 0.99960023
0.018584372 0.9814156
0.088258974 0.911741
0.06747505 0.9325249
0.14518748 0.85481256
0.20154907 0.79845095
0.1860257 0.81397426
0.27461618 0.7253838
0.014745576 0.9852544
0.023090059 0.9769099
0.06674175 0.9332583
0.00051089935 0.99948907
0.083692566 0.91630745
0.005040019 0.99495995
0.0014470607 0.998553
0.27482548 0.72517455
0.0017548733 0.9982451
0.001448038 0.9985519
0.023431463 0.97656846
0.033505205 0.96649474
6.0253944e-07 0.9999994
0.018085197 0.98191476
0.68853647 0.31146353
0.037792187 0.96220785
0.00032484872 0.99967515
0.060997266 0.9390027
2.479267e-06 0.9999975
0.22642198 0.773578
0.89869463 0.10130534
0.002806254 0.9971937
0.026091263 0.9739087
0.07252864 0.9274714
2.0920659e-06 0.99999785
0.059679445 0.94032055
0.101172194 0.8988278
0.22547314 0.7745269
0.13356735 0.86643267
0.053472936 0.946527
0.5743094 0.4256906
0.27787536 0.7221246
0.026048668 0.97395134
0.051328488 0.9486715
0.043396987 0.95660305
0.0009349466 0.9990651
0.22987407 0.770126
0.0006743524 0.99932563
2.5624997e-05 0.99997437
0.026583457 0.97341657
0.8205497 0.17945024
0.0001752419 0.9998248
0.19578418 0.80421585
2.718064e-07 0.99999976
3.1994106e-05 0.99996805
0.09502332 0.90497667
0.001841565 0.9981584
0.04771748 0.9522825
0.01598242 0.98401755
0.040299345 0.95970064
1.4679076e-06 0.99999857
0.04497543 0.95502454
0.91346174 0.08653828
0.0021144242 0.9978855
0.050715335 0.9492846
0.0008320355 0.99916804
0.5530556 0.4469444
0.10871787 0.8912821
0.76159596 0.23840398
0.016448615 0.9835513
0.0015129527 0.998487
0.74277455 0.25722545
0.029198121 0.9708019
0.008911991 0.99108803
0.031796668 0.96820337
0.005674951 0.994325
6.122478e-05 0.9999387
0.074190125 0.9258099
0.011817391 0.9881826
0.047793325 0.95220673
0.040055066 0.9599449
0.9140047 0.085995264
0.009976305 0.9900237
2.0122197e-06 0.999998
0.9294881 0.07051189
0.025225723 0.97477424
0.010310737 0.98968923
0.013803826 0.98619616
0.007968804 0.9920312
0.015722007 0.984278
0.001796033 0.998204
7.177392e-06 0.99999285
9.1803685e-08 0.9999999
0.05166831 0.94833165
0.14681545 0.8531846
0.05698005 0.94302
0.28430352 0.7156965
0.0028457022 0.99715424
0.6951965 0.30480346
0.5925895 0.4074105
0.59778917 0.40221083
0.25893253 0.74106747
0.0117091 0.98829085
0.076747105 0.92325294
0.44803822 0.55196184
0.07705916 0.9229408
0.9521549 0.047845148
0.92802036 0.07197965
0.063453384 0.9365466
0.00030918999 0.9996909
0.3119057 0.68809426
0.002632568 0.99736744
0.15773928 0.84226066
0.001994407 0.99800557
0.30974302 0.69025695
0.018828377 0.9811716
0.002217644 0.9977824
0.0014272409 0.9985727
0.8085451 0.19145486
0.34839493 0.651605
0.007166235 0.99283373
0.06752562 0.93247443
0.4144344 0.5855656
8.159474e-07 0.99999917
0.011469803 0.9885302
0.0004157283 0.99958426
0.84770954 0.15229046
0.006124668 0.9938753
0.41260925 0.5873908
2.1571339e-05 0.9999784
7.0452097e-09 1.0
0.0725835 0.92741644
0.3296142 0.6703858
0.0033387963 0.9966612
0.00073749636 0.9992625
0.007240972 0.992759
0.013937232 0.9860628
0.055758446 0.9442416
0.00095747266 0.99904245
0.0027721107 0.99722785
0.066881366 0.93311864
0.21835552 0.7816445
0.041899905 0.9581001
0.00018508523 0.9998149
0.048499096 0.9515009
0.0009530572 0.999047
0.6870832 0.31291682
0.012687873 0.9873122
0.60980177 0.39019826
0.07337709 0.9266229
0.18808132 0.8119187
0.19822176 0.80177826
0.019845612 0.98015434
9.716856e-07 0.99999905
0.029769925 0.97023004
0.104361914 0.89563805
0.051503744 0.9484962
0.22274691 0.7772531
0.3424537 0.65754634
0.00055062055 0.99944943
0.0022208241 0.9977792
0.32387367 0.67612636
0.8142501 0.18574993
0.21315417 0.7868458
0.68286246 0.31713754
0.013112925 0.98688704
0.0002505921 0.99974936
0.70004237 0.29995763
0.09330012 0.9066999
0.0001299401 0.99987006
0.41600233 0.5839976
0.10686378 0.89313626
6.8435394e-05 0.9999316
0.00817242 0.9918276
3.9753143e-08 1.0
0.03993386 0.9600662
0.016149046 0.9838509
0.11486076 0.8851392
2.7064297e-07 0.99999976
0.046411388 0.95358855
0.14885482 0.8511452
0.59910977 0.40089023
0.11989254 0.88010746
0.44409478 0.55590516
0.49251932 0.50748074
6.792926e-06 0.9999932
6.1932966e-05 0.999938
0.31604987 0.6839501
0.113159396 0.88684064
0.13366887 0.8663311
6.685669e-05 0.9999331
0.021129277 0.97887075
1.1874284e-05 0.9999881
0.03137301 0.968627
0.0043494366 0.9956506
0.00011012033 0.99988985
0.038373776 0.96162623
0.00665396 0.9933461
0.00034788184 0.99965215
0.029635524 0.9703645
0.00011660425 0.9998834
0.0053856373 0.9946143
0.0029290984 0.9970709
0.010404493 0.9895955
0.003377012 0.99662304
1.2844784e-05 0.9999871
0.039746 0.960254
0.01555997 0.98443997
0.038087644 0.9619124
0.1721901 0.8278099
4.6761023e-08 1.0
0.7439157 0.25608435
3.511278e-05 0.99996483
0.025347957 0.97465205
9.1393264e-07 0.99999905
0.023013249 0.9769868
0.5073109 0.49268904
0.06350371 0.93649626
0.54200846 0.45799154
0.019352062 0.980648
0.00267678 0.9973232
6.202336e-07 0.9999994
0.00034377948 0.9996562
0.1140994 0.8859006
0.36197048 0.6380295
0.872339 0.12766105
0.14661728 0.8533827
0.0385241 0.9614759
0.52496594 0.47503406
0.057075813 0.9429242
0.13212381 0.8678762
0.1044172 0.8955828
0.13512494 0.864875
3.488392e-05 0.9999651
0.06174765 0.93825233
0.8172785 0.1827215
0.00157414 0.99842584
0.049215797 0.95078415
0.81354964 0.18645033
0.0011002786 0.9988997
0.0014582644 0.9985417
0.6974514 0.30254856
0.9879556 0.012044402
0.62292236 0.37707767
0.060146894 0.9398531
0.08391278 0.9160872
0.75037044 0.24962956
0.09586732 0.90413266
0.0013035205 0.9986965
0.83011323 0.16988672
0.15803257 0.8419674
0.032574445 0.9674256
0.46464542 0.5353547
0.0015848533 0.9984151
0.48569912 0.51430094
0.07334932 0.92665064
4.1743333e-05 0.9999583
0.72258055 0.27741945
0.004954973 0.99504507
0.0075269523 0.992473
4.2667938e-07 0.9999995
0.0037931832 0.99620676
0.00030016614 0.99969983
0.23668268 0.76331735
0.071084216 0.92891574
0.006730087 0.99326986
4.5961756e-06 0.99999535
0.0741634 0.92583656
0.08172439 0.9182756
0.5543146 0.44568545
0.04191989 0.95808005
0.91845804 0.08154196
0.14771831 0.8522817
0.04619373 0.9538063
7.884975e-06 0.99999213
0.009083582 0.99091643
0.0007430008 0.999257
6.627841e-05 0.9999337
0.013444449 0.9865556
0.2164096 0.78359044
0.31409165 0.6859084
0.0007308136 0.9992692
0.91119766 0.08880235
0.33588758 0.6641124
0.23028962 0.7697104
0.059869938 0.9401301
0.013148455 0.9868515
0.16538267 0.83461726
0.13289808 0.86710197
0.018391605 0.98160833
0.11021772 0.88978225
0.95388913 0.046110835
0.008187209 0.9918128
0.05763473 0.9423653
0.0020517567 0.9979482
0.000423273 0.99957675
0.024199154 0.9758009
9.5950305e-08 0.9999999
0.018616993 0.981383
0.023399038 0.976601
0.002061883 0.9979381
0.025748044 0.9742519
1.0956009e-07 0.9999999
0.02864762 0.9713524
0.08984981 0.91015023
0.65234625 0.3476537
0.065518044 0.9344819
0.007105065 0.99289495
0.13489427 0.86510575
0.14533964 0.8546604
0.01678158 0.9832184
0.1355267 0.86447334
0.008098118 0.9919018
5.6559802e-08 1.0
8.1582475e-05 0.99991846
0.9632841 0.036715917
0.035979684 0.9640203
0.3508208 0.6491792
0.029159915 0.9708401
0.103182115 0.8968179
0.4635444 0.5364556
0.19155693 0.80844307
0.012590693 0.98740935
0.0074233506 0.99257666
0.093342036 0.90665793
0.00042944745 0.99957055
0.04268175 0.9573182
0.035891417 0.9641085
0.0060645603 0.9939354
2.3801102e-05 0.99997616
0.0015568675 0.9984432
0.83359617 0.16640392
0.03391988 0.9660801
0.009549071 0.9904509
0.06357348 0.9364265
0.7937491 0.20625092
0.0004803888 0.9995196
2.717413e-05 0.9999728
0.061899323 0.9381007
0.00512116 0.99487877
0.4695989 0.53040105
0.05434875 0.94565123
0.34368917 0.65631086
0.0025596311 0.99744034
0.28364107 0.7163589
0.010627914 0.9893721
0.0010652752 0.9989347
0.5224383 0.47756168
0.0011619134 0.9988381
0.042947143 0.9570528
0.55091465 0.44908527
0.03959547 0.9604045
0.04430985 0.9556901
0.0596319 0.94036806
0.08296552 0.9170345
0.016142093 0.9838579
0.011126214 0.9888737
0.0016090164 0.99839103
0.00017191462 0.9998281
0.92330384 0.07669614
1.1055253e-06 0.9999989
0.00052682695 0.99947315
0.037174493 0.96282554
0.005761235 0.99423873
0.0009714424 0.99902856
0.020693626 0.97930634
7.896991e-09 1.0
0.2754387 0.7245613
0.012329839 0.9876702
6.427521e-05 0.99993575
0.32429054 0.67570955
0.058423776 0.94157624
0.10886486 0.89113516
4.7682468e-05 0.9999523
8.034484e-10 1.0
0.058731373 0.9412687
0.3897858 0.61021423
0.11501133 0.8849887
0.037516754 0.9624832
0.023442585 0.97655743
0.0023925446 0.99760747
0.035952155 0.9640478
0.111489944 0.88851005
0.06103522 0.9389648
0.9441252 0.055874757
1.4861798e-09 1.0
0.7057292 0.29427084
0.0019356655 0.99806434
0.0017619979 0.99823797
0.0020951321 0.9979049
0.0060504316 0.99394953
2.5556401e-08 1.0
0.11388333 0.8861167
0.12498939 0.87501067
0.7145419 0.285458
0.667659 0.33234105
0.020324234 0.97967577
0.0076581705 0.9923419
0.06911916 0.9308808
0.008928447 0.9910715
0.39666525 0.6033348
0.015844826 0.9841552
0.11299369 0.88700634
0.0008034698 0.9991966
0.0069359513 0.9930641
0.013957311 0.9860427
0.024841487 0.9751585
2.2491156e-08 1.0
0.18275145 0.8172486
0.09349407 0.9065059
0.05571178 0.9442882
0.80724645 0.19275355
0.058742825 0.9412572
0.11242959 0.8875704
3.0948002e-05 0.999969
0.014749567 0.9852504
0.042401273 0.95759875
0.225412 0.774588
0.27623484 0.7237652
0.040017564 0.95998245
0.18306178 0.81693816
0.08689678 0.9131032
0.022488741 0.9775113
0.17090413 0.8290959
2.0517335e-05 0.9999795
0.2981884 0.7018116
0.027055254 0.97294474
9.1285765e-06 0.9999908
0.005000057 0.995
0.43440962 0.5655904
0.26784328 0.7321567
0.34190947 0.6580906
0.07995916 0.9200409
0.042692292 0.9573077
0.0052400017 0.99476
0.0011729667 0.99882704
2.3936609e-05 0.99997604
2.8317788e-07 0.99999976
0.29525965 0.7047404
0.07059907 0.9294009
0.20798144 0.7920186
0.0056216083 0.9943784
0.0017546244 0.99824536
0.0016114312 0.99838865
0.03876566 0.9612343
0.0008980408 0.999102
0.2252702 0.7747297
0.025048414 0.97495157
0.08261516 0.9173848
0.0023368653 0.99766314
0.0011967586 0.99880326
0.085840896 0.91415906
0.004278936 0.99572104
0.49706593 0.50293404
0.013864442 0.9861355
0.018168721 0.98183125
0.118260264 0.88173974
0.2136506 0.7863494
0.41525206 0.5847479
0.70141804 0.29858196
0.00054347026 0.9994566
0.11634018 0.8836598
0.5999828 0.40001714
4.238427e-06 0.9999957
0.14864528 0.8513548
1.4606195e-07 0.9999999
0.12597114 0.87402886
0.11725386 0.88274616
0.4019899 0.59801006
0.35938877 0.64061123
0.051922992 0.948077
0.34698644 0.6530135
0.024592375 0.9754076
0.00010432658 0.9998957
0.06983075 0.9301693
0.0006955415 0.9993044
0.051423885 0.94857615
0.0002373475 0.9997627
0.053805593 0.94619447
0.08090007 0.91909987
0.033910364 0.9660896
0.23907092 0.7609291
5.8696895e-07 0.9999994
1.1024997e-07 0.9999999
0.038477056 0.96152294
0.00034616908 0.9996538
0.0036005275 0.9963994
4.1859224e-10 1.0
0.01620224 0.9837977
0.23756926 0.7624308
0.8985458 0.10145422
0.61082214 0.38917786
0.013388188 0.98661184
0.29927197 0.7007281
0.03956671 0.9604333
4.1040826e-10 1.0
0.022576435 0.9774236
0.63998985 0.36001015
0.13637139 0.8636286
0.06339705 0.9366029
0.059075993 0.94092405
0.22006105 0.779939
0.049319 0.95068103
0.34884682 0.6511532
0.031502523 0.96849746
0.016172754 0.98382723
0.8008546 0.19914535
0.018018445 0.9819816
0.00073926675 0.9992607
2.7181492e-05 0.9999728
0.0001510111 0.99984896
0.04061579 0.9593842
0.028605886 0.9713941
0.052426647 0.9475733
0.09673325 0.9032668
0.12952586 0.87047416
0.44775495 0.55224496
0.30823472 0.69176537
0.37732142 0.6226786
0.120056465 0.8799435
0.15203243 0.84796757
0.08725271 0.9127473
0.3173285 0.6826714
9.589999e-12 1.0
3.6438207e-05 0.9999635
0.010799463 0.9892006
0.08880223 0.9111978
0.28874326 0.7112568
0.34163824 0.6583618
0.000824682 0.99917525
0.0032061099 0.9967939
0.10562018 0.8943798
0.018569952 0.98143
0.8894577 0.11054228
0.88966346 0.11033662
0.19867249 0.8013275
0.10540387 0.8945961
0.0009988411 0.9990012
0.040073317 0.95992666
2.0929329e-07 0.99999976
0.69919974 0.30080035
0.10773451 0.8922655
8.5082655e-05 0.9999149
8.633739e-06 0.9999914
0.80484927 0.19515078
0.33338848 0.6666115
0.30335984 0.6966402
0.29621464 0.7037853
2.468739e-07 0.99999976
0.8741213 0.12587869
0.043430097 0.9565699
0.0907338 0.9092662
0.0017783052 0.9982217
0.2489856 0.7510144
0.04183753 0.9581625
1.708229e-05 0.99998295
0.06201698 0.937983
0.40211102 0.59788907
0.007927547 0.9920725
0.5385192 0.46148086
0.27182606 0.728174
0.039684296 0.96031564
0.29383248 0.7061675
0.018699953 0.98130006
0.0658523 0.9341477
0.0035718344 0.9964282
0.06049136 0.9395087
0.3410743 0.6589257
0.13202432 0.86797565
0.01599741 0.98400253
0.0019175904 0.9980824
0.004003127 0.99599683
0.1847908 0.8152092
0.4345733 0.56542677
0.12845051 0.8715495
0.43775252 0.56224746
0.12573063 0.8742693
0.04485922 0.95514077
0.0042491364 0.9957509
0.666909 0.33309102
0.34721047 0.65278953
6.438379e-05 0.9999356
0.14911285 0.8508872
0.032423522 0.96757644
0.20752998 0.7924701
0.024943674 0.9750563
0.00093998504 0.99906
0.010869104 0.98913085
0.94244355 0.057556476
0.80248433 0.19751567
0.42489478 0.57510525
0.35285923 0.6471408
0.09711546 0.90288454
0.32856748 0.6714325
0.87994814 0.120051846
9.216801e-05 0.99990785
0.13364503 0.866355
0.06845809 0.931542
0.09224869 0.9077513
0.0006876578 0.9993124
0.00014099032 0.999859
2.7522603e-06 0.99999726
0.4267837 0.57321626
0.00072688435 0.9992731
0.357842 0.642158
0.22624771 0.77375233
0.00020073375 0.9997993
0.031900886 0.9680991
0.8144955 0.18550454
1.6782129e-05 0.9999832
0.006180407 0.99381965
0.010354418 0.9896456
0.0710061 0.92899394
3.2851898e-07 0.99999964
0.0001786932 0.99982136
2.3633731e-05 0.9999764
0.33588758 0.6641124
0.0001136502 0.9998864
8.548221e-06 0.9999914
0.101050235 0.89894974
0.1001944 0.8998056
0.49562556 0.5043745
0.08827202 0.911728
0.00011252568 0.99988747
0.0619902 0.93800974
0.017165346 0.9828347
0.04031043 0.95968956
0.1020638 0.8979362
1.8295667e-06 0.9999982
0.33588758 0.6641124
0.07379871 0.9262013
0.6684635 0.3315365
0.23901147 0.76098853
0.63994473 0.36005527
0.05250406 0.94749594
0.42606154 0.5739385
0.1423129 0.8576871
0.91453314 0.085466854
0.0013108448 0.9986891
0.288928 0.71107197
0.33588758 0.6641124
2.1528987e-07 0.99999976
0.06298276 0.9370173
0.64116305 0.35883695
0.79850227 0.20149772
0.7226184 0.2773816
0.0005834637 0.9994166
0.64549035 0.35450968
0.017757054 0.98224294
0.02424296 0.97575706
0.00161486 0.9983852
0.028236605 0.97176343
0.00026475833 0.9997352
0.05707577 0.9429242
8.084906e-05 0.9999192
0.1272277 0.8727723
0.11984085 0.8801592
0.024055231 0.97594476
0.011314681 0.98868525
6.124542e-06 0.9999939
0.0083893975 0.9916106
0.0070077865 0.9929923
0.002801941 0.9971981
0.0065092733 0.9934908
0.009673322 0.9903267
0.025998235 0.9740018
0.11235657 0.88764346
0.02300525 0.97699475
0.00020946845 0.9997905
0.041459445 0.9585405
0.07622629 0.9237737
0.070909254 0.92909074
5.999831e-05 0.99994004
9.055457e-05 0.9999094
1.1515003e-11 1.0
0.008093488 0.9919065
0.0016803608 0.99831957
0.07296111 0.9270389
0.001765825 0.99823415
0.0033247957 0.99667525
0.02835531 0.9716447
0.028086005 0.971914
0.032560606 0.9674394
6.43377e-05 0.9999356
0.11840667 0.8815933
2.0433074e-06 0.999998
0.088566646 0.91143334
0.103034124 0.8969659
0.20450698 0.79549307
0.31888643 0.68111354
7.5331322e-06 0.9999925
0.42373797 0.576262
4.2921024e-13 1.0
0.76550967 0.23449029
0.041009415 0.9589906
0.38707712 0.6129229
4.0484736e-08 1.0
0.017859107 0.9821409
0.039396677 0.96060336
0.04593176 0.95406824
0.11974478 0.8802552
0.048731778 0.95126814
0.35329637 0.64670366
1.4913145e-05 0.9999851
0.07855342 0.92144656
0.00029202027 0.999708
0.0013828408 0.9986172
0.8111175 0.18888254
1.3453906e-11 1.0
0.4156616 0.5843384
0.4721926 0.5278074
0.025167491 0.9748325
1.9634092e-05 0.99998033
0.35220498 0.6477951
0.17067324 0.82932675
0.011582684 0.9884173
6.043115e-05 0.99993956
0.8380271 0.1619729
2.7590778e-07 0.99999976
0.05996682 0.9400332
0.6931975 0.3068025
0.7400144 0.2599857
0.23775409 0.76224595
0.43667635 0.5633237
0.02838536 0.97161466
0.0013119138 0.99868804
0.023245594 0.97675437
3.74458e-07 0.99999964
0.0009284318 0.9990716
0.026250131 0.9737499
1.1002243e-06 0.9999989
0.00018581231 0.9998142
0.151725 0.84827507
0.012980958 0.98701906
0.142799 0.857201
0.4321585 0.5678414
0.0011799566 0.99882
0.004585655 0.9954144
0.0006414766 0.9993585
0.07457875 0.9254213
0.006841856 0.99315816
0.35156038 0.64843965
5.77006e-06 0.9999943
5.3900735e-11 1.0
0.07276134 0.9272387
0.0051896167 0.99481034
1.02752125e-07 0.9999999
0.09988205 0.900118
5.008273e-06 0.999995
0.0034485413 0.9965514
0.0074269557 0.992573
0.12578075 0.8742193
0.005967342 0.9940327
0.21072744 0.78927255
0.0035894886 0.99641055
0.6047089 0.39529106
0.0027745161 0.9972255
0.6562222 0.34377775
0.65863746 0.3413626
0.020328412 0.97967154
4.1566213e-07 0.99999964
0.09308188 0.9069181
0.059198886 0.94080114
2.6207355e-05 0.9999738
1.193409e-05 0.9999881
0.027613973 0.972386
0.0050872215 0.99491274
0.007586541 0.99241346
0.12140184 0.87859815
0.0032347653 0.99676526
1.0885874e-07 0.9999999
0.361257 0.638743
0.33588758 0.6641124
0.004867145 0.99513286
0.0008932924 0.9991067
0.0051766816 0.99482334
1.6888584e-09 1.0
0.027831068 0.972169
0.002696979 0.997303
0.0021705034 0.9978295
0.87451386 0.12548615
0.10053942 0.8994606
0.20238793 0.7976121
0.09512152 0.9048785
0.0065096426 0.99349034
0.0023206598 0.9976794
0.09103681 0.9089632
0.062014002 0.937986
0.02234182 0.97765815
0.066627644 0.93337244
2.182893e-07 0.99999976
0.2709384 0.72906166
0.0141715 0.9858285
0.2840629 0.71593714
7.724765e-06 0.99999225
9.691632e-06 0.99999034
0.09354239 0.9064576
0.07511865 0.92488134
0.000957876 0.9990421
0.00020087084 0.9997992
0.0037846933 0.9962153
0.042722475 0.9572776
0.22288175 0.77711827
0.0071938424 0.99280614
3.313352e-05 0.99996686
0.005837763 0.99416226
0.7129788 0.28702125
2.1351193e-06 0.99999785
0.3760114 0.62398857
0.79785544 0.20214461
0.012609778 0.9873903
0.23119459 0.7688054
0.3686424 0.63135755
0.33588758 0.6641124
0.0032969443 0.9967031
0.0013499896 0.99865
0.015770981 0.9842291
5.3132254e-10 1.0
0.0064681303 0.9935318
0.0002220138 0.999778
2.8771277e-05 0.9999713
9.124785e-08 0.9999999
0.0005808242 0.9994192
0.0020796717 0.99792033
0.07402074 0.92597926
0.45795313 0.5420468
0.023162115 0.9768379
0.05374998 0.9462501
0.07977046 0.9202295
0.003037974 0.996962
1.0920304e-09 1.0
5.3944987e-05 0.999946
0.29705468 0.70294535
1.3876541e-05 0.9999862
0.010177668 0.9898224
2.8436244e-09 1.0
0.13602193 0.863978
0.09636191 0.9036381
0.00023293014 0.9997671
0.00028692436 0.999713
0.019762011 0.98023796
3.7271275e-05 0.9999627
0.018876053 0.981124
0.14555544 0.85444456
0.004822208 0.99517775
0.92535514 0.074644856
0.06501482 0.9349852
0.0393506 0.96064943
0.3982401 0.6017599
0.023730814 0.97626925
0.0027231032 0.99727696
0.6264196 0.37358034
0.007337501 0.99266255
0.0022046186 0.99779534
0.048603605 0.95139647
1.8473536e-05 0.9999815
0.07740114 0.92259884
0.04447658 0.95552343
5.9455942e-06 0.99999404
0.020152567 0.97984743
0.0016670204 0.99833304
2.9298151e-05 0.9999707
0.008688282 0.9913118
4.8711794e-05 0.99995124
0.006837493 0.9931625
0.087719135 0.9122809
0.1284033 0.87159663
0.0019680648 0.9980319
0.014316156 0.9856838
0.3247448 0.67525524
0.09584927 0.9041507
0.052536856 0.9474632
0.16501914 0.8349808
1.8211759e-06 0.9999982
0.03776623 0.9622338
0.006677007 0.993323
0.07886268 0.92113733
0.00055835646 0.9994417
0.009774314 0.99022573
5.6724314e-09 1.0
0.2038976 0.7961024
0.40456322 0.5954368
0.7139135 0.28608647
4.3239725e-06 0.9999957
0.21776782 0.7822322
0.56649137 0.43350863
0.42886612 0.57113385
0.09757763 0.90242237
0.034310516 0.9656894
0.11061152 0.88938844
0.7931777 0.20682228
0.013793067 0.9862069
0.061466333 0.93853366
0.003053266 0.99694675
0.057405878 0.9425941
0.06520165 0.9347983
0.4325214 0.5674786
5.5819633e-06 0.9999944
0.00039905062 0.99960095
0.30126858 0.6987315
0.0060237097 0.99397624
0.5764661 0.42353395
0.13650846 0.86349154
0.00017496507 0.99982506
0.2958066 0.7041934
0.01549916 0.9845009
0.2807335 0.7192665
0.051476873 0.94852316
0.20185113 0.7981488
6.9321315e-05 0.9999306
0.09546441 0.9045356
0.80308133 0.19691862
0.055969518 0.9440305
0.8858385 0.114161514
0.004236165 0.9957638
0.0037118455 0.9962882
0.009580135 0.9904199
0.0013361985 0.9986638
0.9515162 0.048483793
6.0874763e-09 1.0
0.9652516 0.03474841
0.03113856 0.96886146
0.0010481437 0.9989518
0.020200422 0.97979957
0.0064770295 0.993523
0.00879973 0.99120027
0.06704959 0.93295044
0.015298553 0.9847015
0.064504474 0.9354955
0.0002970981 0.9997029
0.028515713 0.97148436
0.11972622 0.8802738
0.10455917 0.8954408
0.13700728 0.86299276
0.17008145 0.82991856
0.0031392109 0.99686074
0.10054071 0.89945924
0.43632695 0.563673
0.00020743642 0.99979264
3.0907862e-07 0.99999964
0.0015154356 0.99848455
0.10618859 0.8938114
0.00030019134 0.99969983
6.6618816e-07 0.9999993
4.241037e-05 0.99995756
0.27443567 0.72556436
0.009653508 0.9903465
0.09137317 0.9086268
0.06235807 0.9376419
0.05388138 0.9461186
0.19532144 0.80467856
0.43401095 0.5659891
0.018642198 0.98135775
0.004004439 0.9959955
0.10735086 0.8926492
0.00046325734 0.99953675
0.33417678 0.6658232
2.5853665e-06 0.9999974
4.4933727e-06 0.99999547
0.37830132 0.6216987
0.06340454 0.9365955
0.0011755353 0.9988244
0.0034141985 0.99658585
0.0033274463 0.9966725
0.00021777999 0.99978226
0.2137903 0.78620976
0.009569462 0.99043053
7.201637e-06 0.99999285
0.037682906 0.96231717
0.00036232313 0.9996377
0.8250999 0.17490014
0.13286471 0.8671353
3.729743e-07 0.99999964
0.058528136 0.94147193
0.012845197 0.98715484
0.012332998 0.98766696
0.10086551 0.89913446
0.0034735992 0.9965264
0.05838245 0.94161755
0.17559959 0.8244004
0.10713701 0.8928629
0.6969789 0.3030211
0.0045401016 0.99545985
0.0054924744 0.9945075
0.46372676 0.5362733
0.16138786 0.83861214
2.284446e-05 0.9999771
0.0036897787 0.9963102
0.015557708 0.9844423
0.030503562 0.9694965
0.27435455 0.7256454
0.0590167 0.9409833
0.1568668 0.8431332
0.9487717 0.051228225
0.04950024 0.9504998
0.073494345 0.9265056
0.18586323 0.81413674
0.008404748 0.9915952
0.012576347 0.9874236
0.12665477 0.8733452
0.013204344 0.98679566
0.009523349 0.9904766
0.35262176 0.6473782
0.015833246 0.98416674
8.757856e-10 1.0
0.00799832 0.99200165
0.058331378 0.94166857
0.09941282 0.9005872
0.97657937 0.023420602
0.011078411 0.9889215
0.09952649 0.90047354
0.058812153 0.94118786
0.04476596 0.955234
0.12348864 0.87651134
0.31540865 0.6845913
0.1587178 0.8412822
0.009979819 0.99002016
0.9154857 0.084514335
0.90635437 0.09364566
0.0021648135 0.9978352
0.045606934 0.954393
0.00012485037 0.9998752
0.03770378 0.96229625
0.85458666 0.14541338
0.13037358 0.86962646
0.78806466 0.21193533
0.7012681 0.2987319
0.00475845 0.9952415
0.078509636 0.9214904
0.026274238 0.9737257
0.087749876 0.91225016
0.052495316 0.9475047
6.1661245e-07 0.9999994
0.14364287 0.8563571
0.18249118 0.8175089
0.005924769 0.9940752
0.07359916 0.92640084
0.50995773 0.4900422
0.011501967 0.98849803
0.004463873 0.9955361
1.6216301e-06 0.99999833
0.25771937 0.7422806
0.013868956 0.9861311
0.17846616 0.82153386
0.04655142 0.95344853
0.18948975 0.8105103
0.054729305 0.94527066
0.018125366 0.9818747
0.07740125 0.9225987
0.023253933 0.9767461
0.75641924 0.24358077
0.09451031 0.90548974
0.28393725 0.7160628
0.180903 0.819097
0.0024702344 0.9975298
0.017085958 0.98291403
0.49903157 0.5009684
0.04750303 0.95249695
0.0012417395 0.9987583
0.00069102924 0.99930894
0.16032603 0.83967394
0.28876847 0.7112315
3.931568e-06 0.99999607
0.025261767 0.97473824
0.020495867 0.97950417
0.066534385 0.9334656
0.07099121 0.9290087
0.3147098 0.68529016
0.0237058 0.9762942
0.051553153 0.9484468
0.42202935 0.5779707
1.0303433e-07 0.9999999
3.6890345e-11 1.0
0.0008412756 0.99915874
0.008099287 0.9919007
0.011357425 0.98864263
0.00011964112 0.9998803
0.006581299 0.9934187
2.6476207e-06 0.9999974
0.00054676976 0.99945325
0.96803355 0.031966493
0.08017329 0.9198267
0.08485278 0.9151472
0.9479013 0.052098747
0.48278347 0.51721656
0.069368266 0.9306317
0.0907466 0.90925336
0.0029937439 0.99700624
3.9067506e-21 1.0
0.011272491 0.98872745
7.845356e-06 0.99999213
0.27562162 0.7243783
0.3084004 0.6915996
0.0004644689 0.99953556
0.071122736 0.9288773
5.7606957e-07 0.9999994
0.012489082 0.9875109
7.988617e-06 0.999992
0.0017558677 0.99824417
0.0084084645 0.9915916
0.012945272 0.9870547
0.0017474712 0.99825245
0.0028537752 0.9971462
0.0010848551 0.9989152
0.037419572 0.9625804
1.0932938e-08 1.0
9.508903e-06 0.99999046
0.0030827704 0.99691725
5.4204735e-05 0.99994576
0.0021097802 0.9978902
0.90166706 0.09833295
0.023971071 0.976029
0.0032635492 0.99673647
1.0958096e-05 0.99998903
0.11064713 0.88935286
0.8969941 0.1030059
0.9139607 0.08603936
0.8281305 0.17186952
0.9037337 0.09626628
0.91614634 0.08385363
0.78001606 0.21998388
0.6560285 0.3439714
0.2944631 0.7055369
0.984993 0.015007071
0.6729863 0.32701367
0.8183081 0.18169187
0.73541725 0.26458278
0.8534939 0.14650603
0.9487434 0.0512566
0.8457211 0.15427889
0.9842619 0.0157381
0.9241138 0.07588623
0.95172805 0.048271984
0.312494 0.68750596
0.9608341 0.039165925
0.362263 0.63773704
0.893758 0.10624204
0.5437738 0.45622626
0.26520252 0.7347975
0.9088327 0.09116731
0.8981179 0.10188215
0.87272304 0.12727694
0.8975324 0.1024676
0.92036974 0.07963025
0.060434826 0.9395652
0.9591543 0.040845737
0.841749 0.15825103
0.93925524 0.060744718
0.8431129 0.1568871
0.7457626 0.2542374
0.93370795 0.06629207
0.9717371 0.028262889
0.92780626 0.07219377
0.87125665 0.12874335
0.84147376 0.15852623
0.98815453 0.011845421
0.8665492 0.13345078
0.564793 0.43520698
0.9840259 0.015974099
0.32929617 0.6707039
0.83572406 0.1642759
0.92234766 0.077652305
0.98659617 0.0134037845
0.9287486 0.07125136
0.9567928 0.04320721
0.8758162 0.12418384
0.89449424 0.105505735
0.89239365 0.107606426
0.45275664 0.5472434
0.97760105 0.022398882
0.8517456 0.1482544
0.8224399 0.17756009
0.86831 0.13169003
0.8314376 0.1685625
0.8779206 0.12207933
0.2289154 0.7710846
0.7682574 0.23174259
0.11670523 0.88329476
0.7870827 0.21291734
0.89931 0.100690015
0.9506271 0.049372904
0.97188085 0.02811914
0.810745 0.18925507
0.95458657 0.045413375
0.67103064 0.3289693
0.9531689 0.046831034
0.9567108 0.04328919
0.95040345 0.04959647
0.5419122 0.4580878
0.46425343 0.53574663
0.9120451 0.0879549
0.9401827 0.059817325
0.9502476 0.0497524
0.82790095 0.17209904
0.3431036 0.6568964
0.5179333 0.48206675
0.7805845 0.2194155
0.98676664 0.013233309
0.5847808 0.41521916
0.9435876 0.056412388
0.71307045 0.28692958
0.23239143 0.7676086
0.93898714 0.061012886
0.8801991 0.11980094
0.90687734 0.09312268
0.47920322 0.52079684
0.93533444 0.06466558
0.8803684 0.119631566
0.7833405 0.2166595
0.85022527 0.14977475
0.9238661 0.076133884
0.6768368 0.32316327
0.94154906 0.058450915
0.99593806 0.0040619024
0.9872857 0.012714277
0.7076468 0.29235315
0.23061846 0.7693815
0.92418194 0.07581808
0.97924554 0.020754464
0.5937538 0.4062462
0.48400843 0.5159915
0.8191427 0.18085727
0.63626695 0.36373314
0.18857451 0.8114255
0.9778244 0.022175534
0.4743861 0.52561384
0.93246895 0.06753101
0.8643361 0.13566391
0.8834518 0.11654819
0.6574301 0.34256998
0.918523 0.08147703
0.83381 0.16618998
0.87269026 0.12730972
0.80807763 0.19192234
0.850169 0.14983101
0.12399854 0.8760014
0.981251 0.018748928
0.8601877 0.13981235
0.91220015 0.08779988
0.9562154 0.043784615
0.7854305 0.21456948
0.98264736 0.017352605
0.9010333 0.09896674
0.7103187 0.28968126
0.976719 0.023280993
0.46159473 0.5384053
0.79824454 0.20175546
0.9968232 0.0031768056
0.96050686 0.03949308
0.90700114 0.0929988
0.89394355 0.106056415
0.9780937 0.021906232
0.9199292 0.080070816
0.3845265 0.6154735
0.9941922 0.0058078216
0.9678983 0.03210177
0.18715346 0.81284654
0.37446123 0.62553877
0.82226694 0.177733
0.93704104 0.06295899
0.9390025 0.060997523
0.85715836 0.14284164
0.95022434 0.049775656
0.6830591 0.31694084
0.6420069 0.3579931
0.65497273 0.34502724
0.8051739 0.19482616
0.9384616 0.06153842
0.8703292 0.12967081
0.63839835 0.36160168
0.95351094 0.046488985
0.80174536 0.1982546
0.9051477 0.09485233
0.9648605 0.035139497
0.69539094 0.30460903
0.8403091 0.15969093
0.96703935 0.032960616
0.98047614 0.019523824
0.9744101 0.025589861
0.9720462 0.02795379
0.37912336 0.62087667
0.9722197 0.027780294
0.5722004 0.42779955
0.009003276 0.9909967
0.96066123 0.03933879
0.9079418 0.092058204
0.87180316 0.12819685
0.79273516 0.20726481
0.9158031 0.08419685
0.30214602 0.697854
0.95221335 0.04778664
0.39865783 0.6013422
0.8946607 0.10533926
0.9028998 0.09710024
0.9135323 0.086467706
0.9958663 0.0041336715
0.6389663 0.36103365
0.8369378 0.16306226
0.8827358 0.117264286
0.8856257 0.11437427
0.9287021 0.07129789
0.87566507 0.124334864
0.9888132 0.011186757
0.9452317 0.054768305
0.8585648 0.14143524
0.95108545 0.04891449
0.6469012 0.35309878
0.43285197 0.56714803
0.32025287 0.67974716
0.7439249 0.2560751
0.9082265 0.09177345
0.8380397 0.16196026
0.9662763 0.03372374
0.81009847 0.18990152
0.6686244 0.3313756
0.9014368 0.098563164
0.33588758 0.6641124
0.9101824 0.08981756
0.9146695 0.08533047
0.9464976 0.053502314
0.26975447 0.73024553
0.4530266 0.54697347
0.879451 0.12054896
0.9322424 0.06775757
0.97078776 0.029212283
0.8740924 0.12590757
0.9143787 0.08562133
0.92024326 0.07975678
0.9932637 0.0067362483
0.926756 0.07324405
0.8801773 0.11982274
0.12878959 0.8712104
0.98220104 0.017798955
0.4174994 0.5825006
0.14720422 0.85279584
0.9455646 0.05443536
0.9569673 0.043032676
0.98767173 0.012328272
0.95435363 0.045646418
0.88734967 0.11265028
0.9537741 0.046225976
0.8955591 0.10444092
0.9840275 0.015972532
0.7385006 0.26149943
0.7229987 0.27700132
0.39114508 0.6088549
0.2489458 0.7510542
0.3491102 0.6508898
0.8877056 0.11229433
0.96217114 0.03782885
0.7965061 0.20349394
0.9766258 0.023374273
0.99741226 0.0025877687
0.9448251 0.055174924
0.939592 0.060407966
0.83404285 0.16595715
0.90241 0.09759002
0.9256004 0.07439958
0.9114205 0.088579424
0.9453582 0.0546418
0.95112836 0.048871584
0.9201491 0.079850905
0.96125656 0.038743425
0.75944835 0.24055173
0.80330586 0.1966942
0.635918 0.36408195
0.7501005 0.24989946
0.92906916 0.07093089
0.9553847 0.04461538
0.9098498 0.090150185
0.964787 0.03521303
0.8927249 0.107275166
0.93471175 0.06528821
0.78778833 0.2122117
0.9805787 0.019421218
0.91197395 0.088026114
0.6925563 0.30744365
0.93526447 0.0647355
0.7145641 0.28543594
0.77605975 0.22394033
0.9019082 0.09809172
0.9974722 0.0025277908
0.19613408 0.80386597
0.56968427 0.43031576
0.7211773 0.2788227
0.82972413 0.17027585
0.8360826 0.1639174
0.959972 0.040027943
0.36573404 0.634266
0.9571296 0.04287044
0.7684028 0.23159719
0.092466146 0.9075339
0.95276123 0.04723879
0.8919887 0.10801128
0.8036172 0.19638284
0.7440349 0.25596508
0.33663112 0.6633689
0.5589627 0.44103736
0.2604105 0.7395895
0.9020838 0.09791623
0.78832275 0.21167721
0.78048795 0.21951203
0.9128407 0.08715929
0.89393973 0.10606029
0.95894235 0.041057646
0.71527994 0.28472003
0.9083363 0.09166376
0.9317505 0.06824953
0.976493 0.023507023
0.74449265 0.25550735
0.6647727 0.3352273
0.7776429 0.22235708
0.6840658 0.3159342
0.931234 0.06876605
0.6108545 0.38914555
0.92574614 0.0742539
0.93186635 0.06813357
0.9122324 0.08776763
0.97538644 0.024613533
0.85315895 0.14684105
0.97706306 0.022936914
0.81794506 0.18205497
0.92557436 0.0744257
0.95903367 0.04096632
0.967389 0.032611
0.944893 0.05510696
0.9174743 0.08252573
0.84995 0.15004995
0.4622039 0.53779614
0.79902685 0.2009732
0.12365263 0.87634736
0.8968303 0.10316972
0.8446361 0.15536389
0.65430087 0.34569913
0.009453716 0.99054635
0.2558269 0.7441731
0.12751274 0.87248725
0.8545064 0.14549358
0.5460927 0.45390737
0.4820431 0.517957
0.88228196 0.117717996
0.98328215 0.016717827
0.9361434 0.06385654
0.90827096 0.09172905
0.75955784 0.24044213
0.76286453 0.23713546
0.8820287 0.11797131
0.96192163 0.038078304
0.8649223 0.1350777
0.9566875 0.04331254
0.92015666 0.07984341
0.77739453 0.2226055
0.801954 0.19804598
0.40782502 0.592175
0.06194009 0.93805987
0.41796365 0.5820363
0.94210136 0.05789867
0.85834235 0.14165767
0.8964297 0.10357025
0.9778471 0.02215291
0.90977365 0.09022638
0.83915937 0.1608406
0.9255851 0.074414976
0.76970947 0.23029049
0.9297296 0.07027044
0.95539063 0.04460934
0.81635195 0.18364805
0.9527391 0.047260854
0.9592495 0.040750474
0.84238535 0.15761466
0.9212303 0.078769654
0.55983776 0.44016218
0.9403156 0.059684396
0.30692565 0.69307435
0.71965075 0.28034928
0.85201037 0.14798962
0.6576006 0.34239945
0.45256135 0.5474387
0.9067507 0.09324935
0.8986159 0.101384126
0.03314566 0.96685433
0.48355177 0.51644826
0.957585 0.04241504
0.91246337 0.0875366
0.4206838 0.57931614
0.78797615 0.21202382
0.95326716 0.04673285
0.9450335 0.054966524
0.964193 0.035807017
0.9488313 0.051168673
0.45094994 0.54905003
0.046904676 0.9530954
0.9875815 0.012418492
0.94463485 0.055365115
0.8585165 0.14148343
0.9388403 0.061159648
0.9439682 0.05603186
0.9046338 0.09536621
0.14730565 0.8526944
0.7089558 0.29104412
0.67433435 0.32566562
0.98875475 0.011245272
0.7986055 0.20139451
0.95095265 0.049047366
0.9716723 0.028327776
0.9896087 0.010391265
0.45640382 0.54359615
0.8540071 0.14599289
0.8957315 0.10426847
0.9315013 0.068498686
0.3805718 0.61942816
0.9682124 0.031787604
0.9699677 0.030032255
0.95198685 0.048013218
0.37972185 0.6202781
0.90972906 0.09027095
0.75606775 0.24393228
0.52165526 0.47834468
0.6813827 0.3186173
0.89150906 0.10849095
0.94736594 0.052634098
0.038850505 0.96114945
0.89087963 0.109120406
0.38237983 0.6176202
0.99551684 0.004483155
0.8101424 0.18985766
0.96161854 0.038381513
0.7934454 0.20655456
0.4477228 0.5522772
0.5222267 0.47777325
0.58461976 0.4153802
0.9327736 0.0672265
0.3109 0.6891
0.5587238 0.4412762
0.9448102 0.05518979
0.9238018 0.07619826
0.7250791 0.27492085
0.9437065 0.056293517
0.925485 0.07451499
0.39211628 0.6078837
0.90605295 0.09394707
0.9636902 0.0363098
0.5033844 0.49661556
0.33745518 0.6625448
0.8272743 0.1727257
0.5292263 0.4707738
0.6414495 0.3585505
0.83508307 0.164917
0.9514186 0.048581447
0.8129021 0.1870979
0.967313 0.032686956
0.0024589216 0.99754107
0.57255447 0.42744547
0.037985574 0.96201444
0.9058899 0.09411001
0.97801185 0.021988159
0.9880519 0.011948094
0.88314897 0.11685109
0.38894278 0.6110572
0.9692815 0.030718535
0.14705038 0.8529497
0.35166997 0.64833003
0.938262 0.06173804
0.8859896 0.11401038
0.486209 0.5137911
0.9224103 0.077589706
0.40633392 0.59366614
0.87141305 0.12858693
0.76316047 0.23683949
0.89572567 0.1042743
0.90538126 0.09461879
0.9963367 0.0036632593
0.98920643 0.010793544
0.976928 0.02307205
0.92413336 0.0758666
0.9521434 0.04785664
0.8585474 0.1414526
0.95396733 0.046032622
0.87755674 0.122443244
0.8462792 0.15372077
0.90534216 0.094657846
0.6487434 0.35125664
0.99949026 0.0005096629
0.639017 0.360983
0.9628558 0.037144218
0.93366194 0.06633803
0.93108153 0.068918414
0.96573347 0.034266543
0.99398017 0.0060198833
0.91592216 0.0840778
0.8862146 0.1137854
0.88063264 0.11936738
0.9924752 0.0075247334
0.89477915 0.105220914
0.5988689 0.40113112
0.93614405 0.06385593
0.95388675 0.046113223
0.9369629 0.0630371
0.96480113 0.035198893
0.81909543 0.18090452
0.4337772 0.5662227
0.77842325 0.22157674
0.9215392 0.07846086
0.87260294 0.12739702
0.5272616 0.47273836
0.85630476 0.1436952
0.7223345 0.27766553
0.9400334 0.059966546
0.9662611 0.03373895
0.7653884 0.2346116
0.77948856 0.22051142
0.8287751 0.17122485
0.41645038 0.5835496
0.94583416 0.054165814
0.97908974 0.020910226
0.8211567 0.1788434
0.910986 0.089014016
0.87041235 0.12958758
0.5749982 0.4250018
0.316701 0.683299
0.870188 0.12981197
0.6848063 0.31519368
0.78071886 0.21928115
0.7796509 0.22034912
0.9408469 0.05915306
0.83416563 0.16583438
0.8124286 0.18757144
0.7606587 0.23934132
0.89291465 0.10708535
0.9515292 0.04847084
0.17582469 0.8241753
0.97710925 0.022890726
0.97314495 0.026854996
0.9906384 0.00936166
0.9132206 0.08677936
0.72306 0.27694005
0.6229925 0.37700748
0.8737432 0.12625681
0.36840218 0.6315978
0.9574455 0.04255455
0.7863438 0.2136562
0.86339164 0.13660833
0.8627356 0.13726433
0.7622763 0.23772371
0.9817935 0.018206442
0.107171096 0.89282894
0.82530695 0.17469303
0.543864 0.456136
0.19135414 0.8086459
0.4718339 0.5281661
0.86971843 0.13028163
0.9028018 0.097198166
0.96883285 0.03116722
0.81311774 0.18688224
0.99497426 0.0050257808
0.09733655 0.90266347
0.8060546 0.19394533
0.5070117 0.49298826
0.8477668 0.15223317
0.8955945 0.104405545
0.9221033 0.07789674
0.7651305 0.2348695
0.9468654 0.05313462
0.8490641 0.1509359
0.2757429 0.7242571
0.96601796 0.033982046
0.8557501 0.14424999
0.28631902 0.713681
0.3788292 0.6211709
0.9397258 0.060274225
0.72548693 0.27451304
0.936935 0.063065015
0.85512835 0.14487165
0.8897422 0.11025773
0.7261714 0.27382872
0.9672418 0.03275821
0.60882765 0.39117238
0.809703 0.190297
0.91469085 0.08530915
0.93492657 0.06507348
0.9082222 0.09177783
0.9391428 0.060857136
0.974638 0.025362033
0.7340174 0.26598266
0.88392216 0.11607784
0.870985 0.12901495
0.57880867 0.42119133
0.8749703 0.12502968
0.19365735 0.8063426
0.8310383 0.16896167
0.8834554 0.11654456
0.1835016 0.8164984
0.91628337 0.08371669
0.86851496 0.13148503
0.58651614 0.41348392
0.8239361 0.1760639
0.042009976 0.95799
0.6652494 0.3347506
0.7827686 0.21723135
0.9449942 0.05500581
0.7655572 0.23444276
0.9638724 0.03612762
0.9242682 0.07573186
0.8935123 0.106487714
0.88304573 0.11695421
0.9292193 0.070780724
0.82904035 0.17095968
0.45072863 0.5492714
0.7230119 0.27698812
0.09793651 0.90206355
0.6214115 0.37858853
0.9158013 0.08419869
0.7648362 0.2351638
0.9334989 0.06650102
0.80841506 0.19158491
0.9257066 0.07429343
0.7655119 0.23448811
0.95749193 0.042508002
0.86251366 0.13748626
0.8809851 0.119014844
0.92560905 0.07439091
0.16601172 0.8339883
0.9355341 0.06446584
0.97258264 0.027417403
0.52222294 0.4777771
0.6819141 0.31808588
0.4012049 0.5987951
0.8926205 0.10737951
0.90196353 0.09803652
0.36278856 0.63721144
0.95344865 0.046551347
0.56792873 0.4320713
0.88109386 0.118906215
0.8247447 0.17525525
0.98162395 0.018376071
0.9087016 0.091298446
0.9333781 0.066621825
0.921342 0.07865796
0.9594875 0.040512502
0.9269765 0.07302351
0.91748977 0.08251023
0.9140375 0.085962474
0.9745325 0.025467575
0.08751931 0.91248065
0.9343047 0.06569534
0.34830576 0.65169424
0.6938608 0.30613917
0.48726752 0.5127325
0.94477755 0.055222508
0.21358275 0.78641725
0.947372 0.05262791
0.84549236 0.15450773
0.93829054 0.061709516
0.8174383 0.18256177
0.8744801 0.12551986
0.89606917 0.10393082
0.8707686 0.12923132
0.97115874 0.02884122
0.18061703 0.819383
0.9601505 0.039849576
0.9110798 0.08892018
0.88353556 0.11646441
0.8801678 0.119832225
0.374864 0.62513596
0.14805014 0.85194993
0.6617592 0.33824074
0.23511863 0.7648813
0.8524581 0.14754194
0.9787001 0.02129984
0.9763659 0.023634095
0.7827323 0.21726766
0.92502797 0.074971996
0.58274627 0.4172537
0.87874913 0.12125084
0.377984 0.6220161
0.98401064 0.015989412
0.77531105 0.22468895
0.74202335 0.2579767
0.14260516 0.8573949
0.94422925 0.055770762
0.81915337 0.1808466
0.9168176 0.0831824
0.20503648 0.79496354
0.8316064 0.16839367
0.7130872 0.2869128
0.9902444 0.009755607
0.8300342 0.16996577
0.93394643 0.06605357
0.96172345 0.038276553
0.9660342 0.03396583
0.8664914 0.13350862
0.36077678 0.6392232
0.37152684 0.62847316
0.0892485 0.9107515
0.9583155 0.041684452
0.6940204 0.30597964
0.8657507 0.13424931
0.42057976 0.57942027
0.8088228 0.1911772
0.9559127 0.04408734
0.39056125 0.6094388
0.92616135 0.07383862
0.916603 0.08339693
0.38619637 0.6138036
0.91002405 0.08997591
0.8821863 0.11781369
0.9488595 0.05114046
0.41229314 0.58770686
0.8819538 0.118046194
0.8606562 0.13934372
0.9350838 0.064916186
0.90526956 0.09473039
0.85177636 0.14822365
0.46901685 0.53098315
0.86680156 0.13319844
0.8574063 0.14259362
0.93683314 0.063166894
0.8822042 0.11779574
0.32499185 0.6750081
0.9656944 0.034305606
0.9504192 0.04958076
0.7562402 0.2437598
0.12037334 0.87962663
0.1587822 0.8412178
0.7042915 0.29570848
0.988571 0.011429017
0.89249283 0.10750721
0.93874466 0.061255313
0.983603 0.01639701
0.9675282 0.0324718
0.8259655 0.17403452
0.5079635 0.4920366
0.084641635 0.9153584
0.8780414 0.12195862
0.19340295 0.80659705
0.9103133 0.08968675
0.5983841 0.40161592
0.8729368 0.12706329
0.99544984 0.004550205
0.56141907 0.43858096
0.97503406 0.024965977
0.77808267 0.22191735
0.25836024 0.74163973
0.4520253 0.54797477
0.70214844 0.29785156
0.78889036 0.21110967
0.78344053 0.21655942
0.7340268 0.2659732
0.4758551 0.5241449
0.7983474 0.20165268
0.8241394 0.17586058
0.7422696 0.2577304
0.94590724 0.054092795
0.8751131 0.12488683
0.34044445 0.65955555
0.2884018 0.71159816
0.41426438 0.5857356
0.89201367 0.10798637
0.7268466 0.27315348
0.89391965 0.10608039
0.74400765 0.25599235
0.9338586 0.066141404
0.91319484 0.086805105
0.9795344 0.0204656
0.8593445 0.14065558
0.40957856 0.59042144
0.94228137 0.057718646
0.282357 0.717643
0.9159999 0.08400014
0.40938476 0.5906152
0.90419006 0.095809974
0.81754816 0.18245184
0.33588758 0.6641124
0.9957125 0.0042875526
0.98014325 0.019856747
0.98465353 0.015346532
0.94275147 0.057248563
0.8910671 0.10893287
0.8869944 0.113005504
0.92658114 0.073418826
0.45489916 0.5451008
0.38881338 0.6111866
0.989867 0.010133062
0.70665896 0.29334104
0.8815583 0.11844169
0.6665206 0.3334794
0.84913284 0.15086713
0.49477023 0.5052297
0.91970813 0.08029192
0.10339004 0.89661
0.9271232 0.07287683
0.91281307 0.08718689
0.9457771 0.05422291
0.90644985 0.093550086
0.9620741 0.03792587
0.9443408 0.055659164
0.6909881 0.30901194
0.6568333 0.34316668
0.868695 0.13130504
0.9636005 0.036399506
0.43185213 0.5681479
0.8564486 0.14355147
0.8676003 0.1323997
0.5431684 0.45683163
0.9495079 0.05049213
0.75011766 0.24988227
0.12651028 0.8734897
0.88554627 0.1144537
0.9829044 0.017095644
0.9769782 0.023021903
0.95329076 0.046709202
0.88001895 0.11998112
0.5466326 0.4533674
0.79466534 0.20533468
0.9583436 0.041656308
0.8728191 0.12718086
0.92540395 0.07459606
0.88785166 0.112148345
0.8689832 0.13101679
0.9262577 0.07374226
0.95196176 0.048038267
0.8336775 0.16632251
0.8158039 0.18419614
0.78074276 0.21925727
0.98498154 0.015018465
0.7384443 0.2615556
0.90540487 0.09459509
0.9604211 0.03957891
0.1532605 0.84673953
0.9990206 0.0009794696
0.16944717 0.83055276
0.2056433 0.79435664
0.7740968 0.22590326
0.9170183 0.08298172
0.8017432 0.19825675
0.84132224 0.15867777
0.8449111 0.15508887
0.95951843 0.040481634
0.6245098 0.37549025
0.8223467 0.17765328
0.58864677 0.41135323
0.8674197 0.13258024
0.0019205733 0.9980794
0.61574787 0.3842521
0.74719876 0.25280124
0.914151 0.08584894
0.54165184 0.45834818
0.9759923 0.024007702
0.9674924 0.03250763
0.7277138 0.27228624
0.9202941 0.07970585
0.9205982 0.0794018
0.93908155 0.060918417
0.98679763 0.013202367
0.9492032 0.050796814
0.9490068 0.050993152
0.9368275 0.06317252
0.94892615 0.051073827
0.7885561 0.21144384
0.9103013 0.08969866
0.8847031 0.115296945
0.98416567 0.015834315
0.07592066 0.9240794
0.25208846 0.74791163
0.92101014 0.078989945
0.97124285 0.028757105
0.8219877 0.17801231
0.96759063 0.03240936
0.96935064 0.030649368
0.0892603 0.91073966
0.4262787 0.5737213
0.928122 0.071878046
0.47831932 0.52168065
0.82107925 0.17892072
0.92752105 0.072478935
0.0871197 0.91288036
0.8587528 0.14124724
0.3181175 0.68188244
0.87379795 0.12620209
0.9801711 0.019828873
0.86587226 0.1341277
0.91678804 0.08321189
0.6506568 0.34934318
0.8534158 0.14658418
0.9559138 0.04408624
0.8684526 0.13154735
0.9550256 0.044974335
0.8320366 0.16796339
0.9924257 0.0075743087
0.9282776 0.07172237
0.99139553 0.00860451
0.970096 0.029904021
0.93061113 0.06938887
0.86868054 0.1313195
0.8840633 0.11593666
0.47310272 0.5268973
0.84668756 0.15331239
0.9522855 0.047714505
0.82024115 0.17975883
0.820149 0.17985095
0.81368804 0.18631193
0.7762219 0.22377816
0.8904916 0.109508365
0.37197354 0.62802655
0.7514968 0.2485032
0.8872061 0.11279396
0.89689624 0.10310377
0.52505726 0.47494277
0.7088724 0.2911276
0.96711797 0.032882024
0.8196402 0.18035972
0.98558414 0.014415833
0.13577235 0.8642277
0.9264684 0.07353157
0.96662873 0.033371255
0.42872292 0.57127714
0.93847924 0.06152081
0.22426358 0.7757364
0.71944827 0.2805517
0.8229793 0.17702076
0.8983503 0.10164974
0.13717537 0.8628246
0.8161448 0.18385524
0.9806191 0.019380884
0.23049931 0.7695007
0.53329504 0.46670502
0.93322664 0.066773355
0.85710347 0.14289655
0.84322035 0.15677963
0.9675136 0.032486364
0.933086 0.066914074
0.8390301 0.16096988
0.8996548 0.1003452
0.90170395 0.09829601
0.9704361 0.029563861
0.93917626 0.06082372
0.9839506 0.0160494
0.86578786 0.1342121
0.31278968 0.6872104
0.9553397 0.044660255
0.83996403 0.16003598
0.8661769 0.1338231
0.4361738 0.56382614
0.87708914 0.12291081
0.9835825 0.016417557
0.95245355 0.04754648
0.9018676 0.09813236
0.9195409 0.0804591
0.9104787 0.08952129
0.8637992 0.13620077
0.96236783 0.037632182
0.98058915 0.01941087
0.9206736 0.079326354
0.96503454 0.034965467
0.70740515 0.29259488
0.7222672 0.27773276
0.8542729 0.14572707
0.3959414 0.60405856
0.9475973 0.05240271
0.9452391 0.054760907
0.978243 0.021756982
0.15762725 0.8423727
0.98050445 0.01949553
0.892777 0.10722298
0.5553263 0.44467366
0.9581303 0.04186973
0.9441784 0.055821583
0.9156216 0.08437849
0.8985297 0.10147031
0.9786668 0.021333238
0.91284937 0.08715066
0.80658305 0.19341697
0.7319729 0.2680272
0.9816336 0.018366352
0.2440225 0.7559775
0.99821293 0.0017871055
0.65881157 0.3411885
0.84246486 0.15753518
0.93288064 0.067119345
0.85373056 0.14626946
0.5016326 0.49836737
0.88218915 0.11781087
0.678817 0.32118297
0.8601872 0.13981287
0.7671349 0.23286512
0.89031035 0.10968964
0.89656967 0.10343031
0.93639517 0.063604794
0.39369142 0.6063085
0.9241973 0.07580268
0.6503758 0.3496242
0.9803161 0.019683894
0.90680456 0.09319541
0.97508496 0.024915034
0.9917225 0.008277471
0.3858032 0.61419684
0.9791669 0.020833118
0.36455694 0.63544303
0.7612189 0.23878105
0.9907308 0.0092692
0.68500507 0.31499493
0.9582587 0.04174137
0.18966149 0.8103385
0.9612972 0.03870284
0.8851125 0.11488749
0.6763236 0.32367635
0.03386642 0.96613353
0.11931492 0.8806851
0.8712297 0.12877032
0.82026565 0.17973436
0.9612901 0.03870987
0.9238544 0.07614563
0.7905759 0.20942412
0.3232924 0.67670757
0.4053195 0.59468055
0.9177461 0.08225387
0.92399454 0.07600546
0.5659038 0.43409622
0.15223765 0.8477624
0.96559685 0.034403156
0.6271027 0.3728974
0.8823884 0.1176116
0.90325904 0.09674102
0.8977912 0.1022088
0.8190898 0.18091024
0.2110656 0.78893435
0.85300857 0.14699149
0.8933005 0.106699444
0.8755106 0.12448944
0.98129404 0.018705888
0.3978434 0.60215664
0.9296556 0.07034436
0.9360451 0.063954905
0.970042 0.029958038
0.7029904 0.29700962
0.874718 0.12528194
0.9288039 0.07119607
0.96389407 0.036105968
0.7816897 0.21831031
0.8903661 0.10963388
0.8418089 0.15819113
0.9790846 0.020915411
0.8623351 0.13766491
0.9675646 0.032435447
0.8154338 0.1845662
0.19761221 0.8023878
0.94836026 0.05163977
0.9523922 0.047607724
0.844754 0.15524605
0.7362567 0.26374328
0.80143183 0.1985681
0.7556221 0.24437791
0.89594656 0.10405345
0.9763 0.023700017
0.6468478 0.35315225
0.98399526 0.016004762
0.90034395 0.09965604
0.06340442 0.93659556
0.94953287 0.05046711
0.91845703 0.081543006
0.60804033 0.39195967
0.96992713 0.03007287
0.96233356 0.037666462
0.8585495 0.14145054
0.9272634 0.07273658
0.89702874 0.1029713
0.769934 0.23006597
0.9386681 0.06133196
0.049266092 0.95073396
0.7523844 0.24761556
0.9261484 0.07385157
0.8329282 0.16707183
0.6668039 0.3331961
0.9346757 0.065324284
0.3304945 0.6695055
0.9925955 0.0074045174
0.6245563 0.3754437
0.035063636 0.9649364
0.469566 0.530434
0.9171261 0.08287391
0.8138795 0.18612051
0.9447438 0.055256136
0.75008523 0.24991481
0.8504014 0.14959861
0.0016084862 0.99839145
0.8855227 0.11447724
0.56592625 0.43407372
0.08277399 0.917226
0.9515512 0.04844876
0.9554694 0.044530578
0.74679464 0.2532054
0.917472 0.08252794
0.9011618 0.09883814
0.13541666 0.8645834
0.982822 0.01717803
0.5772984 0.42270163
0.93485934 0.06514059
0.9755661 0.02443389
0.93508905 0.064911015
0.72880775 0.2711922
0.88318884 0.116811134
0.97779125 0.022208776
0.8818627 0.11813731
0.8879461 0.11205391
0.9523894 0.04761057
0.9292454 0.070754535
0.8899026 0.110097386
0.92964613 0.07035389
0.7253779 0.2746221
0.963992 0.036008026
0.94642246 0.05357747
0.8773957 0.12260428
0.09389941 0.90610063
0.8780003 0.1219997
0.18370298 0.81629705
0.2856829 0.7143171
0.8281853 0.17181471
0.8146244 0.18537559
0.9619009 0.038099088
0.95316553 0.046834443
0.85510147 0.1448985
0.93053114 0.06946882
0.92274016 0.07725979
0.9020506 0.09794942
0.91162807 0.088371925
0.8457041 0.15429598
0.69804025 0.30195972
0.86965716 0.13034281
0.9680232 0.031976875
0.84023005 0.15977001
0.83772135 0.1622787
0.44196364 0.55803627
0.9781597 0.021840228
