0.91508937
0.9658554
0.9921375
0.98776066
0.98118734
0.99960023
0.9814156
0.911741
0.9325249
0.85481256
0.79845095
0.81397426
0.7253838
0.9852544
0.9769099
0.9332583
0.99948907
0.91630745
0.99495995
0.998553
0.72517455
0.9982451
0.9985519
0.97656846
0.96649474
0.9999994
0.98191476
0.31146353
0.96220785
0.99967515
0.9390027
0.9999975
0.773578
0.10130534
0.9971937
0.9739087
0.9274714
0.99999785
0.94032055
0.8988278
0.7745269
0.86643267
0.946527
0.4256906
0.7221246
0.97395134
0.9486715
0.95660305
0.9990651
0.770126
0.99932563
0.99997437
0.97341657
0.17945024
0.9998248
0.80421585
0.99999976
0.99996805
0.90497667
0.9981584
0.9522825
0.98401755
0.95970064
0.99999857
0.95502454
0.08653828
0.9978855
0.9492846
0.99916804
0.4469444
0.8912821
0.23840398
0.9835513
0.998487
0.25722545
0.9708019
0.99108803
0.96820337
0.994325
0.9999387
0.9258099
0.9881826
0.95220673
0.9599449
0.085995264
0.9900237
0.999998
0.07051189
0.97477424
0.98968923
0.98619616
0.9920312
0.984278
0.998204
0.99999285
0.9999999
0.94833165
0.8531846
0.94302
0.7156965
0.99715424
0.30480346
0.4074105
0.40221083
0.74106747
0.98829085
0.92325294
0.55196184
0.9229408
0.047845148
0.07197965
0.9365466
0.9996909
0.68809426
0.99736744
0.84226066
0.99800557
0.69025695
0.9811716
0.9977824
0.9985727
0.19145486
0.651605
0.99283373
0.93247443
0.5855656
0.99999917
0.9885302
0.99958426
0.15229046
0.9938753
0.5873908
0.9999784
1.0
0.92741644
0.6703858
0.9966612
0.9992625
0.992759
0.9860628
0.9442416
0.99904245
0.99722785
0.93311864
0.7816445
0.9581001
0.9998149
0.9515009
0.999047
0.31291682
0.9873122
0.39019826
0.9266229
0.8119187
0.80177826
0.98015434
0.99999905
0.97023004
0.89563805
0.9484962
0.7772531
0.65754634
0.99944943
0.9977792
0.67612636
0.18574993
0.7868458
0.31713754
0.98688704
0.99974936
0.29995763
0.9066999
0.99987006
0.5839976
0.89313626
0.9999316
0.9918276
1.0
0.9600662
0.9838509
0.8851392
0.99999976
0.95358855
0.8511452
0.40089023
0.88010746
0.55590516
0.50748074
0.9999932
0.999938
0.6839501
0.88684064
0.8663311
0.9999331
0.97887075
0.9999881
0.968627
0.9956506
0.99988985
0.96162623
0.9933461
0.99965215
0.9703645
0.9998834
0.9946143
0.9970709
0.9895955
0.99662304
0.9999871
0.960254
0.98443997
0.9619124
0.8278099
1.0
0.25608435
0.99996483
0.97465205
0.99999905
0.9769868
0.49268904
0.93649626
0.45799154
0.980648
0.9973232
0.9999994
0.9996562
0.8859006
0.6380295
0.12766105
0.8533827
0.9614759
0.47503406
0.9429242
0.8678762
0.8955828
0.864875
0.9999651
0.93825233
0.1827215
0.99842584
0.95078415
0.18645033
0.9988997
0.9985417
0.30254856
0.012044402
0.37707767
0.9398531
0.9160872
0.24962956
0.90413266
0.9986965
0.16988672
0.8419674
0.9674256
0.5353547
0.9984151
0.51430094
0.92665064
0.9999583
0.27741945
0.99504507
0.992473
0.9999995
0.99620676
0.99969983
0.76331735
0.92891574
0.99326986
0.99999535
0.92583656
0.9182756
0.44568545
0.95808005
0.08154196
0.8522817
0.9538063
0.99999213
0.99091643
0.999257
0.9999337
0.9865556
0.78359044
0.6859084
0.9992692
0.08880235
0.6641124
0.7697104
0.9401301
0.9868515
0.83461726
0.86710197
0.98160833
0.88978225
0.046110835
0.9918128
0.9423653
0.9979482
0.99957675
0.9758009
0.9999999
0.981383
0.976601
0.9979381
0.9742519
0.9999999
0.9713524
0.91015023
0.3476537
0.9344819
0.99289495
0.86510575
0.8546604
0.9832184
0.86447334
0.9919018
1.0
0.99991846
0.036715917
0.9640203
0.6491792
0.9708401
0.8968179
0.5364556
0.80844307
0.98740935
0.99257666
0.90665793
0.99957055
0.9573182
0.9641085
0.9939354
0.99997616
0.9984432
0.16640392
0.9660801
0.9904509
0.9364265
0.20625092
0.9995196
0.9999728
0.9381007
0.99487877
0.53040105
0.94565123
0.65631086
0.99744034
0.7163589
0.9893721
0.9989347
0.47756168
0.9988381
0.9570528
0.44908527
0.9604045
0.9556901
0.94036806
0.9170345
0.9838579
0.9888737
0.99839103
0.9998281
0.07669614
0.9999989
0.99947315
0.96282554
0.99423873
0.99902856
0.97930634
1.0
0.7245613
0.9876702
0.99993575
0.67570955
0.94157624
0.89113516
0.9999523
1.0
0.9412687
0.61021423
0.8849887
0.9624832
0.97655743
0.99760747
0.9640478
0.88851005
0.9389648
0.055874757
1.0
0.29427084
0.99806434
0.99823797
0.9979049
0.99394953
1.0
0.8861167
0.87501067
0.285458
0.33234105
0.97967577
0.9923419
0.9308808
0.9910715
0.6033348
0.9841552
0.88700634
0.9991966
0.9930641
0.9860427
0.9751585
1.0
0.8172486
0.9065059
0.9442882
0.19275355
0.9412572
0.8875704
0.999969
0.9852504
0.95759875
0.774588
0.7237652
0.95998245
0.81693816
0.9131032
0.9775113
0.8290959
0.9999795
0.7018116
0.97294474
0.9999908
0.995
0.5655904
0.7321567
0.6580906
0.9200409
0.9573077
0.99476
0.99882704
0.99997604
0.99999976
0.7047404
0.9294009
0.7920186
0.9943784
0.99824536
0.99838865
0.9612343
0.999102
0.7747297
0.97495157
0.9173848
0.99766314
0.99880326
0.91415906
0.99572104
0.50293404
0.9861355
0.98183125
0.88173974
0.7863494
0.5847479
0.29858196
0.9994566
0.8836598
0.40001714
0.9999957
0.8513548
0.9999999
0.87402886
0.88274616
0.59801006
0.64061123
0.948077
0.6530135
0.9754076
0.9998957
0.9301693
0.9993044
0.94857615
0.9997627
0.94619447
0.91909987
0.9660896
0.7609291
0.9999994
0.9999999
0.96152294
0.9996538
0.9963994
1.0
0.9837977
0.7624308
0.10145422
0.38917786
0.98661184
0.7007281
0.9604333
1.0
0.9774236
0.36001015
0.8636286
0.9366029
0.94092405
0.779939
0.95068103
0.6511532
0.96849746
0.98382723
0.19914535
0.9819816
0.9992607
0.9999728
0.99984896
0.9593842
0.9713941
0.9475733
0.9032668
0.87047416
0.55224496
0.69176537
0.6226786
0.8799435
0.84796757
0.9127473
0.6826714
1.0
0.9999635
0.9892006
0.9111978
0.7112568
0.6583618
0.99917525
0.9967939
0.8943798
0.98143
0.11054228
0.11033662
0.8013275
0.8945961
0.9990012
0.95992666
0.99999976
0.30080035
0.8922655
0.9999149
0.9999914
0.19515078
0.6666115
0.6966402
0.7037853
0.99999976
0.12587869
0.9565699
0.9092662
0.9982217
0.7510144
0.9581625
0.99998295
0.937983
0.59788907
0.9920725
0.46148086
0.728174
0.96031564
0.7061675
0.98130006
0.9341477
0.9964282
0.9395087
0.6589257
0.86797565
0.98400253
0.9980824
0.99599683
0.8152092
0.56542677
0.8715495
0.56224746
0.8742693
0.95514077
0.9957509
0.33309102
0.65278953
0.9999356
0.8508872
0.96757644
0.7924701
0.9750563
0.99906
0.98913085
0.057556476
0.19751567
0.57510525
0.6471408
0.90288454
0.6714325
0.120051846
0.99990785
0.866355
0.931542
0.9077513
0.9993124
0.999859
0.99999726
0.57321626
0.9992731
0.642158
0.77375233
0.9997993
0.9680991
0.18550454
0.9999832
0.99381965
0.9896456
0.92899394
0.99999964
0.99982136
0.9999764
0.6641124
0.9998864
0.9999914
0.89894974
0.8998056
0.5043745
0.911728
0.99988747
0.93800974
0.9828347
0.95968956
0.8979362
0.9999982
0.6641124
0.9262013
0.3315365
0.76098853
0.36005527
0.94749594
0.5739385
0.8576871
0.085466854
0.9986891
0.71107197
0.6641124
0.99999976
0.9370173
0.35883695
0.20149772
0.2773816
0.9994166
0.35450968
0.98224294
0.97575706
0.9983852
0.97176343
0.9997352
0.9429242
0.9999192
0.8727723
0.8801592
0.97594476
0.98868525
0.9999939
0.9916106
0.9929923
0.9971981
0.9934908
0.9903267
0.9740018
0.88764346
0.97699475
0.9997905
0.9585405
0.9237737
0.92909074
0.99994004
0.9999094
1.0
0.9919065
0.99831957
0.9270389
0.99823415
0.99667525
0.9716447
0.971914
0.9674394
0.9999356
0.8815933
0.999998
0.91143334
0.8969659
0.79549307
0.68111354
0.9999925
0.576262
1.0
0.23449029
0.9589906
0.6129229
1.0
0.9821409
0.96060336
0.95406824
0.8802552
0.95126814
0.64670366
0.9999851
0.92144656
0.999708
0.9986172
0.18888254
1.0
0.5843384
0.5278074
0.9748325
0.99998033
0.6477951
0.82932675
0.9884173
0.99993956
0.1619729
0.99999976
0.9400332
0.3068025
0.2599857
0.76224595
0.5633237
0.97161466
0.99868804
0.97675437
0.99999964
0.9990716
0.9737499
0.9999989
0.9998142
0.84827507
0.98701906
0.857201
0.5678414
0.99882
0.9954144
0.9993585
0.9254213
0.99315816
0.64843965
0.9999943
1.0
0.9272387
0.99481034
0.9999999
0.900118
0.999995
0.9965514
0.992573
0.8742193
0.9940327
0.78927255
0.99641055
0.39529106
0.9972255
0.34377775
0.3413626
0.97967154
0.99999964
0.9069181
0.94080114
0.9999738
0.9999881
0.972386
0.99491274
0.99241346
0.87859815
0.99676526
0.9999999
0.638743
0.6641124
0.99513286
0.9991067
0.99482334
1.0
0.972169
0.997303
0.9978295
0.12548615
0.8994606
0.7976121
0.9048785
0.99349034
0.9976794
0.9089632
0.937986
0.97765815
0.93337244
0.99999976
0.72906166
0.9858285
0.71593714
0.99999225
0.99999034
0.9064576
0.92488134
0.9990421
0.9997992
0.9962153
0.9572776
0.77711827
0.99280614
0.99996686
0.99416226
0.28702125
0.99999785
0.62398857
0.20214461
0.9873903
0.7688054
0.63135755
0.6641124
0.9967031
0.99865
0.9842291
1.0
0.9935318
0.999778
0.9999713
0.9999999
0.9994192
0.99792033
0.92597926
0.5420468
0.9768379
0.9462501
0.9202295
0.996962
1.0
0.999946
0.70294535
0.9999862
0.9898224
1.0
0.863978
0.9036381
0.9997671
0.999713
0.98023796
0.9999627
0.981124
0.85444456
0.99517775
0.074644856
0.9349852
0.96064943
0.6017599
0.97626925
0.99727696
0.37358034
0.99266255
0.99779534
0.95139647
0.9999815
0.92259884
0.95552343
0.99999404
0.97984743
0.99833304
0.9999707
0.9913118
0.99995124
0.9931625
0.9122809
0.87159663
0.9980319
0.9856838
0.67525524
0.9041507
0.9474632
0.8349808
0.9999982
0.9622338
0.993323
0.92113733
0.9994417
0.99022573
1.0
0.7961024
0.5954368
0.28608647
0.9999957
0.7822322
0.43350863
0.57113385
0.90242237
0.9656894
0.88938844
0.20682228
0.9862069
0.93853366
0.99694675
0.9425941
0.9347983
0.5674786
0.9999944
0.99960095
0.6987315
0.99397624
0.42353395
0.86349154
0.99982506
0.7041934
0.9845009
0.7192665
0.94852316
0.7981488
0.9999306
0.9045356
0.19691862
0.9440305
0.114161514
0.9957638
0.9962882
0.9904199
0.9986638
0.048483793
1.0
0.03474841
0.96886146
0.9989518
0.97979957
0.993523
0.99120027
0.93295044
0.9847015
0.9354955
0.9997029
0.97148436
0.8802738
0.8954408
0.86299276
0.82991856
0.99686074
0.89945924
0.563673
0.99979264
0.99999964
0.99848455
0.8938114
0.99969983
0.9999993
0.99995756
0.72556436
0.9903465
0.9086268
0.9376419
0.9461186
0.80467856
0.5659891
0.98135775
0.9959955
0.8926492
0.99953675
0.6658232
0.9999974
0.99999547
0.6216987
0.9365955
0.9988244
0.99658585
0.9966725
0.99978226
0.78620976
0.99043053
0.99999285
0.96231717
0.9996377
0.17490014
0.8671353
0.99999964
0.94147193
0.98715484
0.98766696
0.89913446
0.9965264
0.94161755
0.8244004
0.8928629
0.3030211
0.99545985
0.9945075
0.5362733
0.83861214
0.9999771
0.9963102
0.9844423
0.9694965
0.7256454
0.9409833
0.8431332
0.051228225
0.9504998
0.9265056
0.81413674
0.9915952
0.9874236
0.8733452
0.98679566
0.9904766
0.6473782
0.98416674
1.0
0.99200165
0.94166857
0.9005872
0.023420602
0.9889215
0.90047354
0.94118786
0.955234
0.87651134
0.6845913
0.8412822
0.99002016
0.084514335
0.09364566
0.9978352
0.954393
0.9998752
0.96229625
0.14541338
0.86962646
0.21193533
0.2987319
0.9952415
0.9214904
0.9737257
0.91225016
0.9475047
0.9999994
0.8563571
0.8175089
0.9940752
0.92640084
0.4900422
0.98849803
0.9955361
0.99999833
0.7422806
0.9861311
0.82153386
0.95344853
0.8105103
0.94527066
0.9818747
0.9225987
0.9767461
0.24358077
0.90548974
0.7160628
0.819097
0.9975298
0.98291403
0.5009684
0.95249695
0.9987583
0.99930894
0.83967394
0.7112315
0.99999607
0.97473824
0.97950417
0.9334656
0.9290087
0.68529016
0.9762942
0.9484468
0.5779707
0.9999999
1.0
0.99915874
0.9919007
0.98864263
0.9998803
0.9934187
0.9999974
0.99945325
0.031966493
0.9198267
0.9151472
0.052098747
0.51721656
0.9306317
0.90925336
0.99700624
1.0
0.98872745
0.99999213
0.7243783
0.6915996
0.99953556
0.9288773
0.9999994
0.9875109
0.999992
0.99824417
0.9915916
0.9870547
0.99825245
0.9971462
0.9989152
0.9625804
1.0
0.99999046
0.99691725
0.99994576
0.9978902
0.09833295
0.976029
0.99673647
0.99998903
0.88935286
0.1030059
0.08603936
0.17186952
0.09626628
0.08385363
0.21998388
0.3439714
0.7055369
0.015007071
0.32701367
0.18169187
0.26458278
0.14650603
0.0512566
0.15427889
0.0157381
0.07588623
0.048271984
0.68750596
0.039165925
0.63773704
0.10624204
0.45622626
0.7347975
0.09116731
0.10188215
0.12727694
0.1024676
0.07963025
0.9395652
0.040845737
0.15825103
0.060744718
0.1568871
0.2542374
0.06629207
0.028262889
0.07219377
0.12874335
0.15852623
0.011845421
0.13345078
0.43520698
0.015974099
0.6707039
0.1642759
0.077652305
0.0134037845
0.07125136
0.04320721
0.12418384
0.105505735
0.107606426
0.5472434
0.022398882
0.1482544
0.17756009
0.13169003
0.1685625
0.12207933
0.7710846
0.23174259
0.88329476
0.21291734
0.100690015
0.049372904
0.02811914
0.18925507
0.045413375
0.3289693
0.046831034
0.04328919
0.04959647
0.4580878
0.53574663
0.0879549
0.059817325
0.0497524
0.17209904
0.6568964
0.48206675
0.2194155
0.013233309
0.41521916
0.056412388
0.28692958
0.7676086
0.061012886
0.11980094
0.09312268
0.52079684
0.06466558
0.119631566
0.2166595
0.14977475
0.076133884
0.32316327
0.058450915
0.0040619024
0.012714277
0.29235315
0.7693815
0.07581808
0.020754464
0.4062462
0.5159915
0.18085727
0.36373314
0.8114255
0.022175534
0.52561384
0.06753101
0.13566391
0.11654819
0.34256998
0.08147703
0.16618998
0.12730972
0.19192234
0.14983101
0.8760014
0.018748928
0.13981235
0.08779988
0.043784615
0.21456948
0.017352605
0.09896674
0.28968126
0.023280993
0.5384053
0.20175546
0.0031768056
0.03949308
0.0929988
0.106056415
0.021906232
0.080070816
0.6154735
0.0058078216
0.03210177
0.81284654
0.62553877
0.177733
0.06295899
0.060997523
0.14284164
0.049775656
0.31694084
0.3579931
0.34502724
0.19482616
0.06153842
0.12967081
0.36160168
0.046488985
0.1982546
0.09485233
0.035139497
0.30460903
0.15969093
0.032960616
0.019523824
0.025589861
0.02795379
0.62087667
0.027780294
0.42779955
0.9909967
0.03933879
0.092058204
0.12819685
0.20726481
0.08419685
0.697854
0.04778664
0.6013422
0.10533926
0.09710024
0.086467706
0.0041336715
0.36103365
0.16306226
0.117264286
0.11437427
0.07129789
0.124334864
0.011186757
0.054768305
0.14143524
0.04891449
0.35309878
0.56714803
0.67974716
0.2560751
0.09177345
0.16196026
0.03372374
0.18990152
0.3313756
0.098563164
0.6641124
0.08981756
0.08533047
0.053502314
0.73024553
0.54697347
0.12054896
0.06775757
0.029212283
0.12590757
0.08562133
0.07975678
0.0067362483
0.07324405
0.11982274
0.8712104
0.017798955
0.5825006
0.85279584
0.05443536
0.043032676
0.012328272
0.045646418
0.11265028
0.046225976
0.10444092
0.015972532
0.26149943
0.27700132
0.6088549
0.7510542
0.6508898
0.11229433
0.03782885
0.20349394
0.023374273
0.0025877687
0.055174924
0.060407966
0.16595715
0.09759002
0.07439958
0.088579424
0.0546418
0.048871584
0.079850905
0.038743425
0.24055173
0.1966942
0.36408195
0.24989946
0.07093089
0.04461538
0.090150185
0.03521303
0.107275166
0.06528821
0.2122117
0.019421218
0.088026114
0.30744365
0.0647355
0.28543594
0.22394033
0.09809172
0.0025277908
0.80386597
0.43031576
0.2788227
0.17027585
0.1639174
0.040027943
0.634266
0.04287044
0.23159719
0.9075339
0.04723879
0.10801128
0.19638284
0.25596508
0.6633689
0.44103736
0.7395895
0.09791623
0.21167721
0.21951203
0.08715929
0.10606029
0.041057646
0.28472003
0.09166376
0.06824953
0.023507023
0.25550735
0.3352273
0.22235708
0.3159342
0.06876605
0.38914555
0.0742539
0.06813357
0.08776763
0.024613533
0.14684105
0.022936914
0.18205497
0.0744257
0.04096632
0.032611
0.05510696
0.08252573
0.15004995
0.53779614
0.2009732
0.87634736
0.10316972
0.15536389
0.34569913
0.99054635
0.7441731
0.87248725
0.14549358
0.45390737
0.517957
0.117717996
0.016717827
0.06385654
0.09172905
0.24044213
0.23713546
0.11797131
0.038078304
0.1350777
0.04331254
0.07984341
0.2226055
0.19804598
0.592175
0.93805987
0.5820363
0.05789867
0.14165767
0.10357025
0.02215291
0.09022638
0.1608406
0.074414976
0.23029049
0.07027044
0.04460934
0.18364805
0.047260854
0.040750474
0.15761466
0.078769654
0.44016218
0.059684396
0.69307435
0.28034928
0.14798962
0.34239945
0.5474387
0.09324935
0.101384126
0.96685433
0.51644826
0.04241504
0.0875366
0.57931614
0.21202382
0.04673285
0.054966524
0.035807017
0.051168673
0.54905003
0.9530954
0.012418492
0.055365115
0.14148343
0.061159648
0.05603186
0.09536621
0.8526944
0.29104412
0.32566562
0.011245272
0.20139451
0.049047366
0.028327776
0.010391265
0.54359615
0.14599289
0.10426847
0.068498686
0.61942816
0.031787604
0.030032255
0.048013218
0.6202781
0.09027095
0.24393228
0.47834468
0.3186173
0.10849095
0.052634098
0.96114945
0.109120406
0.6176202
0.004483155
0.18985766
0.038381513
0.20655456
0.5522772
0.47777325
0.4153802
0.0672265
0.6891
0.4412762
0.05518979
0.07619826
0.27492085
0.056293517
0.07451499
0.6078837
0.09394707
0.0363098
0.49661556
0.6625448
0.1727257
0.4707738
0.3585505
0.164917
0.048581447
0.1870979
0.032686956
0.99754107
0.42744547
0.96201444
0.09411001
0.021988159
0.011948094
0.11685109
0.6110572
0.030718535
0.8529497
0.64833003
0.06173804
0.11401038
0.5137911
0.077589706
0.59366614
0.12858693
0.23683949
0.1042743
0.09461879
0.0036632593
0.010793544
0.02307205
0.0758666
0.04785664
0.1414526
0.046032622
0.122443244
0.15372077
0.094657846
0.35125664
0.0005096629
0.360983
0.037144218
0.06633803
0.068918414
0.034266543
0.0060198833
0.0840778
0.1137854
0.11936738
0.0075247334
0.105220914
0.40113112
0.06385593
0.046113223
0.0630371
0.035198893
0.18090452
0.5662227
0.22157674
0.07846086
0.12739702
0.47273836
0.1436952
0.27766553
0.059966546
0.03373895
0.2346116
0.22051142
0.17122485
0.5835496
0.054165814
0.020910226
0.1788434
0.089014016
0.12958758
0.4250018
0.683299
0.12981197
0.31519368
0.21928115
0.22034912
0.05915306
0.16583438
0.18757144
0.23934132
0.10708535
0.04847084
0.8241753
0.022890726
0.026854996
0.00936166
0.08677936
0.27694005
0.37700748
0.12625681
0.6315978
0.04255455
0.2136562
0.13660833
0.13726433
0.23772371
0.018206442
0.89282894
0.17469303
0.456136
0.8086459
0.5281661
0.13028163
0.097198166
0.03116722
0.18688224
0.0050257808
0.90266347
0.19394533
0.49298826
0.15223317
0.104405545
0.07789674
0.2348695
0.05313462
0.1509359
0.7242571
0.033982046
0.14424999
0.713681
0.6211709
0.060274225
0.27451304
0.063065015
0.14487165
0.11025773
0.27382872
0.03275821
0.39117238
0.190297
0.08530915
0.06507348
0.09177783
0.060857136
0.025362033
0.26598266
0.11607784
0.12901495
0.42119133
0.12502968
0.8063426
0.16896167
0.11654456
0.8164984
0.08371669
0.13148503
0.41348392
0.1760639
0.95799
0.3347506
0.21723135
0.05500581
0.23444276
0.03612762
0.07573186
0.106487714
0.11695421
0.070780724
0.17095968
0.5492714
0.27698812
0.90206355
0.37858853
0.08419869
0.2351638
0.06650102
0.19158491
0.07429343
0.23448811
0.042508002
0.13748626
0.119014844
0.07439091
0.8339883
0.06446584
0.027417403
0.4777771
0.31808588
0.5987951
0.10737951
0.09803652
0.63721144
0.046551347
0.4320713
0.118906215
0.17525525
0.018376071
0.091298446
0.066621825
0.07865796
0.040512502
0.07302351
0.08251023
0.085962474
0.025467575
0.91248065
0.06569534
0.65169424
0.30613917
0.5127325
0.055222508
0.78641725
0.05262791
0.15450773
0.061709516
0.18256177
0.12551986
0.10393082
0.12923132
0.02884122
0.819383
0.039849576
0.08892018
0.11646441
0.119832225
0.62513596
0.85194993
0.33824074
0.7648813
0.14754194
0.02129984
0.023634095
0.21726766
0.074971996
0.4172537
0.12125084
0.6220161
0.015989412
0.22468895
0.2579767
0.8573949
0.055770762
0.1808466
0.0831824
0.79496354
0.16839367
0.2869128
0.009755607
0.16996577
0.06605357
0.038276553
0.03396583
0.13350862
0.6392232
0.62847316
0.9107515
0.041684452
0.30597964
0.13424931
0.57942027
0.1911772
0.04408734
0.6094388
0.07383862
0.08339693
0.6138036
0.08997591
0.11781369
0.05114046
0.58770686
0.118046194
0.13934372
0.064916186
0.09473039
0.14822365
0.53098315
0.13319844
0.14259362
0.063166894
0.11779574
0.6750081
0.034305606
0.04958076
0.2437598
0.87962663
0.8412178
0.29570848
0.011429017
0.10750721
0.061255313
0.01639701
0.0324718
0.17403452
0.4920366
0.9153584
0.12195862
0.80659705
0.08968675
0.40161592
0.12706329
0.004550205
0.43858096
0.024965977
0.22191735
0.74163973
0.54797477
0.29785156
0.21110967
0.21655942
0.2659732
0.5241449
0.20165268
0.17586058
0.2577304
0.054092795
0.12488683
0.65955555
0.71159816
0.5857356
0.10798637
0.27315348
0.10608039
0.25599235
0.066141404
0.086805105
0.0204656
0.14065558
0.59042144
0.057718646
0.717643
0.08400014
0.5906152
0.095809974
0.18245184
0.6641124
0.0042875526
0.019856747
0.015346532
0.057248563
0.10893287
0.113005504
0.073418826
0.5451008
0.6111866
0.010133062
0.29334104
0.11844169
0.3334794
0.15086713
0.5052297
0.08029192
0.89661
0.07287683
0.08718689
0.05422291
0.093550086
0.03792587
0.055659164
0.30901194
0.34316668
0.13130504
0.036399506
0.5681479
0.14355147
0.1323997
0.45683163
0.05049213
0.24988227
0.8734897
0.1144537
0.017095644
0.023021903
0.046709202
0.11998112
0.4533674
0.20533468
0.041656308
0.12718086
0.07459606
0.112148345
0.13101679
0.07374226
0.048038267
0.16632251
0.18419614
0.21925727
0.015018465
0.2615556
0.09459509
0.03957891
0.84673953
0.0009794696
0.83055276
0.79435664
0.22590326
0.08298172
0.19825675
0.15867777
0.15508887
0.040481634
0.37549025
0.17765328
0.41135323
0.13258024
0.9980794
0.3842521
0.25280124
0.08584894
0.45834818
0.024007702
0.03250763
0.27228624
0.07970585
0.0794018
0.060918417
0.013202367
0.050796814
0.050993152
0.06317252
0.051073827
0.21144384
0.08969866
0.115296945
0.015834315
0.9240794
0.74791163
0.078989945
0.028757105
0.17801231
0.03240936
0.030649368
0.91073966
0.5737213
0.071878046
0.52168065
0.17892072
0.072478935
0.91288036
0.14124724
0.68188244
0.12620209
0.019828873
0.1341277
0.08321189
0.34934318
0.14658418
0.04408624
0.13154735
0.044974335
0.16796339
0.0075743087
0.07172237
0.00860451
0.029904021
0.06938887
0.1313195
0.11593666
0.5268973
0.15331239
0.047714505
0.17975883
0.17985095
0.18631193
0.22377816
0.109508365
0.62802655
0.2485032
0.11279396
0.10310377
0.47494277
0.2911276
0.032882024
0.18035972
0.014415833
0.8642277
0.07353157
0.033371255
0.57127714
0.06152081
0.7757364
0.2805517
0.17702076
0.10164974
0.8628246
0.18385524
0.019380884
0.7695007
0.46670502
0.066773355
0.14289655
0.15677963
0.032486364
0.066914074
0.16096988
0.1003452
0.09829601
0.029563861
0.06082372
0.0160494
0.1342121
0.6872104
0.044660255
0.16003598
0.1338231
0.56382614
0.12291081
0.016417557
0.04754648
0.09813236
0.0804591
0.08952129
0.13620077
0.037632182
0.01941087
0.079326354
0.034965467
0.29259488
0.27773276
0.14572707
0.60405856
0.05240271
0.054760907
0.021756982
0.8423727
0.01949553
0.10722298
0.44467366
0.04186973
0.055821583
0.08437849
0.10147031
0.021333238
0.08715066
0.19341697
0.2680272
0.018366352
0.7559775
0.0017871055
0.3411885
0.15753518
0.067119345
0.14626946
0.49836737
0.11781087
0.32118297
0.13981287
0.23286512
0.10968964
0.10343031
0.063604794
0.6063085
0.07580268
0.3496242
0.019683894
0.09319541
0.024915034
0.008277471
0.61419684
0.020833118
0.63544303
0.23878105
0.0092692
0.31499493
0.04174137
0.8103385
0.03870284
0.11488749
0.32367635
0.96613353
0.8806851
0.12877032
0.17973436
0.03870987
0.07614563
0.20942412
0.67670757
0.59468055
0.08225387
0.07600546
0.43409622
0.8477624
0.034403156
0.3728974
0.1176116
0.09674102
0.1022088
0.18091024
0.78893435
0.14699149
0.106699444
0.12448944
0.018705888
0.60215664
0.07034436
0.063954905
0.029958038
0.29700962
0.12528194
0.07119607
0.036105968
0.21831031
0.10963388
0.15819113
0.020915411
0.13766491
0.032435447
0.1845662
0.8023878
0.05163977
0.047607724
0.15524605
0.26374328
0.1985681
0.24437791
0.10405345
0.023700017
0.35315225
0.016004762
0.09965604
0.93659556
0.05046711
0.081543006
0.39195967
0.03007287
0.037666462
0.14145054
0.07273658
0.1029713
0.23006597
0.06133196
0.95073396
0.24761556
0.07385157
0.16707183
0.3331961
0.065324284
0.6695055
0.0074045174
0.3754437
0.9649364
0.530434
0.08287391
0.18612051
0.055256136
0.24991481
0.14959861
0.99839145
0.11447724
0.43407372
0.917226
0.04844876
0.044530578
0.2532054
0.08252794
0.09883814
0.8645834
0.01717803
0.42270163
0.06514059
0.02443389
0.064911015
0.2711922
0.116811134
0.022208776
0.11813731
0.11205391
0.04761057
0.070754535
0.110097386
0.07035389
0.2746221
0.036008026
0.05357747
0.12260428
0.90610063
0.1219997
0.81629705
0.7143171
0.17181471
0.18537559
0.038099088
0.046834443
0.1448985
0.06946882
0.07725979
0.09794942
0.088371925
0.15429598
0.30195972
0.13034281
0.031976875
0.15977001
0.1622787
0.55803627
0.021840228
