0.5146816 0.48531836
0.00012943159 0.99987054
8.5964e-05 0.99991405
2.2731264e-10 1.0
0.02474172 0.9752583
0.75814956 0.24185048
0.00044027876 0.9995597
0.000108544 0.9998914
0.22035418 0.77964574
0.95404863 0.045951378
0.7195637 0.2804362
0.8566343 0.1433657
0.044062994 0.95593697
0.9791661 0.020833889
0.45814234 0.54185766
0.9140192 0.085980766
0.7678881 0.23211187
0.98243064 0.017569326
0.47080594 0.5291941
0.03789017 0.96210986
4.06685e-06 0.99999595
0.31226617 0.6877338
0.043436743 0.95656323
0.069259204 0.93074083
0.027947934 0.97205204
0.3919 0.6081
0.03672312 0.96327686
1.1944516e-06 0.9999988
0.16662891 0.83337104
6.6499584e-09 1.0
0.17529391 0.82470614
0.8803178 0.11968224
0.000104306884 0.9998957
0.44617555 0.5538245
3.523776e-05 0.9999647
0.002108949 0.997891
0.0014337103 0.9985663
9.212482e-06 0.9999908
0.037907787 0.9620922
0.12785615 0.8721438
0.9074817 0.092518285
0.14494753 0.85505253
0.010217427 0.9897826
0.88920736 0.11079263
0.00024481612 0.9997552
0.03836091 0.9616391
0.6988526 0.30114737
0.65662503 0.34337497
0.016269935 0.98373014
0.003513386 0.99648666
8.13901e-07 0.99999917
0.062548466 0.93745154
0.0014931286 0.99850684
0.0012059031 0.9987941
0.0014103597 0.9985896
0.007450079 0.9925499
0.22623649 0.7737635
4.2822187e-08 1.0
0.37995818 0.62004185
1.1021849e-06 0.9999989
4.634098e-06 0.99999535
0.21845175 0.7815483
0.11239771 0.8876022
0.057558764 0.9424412
0.0006380523 0.99936193
1.7154996e-13 1.0
0.10385727 0.8961428
0.0433411 0.9566589
0.10135463 0.89864534
0.00031132324 0.99968874
0.5083617 0.4916382
0.015676174 0.9843238
0.00074000756 0.99926
0.89442414 0.10557585
0.0034758614 0.99652416
4.6925707e-05 0.99995303
9.466231e-10 1.0
0.37093177 0.6290683
1.1103391e-05 0.9999889
0.8088697 0.19113031
0.42093176 0.5790683
0.9074984 0.09250151
0.72674567 0.2732543
3.1653715e-05 0.9999683
0.74541205 0.25458798
0.011355914 0.988644
0.14840025 0.8515998
0.01924669 0.98075336
0.7339546 0.2660454
0.14753346 0.8524665
1.1596953e-05 0.99998844
0.009998436 0.99000156
0.9474366 0.05256348
0.17484975 0.82515025
0.4147338 0.5852662
1.5583797e-06 0.99999845
0.51282686 0.48717317
0.0034162074 0.9965838
8.997408e-05 0.99991
0.028933031 0.971067
0.0011911734 0.99880886
0.104368865 0.8956311
3.9625666e-05 0.9999604
0.49644879 0.50355124
0.6105465 0.3894534
0.13782853 0.86217153
0.13308637 0.8669136
0.00021523674 0.99978477
0.87593985 0.12406009
0.19340381 0.8065962
0.0136266155 0.9863734
7.95724e-05 0.99992037
0.025632896 0.9743671
3.6285186e-05 0.99996376
2.1900836e-05 0.99997807
4.7041344e-06 0.99999535
0.8361653 0.16383463
0.1704779 0.82952213
0.08663278 0.91336715
0.060778912 0.9392211
4.8516806e-05 0.9999515
7.4987526e-07 0.9999993
0.7249027 0.2750973
0.5010776 0.49892244
0.0108992485 0.98910075
0.022739857 0.9772602
0.9992867 0.0007133489
1.5440564e-05 0.9999845
0.001004182 0.99899584
0.0008213874 0.9991786
0.119249016 0.880751
0.026215114 0.9737849
0.22041728 0.77958274
0.01845537 0.9815446
0.7458742 0.25412577
4.871103e-08 1.0
0.17368525 0.8263147
0.0050714505 0.9949286
0.010361222 0.9896388
0.6059766 0.39402345
0.013815737 0.9861843
0.001891511 0.9981085
0.0046773446 0.99532264
3.1722504e-06 0.9999968
0.6235792 0.37642086
0.00076545274 0.99923456
0.0041119736 0.99588805
1.6654183e-05 0.9999833
0.55986834 0.44013163
0.17344451 0.82655555
0.0038603991 0.9961396
6.453778e-05 0.9999355
0.034578033 0.9654219
0.3194163 0.6805837
0.0067706266 0.9932294
0.14704694 0.85295314
0.058215924 0.941784
0.007083773 0.9929162
0.5797883 0.4202117
0.00043909345 0.9995609
0.002094566 0.9979055
0.60977364 0.3902264
2.5682033e-08 1.0
0.41200614 0.58799386
0.0015110428 0.9984889
0.037897825 0.9621021
0.9594729 0.04052709
0.266772 0.733228
0.84425133 0.1557486
6.8556246e-06 0.9999931
0.0793429 0.92065716
2.1379137e-05 0.99997866
0.82089484 0.17910512
0.006100039 0.99389994
0.001653595 0.99834645
6.721698e-07 0.9999993
0.398045 0.601955
1.2251409e-05 0.9999877
0.00038142625 0.99961853
2.3985645e-11 1.0
0.013168306 0.98683167
0.008155061 0.99184495
0.00026245668 0.99973756
3.3404376e-05 0.9999666
0.8817362 0.118263796
7.981338e-08 0.9999999
0.049409006 0.95059097
0.6881846 0.31181535
0.96762484 0.032375164
0.18199822 0.81800175
0.012481193 0.98751885
0.027748805 0.97225124
0.76377 0.23622996
0.07585524 0.92414474
0.16125493 0.83874506
0.95843047 0.041569553
0.009548579 0.99045146
0.47488207 0.5251179
0.11376744 0.8862326
0.8273042 0.17269583
0.030424193 0.9695758
0.008793785 0.9912062
0.21975352 0.7802465
9.60753e-06 0.99999034
0.123748146 0.8762519
0.88300264 0.116997354
0.013490291 0.98650974
4.0636638e-05 0.99995935
0.07289773 0.9271023
0.11832738 0.8816726
0.58644176 0.41355824
0.15754402 0.842456
0.025583068 0.9744169
0.15107213 0.8489279
0.13985454 0.86014545
0.092934005 0.907066
0.8914284 0.10857159
0.019327048 0.98067296
0.035036214 0.9649638
0.0145008145 0.98549926
0.053294647 0.9467053
0.016180038 0.98381996
4.1803643e-05 0.99995816
0.6330957 0.36690423
0.89509153 0.104908496
0.4840712 0.5159288
0.98678696 0.013213045
0.00011548839 0.9998845
0.005865333 0.9941347
9.5501455e-06 0.99999046
0.0299053 0.97009474
0.44343677 0.55656326
0.01794408 0.98205596
0.7882186 0.2117814
0.017083084 0.9829169
2.2498707e-05 0.99997747
0.000886888 0.99911314
3.7672356e-07 0.99999964
0.18892638 0.81107366
0.058543056 0.9414569
0.0024695287 0.9975305
5.4817607e-05 0.99994516
1.4209483e-05 0.9999858
0.35008168 0.6499184
0.039964482 0.9600355
2.2774093e-05 0.99997723
0.00029289827 0.99970704
0.021862885 0.97813714
3.3395242e-10 1.0
0.9385832 0.06141678
0.17727509 0.8227249
4.085304e-08 1.0
0.007615799 0.99238425
0.943231 0.056768943
0.00023230046 0.9997677
0.030590951 0.9694091
0.003713565 0.9962864
1.6787545e-06 0.99999833
0.85005474 0.14994526
0.15865612 0.8413439
0.049394812 0.9506052
0.94056314 0.059436902
0.013543929 0.98645604
0.00047065972 0.99952936
0.036475964 0.96352404
0.110753745 0.8892463
0.00022721576 0.99977285
6.5037766e-06 0.99999344
0.012665326 0.9873347
0.02089652 0.97910345
0.00024851025 0.9997515
0.0060842168 0.99391574
0.0035863363 0.99641365
0.35389578 0.6461043
0.046889618 0.95311046
0.030121747 0.96987826
0.00016088509 0.99983907
0.82311475 0.17688526
0.0018080049 0.998192
0.7261366 0.2738633
5.4229434e-09 1.0
0.002176752 0.99782324
9.296732e-06 0.9999907
0.28009325 0.71990675
0.005458946 0.9945411
0.001197754 0.9988022
4.2057857e-10 1.0
0.010603194 0.9893968
0.01555513 0.98444486
0.29357013 0.7064299
0.6220067 0.37799326
7.625961e-05 0.9999237
0.84826124 0.15173872
0.00014933532 0.99985063
0.09773541 0.90226454
0.77513623 0.22486377
0.6310853 0.36891472
0.96423876 0.03576121
0.9768463 0.023153711
0.12130933 0.8786907
0.9986765 0.0013234962
0.8500097 0.1499903
0.98534447 0.014655528
0.2520786 0.7479214
0.0108863935 0.98911357
0.9470345 0.052965503
0.8718784 0.12812161
0.98566103 0.014338944
0.85686016 0.1431398
0.6798744 0.32012558
0.70783013 0.29216984
0.823896 0.17610401
0.57119215 0.42880785
0.039077025 0.960923
0.99981636 0.00018371345
0.07541957 0.9245804
0.850271 0.14972895
0.91952163 0.080478385
0.022376312 0.97762376
0.021397136 0.9786028
0.9300012 0.06999876
0.8822557 0.117744304
0.43686068 0.5631393
0.9853276 0.014672477
0.11002329 0.8899767
0.834928 0.1650721
0.8922527 0.107747346
0.85409695 0.14590302
0.9710688 0.028931169
0.91843784 0.08156215
0.96689767 0.03310232
0.27183402 0.72816604
0.7629995 0.2370005
0.6430413 0.3569587
0.021418508 0.9785815
0.92702425 0.07297581
0.758716 0.24128409
0.45762753 0.5423725
0.99888986 0.0011101167
0.98625386 0.01374616
0.5160969 0.48390317
0.99792045 0.0020795886
0.94661003 0.053390015
0.9730866 0.026913358
0.9939295 0.00607046
0.1067235 0.8932765
0.9918241 0.008175876
0.024976604 0.9750234
0.97248334 0.02751664
0.8757757 0.124224246
0.7258975 0.2741025
0.8066923 0.19330761
0.7712705 0.22872949
0.858373 0.14162706
0.95053744 0.04946256
0.9576556 0.04234445
0.4003406 0.59965944
0.79210395 0.20789607
0.96643794 0.03356204
0.9877061 0.012293888
0.1315515 0.8684485
0.23271488 0.76728505
0.043794442 0.9562056
0.5994211 0.40057892
0.22001922 0.7799808
0.07023901 0.92976105
0.8178663 0.18213364
0.9534211 0.046578936
0.92480904 0.075190954
0.9059065 0.094093464
0.876309 0.12369106
0.90367794 0.09632205
0.8761757 0.1238243
0.05173851 0.94826156
0.94675595 0.05324405
0.96428317 0.03571678
0.55123997 0.44876
0.89920443 0.10079552
0.86856234 0.13143764
0.98131233 0.018687647
0.2026128 0.7973872
0.9516492 0.048350755
0.77344716 0.22655286
0.78628844 0.2137115
0.9888026 0.011197374
0.9201951 0.079804875
0.5727939 0.42720607
0.9988809 0.0011191122
0.9616287 0.03837135
0.9341599 0.065840155
0.8816954 0.11830454
0.8791161 0.12088389
0.6870737 0.3129263
0.00052547216 0.9994746
0.83926845 0.1607316
0.9048395 0.095160514
0.99376243 0.0062376047
0.31229442 0.6877056
0.9919035 0.008096571
0.73534614 0.2646539
0.9754925 0.024507487
0.9831389 0.016861094
0.9176396 0.082360335
0.87455934 0.12544064
0.962686 0.037314
0.835265 0.16473502
0.37103382 0.6289662
0.936093 0.06390708
0.6950414 0.30495858
1.0 1.0234543e-12
0.001654402 0.9983456
0.97368973 0.02631022
0.6090837 0.39091626
0.29095325 0.70904666
0.06699773 0.9330023
0.9024546 0.09754544
0.39335597 0.6066441
0.22946407 0.77053595
0.96008104 0.03991895
0.94995004 0.050049897
0.9332042 0.066795796
0.11309232 0.8869077
0.4649043 0.53509563
0.14908175 0.85091823
0.9033915 0.09660849
0.97625834 0.023741692
0.986715 0.013285041
0.9529393 0.0470607
0.83045197 0.169548
0.995478 0.0045220936
0.8041436 0.19585644
0.93748426 0.06251576
0.9155923 0.08440775
0.964778 0.03522197
0.9414231 0.058576852
0.83885944 0.16114049
0.68335617 0.31664386
0.9622033 0.037796687
0.9349943 0.06500574
0.7532778 0.24672224
0.96810293 0.031897113
0.87569314 0.12430679
0.80417013 0.19582993
0.575948 0.424052
0.99986637 0.00013359326
0.89738166 0.10261834
0.008587097 0.9914129
0.0035012767 0.9964987
0.089330085 0.9106699
0.1770875 0.8229125
0.24727821 0.7527218
0.7914326 0.20856743
0.6848454 0.31515464
0.031113962 0.9688861
0.9855032 0.014496793
0.931339 0.06866091
0.76179343 0.23820655
0.6760211 0.32397884
0.9941175 0.005882499
0.96976465 0.030235298
0.7973679 0.2026322
0.8762963 0.12370374
0.19763155 0.80236846
0.99860436 0.0013956717
0.990378 0.009621912
0.9187725 0.08122753
0.9736066 0.02639339
0.7466967 0.25330332
0.27683112 0.7231689
0.9809218 0.019078195
0.88695806 0.11304199
0.33510277 0.6648972
0.9873926 0.012607367
0.99999166 8.346445e-06
0.8626178 0.13738215
0.99867415 0.0013259099
0.9457799 0.05422015
0.0043319995 0.99566793
0.039359897 0.9606401
0.6611328 0.33886713
0.4030002 0.59699976
0.96131027 0.038689665
0.994894 0.0051060254
0.9993918 0.00060816895
0.01168955 0.98831046
0.17452654 0.8254734
0.91224986 0.08775019
0.28422752 0.71577257
0.99325836 0.006741697
0.9471355 0.05286447
0.7717481 0.22825189
0.72103006 0.27896994
0.78542554 0.21457447
0.99232787 0.0076721017
0.8847579 0.11524213
0.21989788 0.78010213
0.0051920274 0.994808
0.9683793 0.031620696
0.6156451 0.38435492
0.6166119 0.38338807
0.98372906 0.016270872
0.6723304 0.3276696
0.001599596 0.9984004
0.6710851 0.32891488
0.6645701 0.33542988
0.9424239 0.05757615
0.97576594 0.024234094
0.9903582 0.009641868
0.88667846 0.11332154
0.10200556 0.89799446
0.8157505 0.18424949
0.97607815 0.023921836
0.8200885 0.17991157
0.6152203 0.3847796
0.8417051 0.15829486
0.8757188 0.12428121
0.11964955 0.8803505
0.755 0.24499997
0.121842116 0.87815785
0.9751174 0.024882643
0.41920206 0.5807979
0.967458 0.032541946
0.0029470464 0.9970529
0.06948939 0.9305106
0.96735495 0.0326451
0.92727345 0.07272651
0.97352785 0.026472125
0.06623901 0.933761
0.99999964 3.306226e-07
0.9588874 0.041112576
0.004490785 0.99550927
0.24523161 0.75476843
0.8968395 0.10316054
0.87244034 0.12755969
0.9945422 0.005457843
0.9267896 0.07321046
0.93676805 0.06323194
0.8673694 0.13263063
0.9358417 0.064158335
0.7664201 0.23357989
0.47422177 0.52577823
0.68069893 0.31930113
0.9677461 0.03225391
0.1170727 0.88292724
0.9293858 0.07061429
0.0026490223 0.99735093
0.9912361 0.008763897
0.8806589 0.11934107
0.80737656 0.19262344
0.89183027 0.10816977
0.9440527 0.05594722
0.9698102 0.030189782
0.96942097 0.030579017
0.8826125 0.11738748
0.5871222 0.4128778
0.99398994 0.0060101105
0.9624124 0.0375876
0.8356056 0.1643944
0.0023124863 0.99768746
0.4639851 0.5360149
0.90781754 0.09218252
0.8541184 0.14588156
0.97079855 0.029201426
0.12988894 0.870111
0.0039112666 0.99608874
0.68861157 0.3113885
0.48480222 0.5151979
0.9509692 0.049030773
0.99986064 0.00013931104
0.7802012 0.21979877
0.9717898 0.02821018
0.9992105 0.0007894675
0.08504415 0.91495585
0.77527773 0.22472231
0.86069906 0.13930094
0.7663577 0.23364237
0.54999435 0.45000562
0.9969042 0.0030957698
0.1750725 0.8249275
0.9912059 0.008794101
0.6328702 0.3671298
0.92037773 0.07962225
0.97618073 0.02381928
0.00947391 0.9905261
