0.48531836
0.99987054
0.99991405
1.0
0.9752583
0.24185048
0.9995597
0.9998914
0.77964574
0.045951378
0.2804362
0.1433657
0.95593697
0.020833889
0.54185766
0.085980766
0.23211187
0.017569326
0.5291941
0.96210986
0.99999595
0.6877338
0.95656323
0.93074083
0.97205204
0.6081
0.96327686
0.9999988
0.83337104
1.0
0.82470614
0.11968224
0.9998957
0.5538245
0.9999647
0.997891
0.9985663
0.9999908
0.9620922
0.8721438
0.092518285
0.85505253
0.9897826
0.11079263
0.9997552
0.9616391
0.30114737
0.34337497
0.98373014
0.99648666
0.99999917
0.93745154
0.99850684
0.9987941
0.9985896
0.9925499
0.7737635
1.0
0.62004185
0.9999989
0.99999535
0.7815483
0.8876022
0.9424412
0.99936193
1.0
0.8961428
0.9566589
0.89864534
0.99968874
0.4916382
0.9843238
0.99926
0.10557585
0.99652416
0.99995303
1.0
0.6290683
0.9999889
0.19113031
0.5790683
0.09250151
0.2732543
0.9999683
0.25458798
0.988644
0.8515998
0.98075336
0.2660454
0.8524665
0.99998844
0.99000156
0.05256348
0.82515025
0.5852662
0.99999845
0.48717317
0.9965838
0.99991
0.971067
0.99880886
0.8956311
0.9999604
0.50355124
0.3894534
0.86217153
0.8669136
0.99978477
0.12406009
0.8065962
0.9863734
0.99992037
0.9743671
0.99996376
0.99997807
0.99999535
0.16383463
0.82952213
0.91336715
0.9392211
0.9999515
0.9999993
0.2750973
0.49892244
0.98910075
0.9772602
0.0007133489
0.9999845
0.99899584
0.9991786
0.880751
0.9737849
0.77958274
0.9815446
0.25412577
1.0
0.8263147
0.9949286
0.9896388
0.39402345
0.9861843
0.9981085
0.99532264
0.9999968
0.37642086
0.99923456
0.99588805
0.9999833
0.44013163
0.82655555
0.9961396
0.9999355
0.9654219
0.6805837
0.9932294
0.85295314
0.941784
0.9929162
0.4202117
0.9995609
0.9979055
0.3902264
1.0
0.58799386
0.9984889
0.9621021
0.04052709
0.733228
0.1557486
0.9999931
0.92065716
0.99997866
0.17910512
0.99389994
0.99834645
0.9999993
0.601955
0.9999877
0.99961853
1.0
0.98683167
0.99184495
0.99973756
0.9999666
0.118263796
0.9999999
0.95059097
0.31181535
0.032375164
0.81800175
0.98751885
0.97225124
0.23622996
0.92414474
0.83874506
0.041569553
0.99045146
0.5251179
0.8862326
0.17269583
0.9695758
0.9912062
0.7802465
0.99999034
0.8762519
0.116997354
0.98650974
0.99995935
0.9271023
0.8816726
0.41355824
0.842456
0.9744169
0.8489279
0.86014545
0.907066
0.10857159
0.98067296
0.9649638
0.98549926
0.9467053
0.98381996
0.99995816
0.36690423
0.104908496
0.5159288
0.013213045
0.9998845
0.9941347
0.99999046
0.97009474
0.55656326
0.98205596
0.2117814
0.9829169
0.99997747
0.99911314
0.99999964
0.81107366
0.9414569
0.9975305
0.99994516
0.9999858
0.6499184
0.9600355
0.99997723
0.99970704
0.97813714
1.0
0.06141678
0.8227249
1.0
0.99238425
0.056768943
0.9997677
0.9694091
0.9962864
0.99999833
0.14994526
0.8413439
0.9506052
0.059436902
0.98645604
0.99952936
0.96352404
0.8892463
0.99977285
0.99999344
0.9873347
0.97910345
0.9997515
0.99391574
0.99641365
0.6461043
0.95311046
0.96987826
0.99983907
0.17688526
0.998192
0.2738633
1.0
0.99782324
0.9999907
0.71990675
0.9945411
0.9988022
1.0
0.9893968
0.98444486
0.7064299
0.37799326
0.9999237
0.15173872
0.99985063
0.90226454
0.22486377
0.36891472
0.03576121
0.023153711
0.8786907
0.0013234962
0.1499903
0.014655528
0.7479214
0.98911357
0.052965503
0.12812161
0.014338944
0.1431398
0.32012558
0.29216984
0.17610401
0.42880785
0.960923
0.00018371345
0.9245804
0.14972895
0.080478385
0.97762376
0.9786028
0.06999876
0.117744304
0.5631393
0.014672477
0.8899767
0.1650721
0.107747346
0.14590302
0.028931169
0.08156215
0.03310232
0.72816604
0.2370005
0.3569587
0.9785815
0.07297581
0.24128409
0.5423725
0.0011101167
0.01374616
0.48390317
0.0020795886
0.053390015
0.026913358
0.00607046
0.8932765
0.008175876
0.9750234
0.02751664
0.124224246
0.2741025
0.19330761
0.22872949
0.14162706
0.04946256
0.04234445
0.59965944
0.20789607
0.03356204
0.012293888
0.8684485
0.76728505
0.9562056
0.40057892
0.7799808
0.92976105
0.18213364
0.046578936
0.075190954
0.094093464
0.12369106
0.09632205
0.1238243
0.94826156
0.05324405
0.03571678
0.44876
0.10079552
0.13143764
0.018687647
0.7973872
0.048350755
0.22655286
0.2137115
0.011197374
0.079804875
0.42720607
0.0011191122
0.03837135
0.065840155
0.11830454
0.12088389
0.3129263
0.9994746
0.1607316
0.095160514
0.0062376047
0.6877056
0.008096571
0.2646539
0.024507487
0.016861094
0.082360335
0.12544064
0.037314
0.16473502
0.6289662
0.06390708
0.30495858
1.0234543e-12
0.9983456
0.02631022
0.39091626
0.70904666
0.9330023
0.09754544
0.6066441
0.77053595
0.03991895
0.050049897
0.066795796
0.8869077
0.53509563
0.85091823
0.09660849
0.023741692
0.013285041
0.0470607
0.169548
0.0045220936
0.19585644
0.06251576
0.08440775
0.03522197
0.058576852
0.16114049
0.31664386
0.037796687
0.06500574
0.24672224
0.031897113
0.12430679
0.19582993
0.424052
0.00013359326
0.10261834
0.9914129
0.9964987
0.9106699
0.8229125
0.7527218
0.20856743
0.31515464
0.9688861
0.014496793
0.06866091
0.23820655
0.32397884
0.005882499
0.030235298
0.2026322
0.12370374
0.80236846
0.0013956717
0.009621912
0.08122753
0.02639339
0.25330332
0.7231689
0.019078195
0.11304199
0.6648972
0.012607367
8.346445e-06
0.13738215
0.0013259099
0.05422015
0.99566793
0.9606401
0.33886713
0.59699976
0.038689665
0.0051060254
0.00060816895
0.98831046
0.8254734
0.08775019
0.71577257
0.006741697
0.05286447
0.22825189
0.27896994
0.21457447
0.0076721017
0.11524213
0.78010213
0.994808
0.031620696
0.38435492
0.38338807
0.016270872
0.3276696
0.9984004
0.32891488
0.33542988
0.05757615
0.024234094
0.009641868
0.11332154
0.89799446
0.18424949
0.023921836
0.17991157
0.3847796
0.15829486
0.12428121
0.8803505
0.24499997
0.87815785
0.024882643
0.5807979
0.032541946
0.9970529
0.9305106
0.0326451
0.07272651
0.026472125
0.933761
3.306226e-07
0.041112576
0.99550927
0.75476843
0.10316054
0.12755969
0.005457843
0.07321046
0.06323194
0.13263063
0.064158335
0.23357989
0.52577823
0.31930113
0.03225391
0.88292724
0.07061429
0.99735093
0.008763897
0.11934107
0.19262344
0.10816977
0.05594722
0.030189782
0.030579017
0.11738748
0.4128778
0.0060101105
0.0375876
0.1643944
0.99768746
0.5360149
0.09218252
0.14588156
0.029201426
0.870111
0.99608874
0.3113885
0.5151979
0.049030773
0.00013931104
0.21979877
0.02821018
0.0007894675
0.91495585
0.22472231
0.13930094
0.23364237
0.45000562
0.0030957698
0.8249275
0.008794101
0.3671298
0.07962225
0.02381928
0.9905261
