0.30098495 0.699015
0.3652939 0.63470614
0.3242187 0.67578125
0.0034886354 0.9965114
0.9811933 0.018806685
0.9782437 0.021756295
0.7380592 0.26194072
0.17168383 0.82831615
0.2819263 0.7180738
0.047854483 0.9521456
0.09399146 0.90600854
0.033341724 0.96665823
0.5783298 0.42167014
0.0068279183 0.99317217
0.6590689 0.34093112
0.49594355 0.5040565
1.2127814e-06 0.9999988
0.3792777 0.62072223
0.5354309 0.4645691
0.0036294507 0.99637055
0.033830117 0.9661699
0.017287195 0.98271286
0.05905214 0.9409479
0.7281587 0.27184135
0.0780612 0.92193884
0.24376394 0.756236
0.32719842 0.6728016
0.001032413 0.99896765
0.11457999 0.88541996
0.053241875 0.9467581
0.00052976195 0.9994703
0.28809884 0.7119012
0.021158585 0.97884136
0.87264895 0.127351
0.275263 0.72473705
0.00040572713 0.9995943
0.0011758204 0.9988242
0.187748 0.812252
0.017408153 0.98259187
0.0884365 0.91156346
0.0017987518 0.99820125
0.02425082 0.97574914
0.00020086145 0.9997992
0.04261776 0.9573822
0.15982088 0.84017915
7.681875e-07 0.9999993
0.022566797 0.97743315
0.041765638 0.95823437
0.856668 0.14333196
0.0016183102 0.99838173
4.6281835e-05 0.99995375
0.5872449 0.41275504
0.0010135086 0.9989864
0.22876936 0.77123064
0.5649913 0.4350087
0.9333939 0.06660608
0.91543 0.08457003
0.8705438 0.12945622
8.332869e-05 0.9999167
0.02987164 0.97012836
0.7045057 0.29549435
0.009741264 0.9902588
0.116860464 0.88313955
0.037559427 0.96244055
0.69061106 0.3093889
0.2951582 0.70484185
0.23690358 0.7630964
0.7403727 0.25962722
0.44475207 0.5552479
0.00083557423 0.99916446
0.45371678 0.5462832
0.026609357 0.9733907
0.13448155 0.86551845
0.21716511 0.7828349
0.44514462 0.55485535
0.0050610425 0.99493897
0.0043384586 0.99566156
0.050800357 0.9491997
0.090918146 0.9090818
0.0005582128 0.9994418
0.0907444 0.9092556
0.34251294 0.6574871
0.0765846 0.92341536
0.23195115 0.7680488
0.15658419 0.84341586
0.0015532388 0.99844676
0.11401788 0.8859821
0.54978585 0.45021412
0.2059321 0.7940679
0.025617674 0.9743823
0.2201263 0.77987367
0.006855887 0.99314415
0.24820402 0.751796
0.03952058 0.9604794
0.28600064 0.71399933
7.208682e-05 0.9999279
0.33029392 0.66970605
0.8760505 0.12394959
5.6189096e-05 0.99994385
0.5647198 0.43528014
0.028839692 0.9711603
0.000498515 0.99950147
4.3766915e-05 0.99995625
0.3201211 0.6798789
0.21966138 0.7803386
0.0006830111 0.99931705
0.117286876 0.8827131
3.8047263e-05 0.999962
0.021772202 0.97822785
0.00010508118 0.99989486
0.17161572 0.8283842
3.0457004e-05 0.9999696
0.47331214 0.52668786
0.47608185 0.52391815
0.60797405 0.39202598
0.09553204 0.90446794
0.72567534 0.2743247
0.00095919106 0.9990408
0.9984554 0.001544644
0.26017106 0.73982894
0.005456932 0.9945431
0.18150489 0.8184951
0.0057112495 0.9942887
0.17020583 0.8297941
0.26321548 0.73678446
0.46556342 0.5344365
0.5872449 0.41275504
0.67717934 0.3228206
0.4667098 0.5332902
0.3222356 0.67776436
6.154018e-05 0.9999385
0.018453272 0.98154676
0.0002784854 0.99972147
0.0004026207 0.9995974
0.08280581 0.9171941
0.9800181 0.019981915
0.11781714 0.88218284
0.057851467 0.94214857
0.015062361 0.9849377
0.0061996854 0.99380034
0.6333675 0.36663246
0.7460623 0.25393772
0.3710473 0.62895274
0.059957556 0.94004244
0.57048726 0.4295127
0.56358427 0.4364157
7.931423e-05 0.9999207
0.18082494 0.81917506
0.077616796 0.92238325
0.28484496 0.715155
0.00791417 0.9920859
0.003915865 0.9960841
0.005341837 0.9946582
0.59363264 0.40636736
0.00081919675 0.99918073
0.0313338 0.96866626
0.00012972321 0.9998703
7.300728e-05 0.99992704
0.13154435 0.8684557
0.00012404946 0.9998759
0.08069397 0.91930604
0.6362863 0.36371368
0.5872449 0.41275504
2.0398033e-05 0.9999796
0.625929 0.37407094
0.33608392 0.6639161
0.54498845 0.45501152
0.22166969 0.77833027
0.38781756 0.6121824
0.93653244 0.06346763
0.02840904 0.971591
0.9127785 0.08722151
0.24267796 0.7573221
0.0010743641 0.9989256
0.4593012 0.54069877
0.01293971 0.9870603
0.23332451 0.7666755
0.6057064 0.3942936
0.05137931 0.9486207
0.6597736 0.34022647
0.002444761 0.9975553
8.789874e-05 0.99991214
0.0049762833 0.9950237
0.22853124 0.77146876
0.017233914 0.98276603
0.029976116 0.9700238
0.008717098 0.99128294
0.33839005 0.66160995
0.032685027 0.967315
0.13188778 0.8681122
0.00338306 0.996617
0.0297407 0.9702593
0.39676273 0.6032372
0.0025358251 0.9974642
0.564176 0.43582398
0.07567986 0.9243201
0.9999893 1.0786471e-05
3.889189e-05 0.99996114
0.9449335 0.055066545
0.034972403 0.96502763
0.7436352 0.25636476
0.056428194 0.9435718
0.20709912 0.79290086
0.104305424 0.8956946
0.9223497 0.07765034
0.27585477 0.7241452
0.058390856 0.9416092
0.15544552 0.8445544
0.09516784 0.9048321
0.052967634 0.94703233
0.0021464985 0.99785346
0.00069544517 0.99930453
0.17370029 0.8262997
0.7036332 0.29636675
0.5970033 0.40299666
2.9525032e-05 0.99997044
0.18975802 0.810242
0.00022163203 0.99977833
0.036954254 0.9630457
0.033581294 0.9664187
0.4516823 0.54831773
6.1914134e-06 0.9999938
0.2597187 0.7402813
0.0015018671 0.9984981
0.0022364215 0.9977635
0.055087246 0.9449127
0.22200784 0.7779922
0.74928534 0.2507147
0.70828205 0.29171792
0.010831152 0.9891689
0.13695969 0.8630403
0.014111047 0.985889
0.4341094 0.56589055
0.67185724 0.32814276
0.77000505 0.22999498
7.170125e-05 0.99992824
0.36148575 0.6385142
0.006458341 0.9935416
0.0015913473 0.99840873
0.58671284 0.4132871
0.00022163203 0.99977833
0.0020211556 0.99797887
0.50278175 0.4972182
0.0010283833 0.9989716
0.0024396866 0.99756026
0.6748766 0.32512337
0.9940486 0.005951413
0.4979486 0.5020515
0.011585097 0.9884149
0.35623872 0.6437613
0.00040910044 0.99959093
0.3684489 0.6315511
0.86064386 0.13935608
0.0013328716 0.9986671
0.9923611 0.0076389564
0.11579995 0.8842001
0.0008705943 0.9991295
0.06595648 0.9340436
0.017288506 0.9827115
0.36270478 0.63729525
0.051008508 0.9489914
0.7117076 0.2882924
0.7804194 0.21958062
0.018291425 0.98170865
0.28147715 0.7185228
0.0006537022 0.9993463
0.15928136 0.8407186
0.090008266 0.90999174
0.44917876 0.5508212
0.11676341 0.8832365
0.09918661 0.90081346
0.00019801385 0.99980205
0.037331033 0.96266896
0.2952327 0.7047673
0.17486759 0.8251324
0.0013814113 0.9986186
0.013734244 0.9862657
0.8958733 0.10412669
0.10469846 0.8953015
0.20581532 0.79418474
0.061259206 0.93874073
0.72314084 0.27685916
6.778521e-06 0.9999932
0.46700236 0.53299767
0.72648066 0.27351943
0.0004584307 0.99954164
0.0014893201 0.99851066
0.0010449941 0.998955
0.036995303 0.9630047
0.054091364 0.9459086
0.56977826 0.4302217
0.65538967 0.34461036
0.81830484 0.18169522
0.8325219 0.16747811
0.52677006 0.47322991
0.9210293 0.07897063
0.974232 0.025767967
0.97394854 0.02605149
0.6133364 0.3866636
0.85788983 0.14211015
0.8317064 0.1682936
0.44932863 0.55067134
0.9955546 0.004445336
0.6296579 0.3703421
0.6627661 0.33723387
0.9981731 0.0018268802
0.096725084 0.90327495
0.70520675 0.29479328
0.765805 0.23419505
0.6089059 0.3910941
0.9379965 0.06200347
0.40817896 0.5918211
0.105505 0.894495
0.9347629 0.06523711
0.96447873 0.035521206
0.99530125 0.0046987087
0.21980846 0.7801915
0.9520846 0.047915407
0.28435233 0.71564776
0.38837495 0.6116251
0.9639029 0.036097128
0.10105236 0.89894766
0.9794493 0.020550711
0.8700888 0.12991118
0.87968355 0.120316386
0.0848306 0.9151695
0.81818503 0.18181498
0.5592478 0.44075218
0.41014808 0.589852
0.7482 0.25180003
0.5813363 0.41866368
0.15090145 0.84909856
0.27883923 0.72116077
0.96922845 0.030771554
0.85219985 0.1478001
0.9601794 0.039820585
0.80478656 0.19521342
0.17197391 0.82802606
0.20149893 0.798501
0.98017335 0.01982658
0.6985194 0.3014806
0.9298573 0.07014275
0.620748 0.37925202
0.9998286 0.0001713629
0.99420846 0.0057915
0.56467193 0.43532813
0.9923119 0.00768804
0.9404695 0.05953045
0.2150171 0.78498286
0.89114857 0.10885139
0.85741186 0.14258812
0.41027862 0.5897213
0.80798185 0.19201815
0.9181056 0.081894405
0.83221227 0.1677877
0.014439084 0.98556095
0.9999999 6.7101375e-08
0.99414897 0.0058510085
0.34825438 0.6517457
0.98883444 0.011165504
0.84048074 0.15951921
0.10439646 0.89560354
0.81448555 0.18551442
0.15249014 0.8475099
0.9955562 0.004443876
0.8696272 0.13037288
0.9999918 8.200529e-06
0.9641933 0.035806738
0.42651382 0.57348615
0.7607238 0.23927614
0.8911014 0.10889858
0.9862324 0.01376756
0.74878967 0.25121036
0.93840945 0.061590586
0.8750192 0.1249808
0.98581195 0.014188085
0.54500496 0.45499504
0.82831836 0.1716816
0.96643025 0.03356973
0.999816 0.00018405973
0.96676683 0.033233166
0.9815606 0.018439487
0.87551373 0.12448627
0.9328165 0.067183524
0.10180902 0.898191
0.8030861 0.19691388
2.656269e-05 0.9999734
0.898441 0.10155898
0.83713114 0.16286892
0.08050436 0.9194956
0.09122037 0.90877956
0.6546249 0.34537512
0.94578683 0.054213177
0.59876364 0.40123636
0.37549123 0.6245088
0.16995786 0.8300422
0.98535 0.0146499295
0.9995322 0.0004678121
0.61171895 0.38828102
0.77861404 0.22138594
0.08085769 0.91914237
0.28195944 0.7180406
0.29568294 0.7043171
0.063062645 0.93693733
0.35083935 0.6491607
0.85173726 0.14826268
0.8702911 0.12970889
0.9998684 0.00013156615
0.99633336 0.0036665744
0.9549397 0.04506025
0.21933301 0.780667
0.5733909 0.42660907
0.6427865 0.35721356
0.92334867 0.07665129
0.6852267 0.31477338
0.9671764 0.032823592
0.8587593 0.1412407
0.9837039 0.016296024
0.7760499 0.2239501
0.6700655 0.32993442
0.5444385 0.4555615
0.99991786 8.213898e-05
0.027971234 0.97202873
0.9949857 0.005014351
0.23975523 0.7602448
0.18325114 0.81674886
0.92373914 0.07626084
0.9983342 0.0016657939
0.6993802 0.30061987
0.99998 2.0070234e-05
0.99786 0.002140005
0.9883748 0.011625184
0.99755657 0.0024433937
0.2418849 0.7581151
0.7252538 0.27474618
0.82357615 0.17642388
0.96613896 0.033861034
0.06633267 0.93366736
0.45501354 0.54498655
0.83636767 0.16363233
0.7209395 0.27906045
0.9995449 0.00045499543
0.8986694 0.10133065
0.9992735 0.000726511
0.85450596 0.145494
0.99894685 0.0010532256
0.96676874 0.033231236
0.84352374 0.15647629
0.2258579 0.7741421
0.007354691 0.99264526
0.3811606 0.6188394
0.9998287 0.00017125363
0.9999976 2.4048018e-06
0.017263943 0.982736
0.88323784 0.11676211
0.80545324 0.19454674
0.6346011 0.36539888
0.7151127 0.28488725
0.03120405 0.9687959
0.3173778 0.68262225
0.38939944 0.6106006
0.4171608 0.5828392
0.9930091 0.00699095
0.96726036 0.032739628
0.31576923 0.68423074
0.99654144 0.0034585553
0.4120976 0.5879024
0.90018874 0.09981126
0.7987288 0.20127116
0.03258991 0.96741
0.34334746 0.65665257
0.04514044 0.9548595
0.113439396 0.8865606
0.81292003 0.18707995
0.03640718 0.96359277
0.94914144 0.050858594
0.98962605 0.010373971
0.9942211 0.005778901
0.8693466 0.13065338
0.15748364 0.8425164
0.92767316 0.07232679
0.24500518 0.75499475
0.9336671 0.066332825
0.5584692 0.44153085
0.50832003 0.49167997
0.95110595 0.048893996
0.9959253 0.0040746783
0.36231747 0.63768256
0.9538833 0.046116672
0.63235795 0.36764202
0.87666506 0.12333499
0.012624479 0.9873755
0.03140962 0.96859044
0.20164734 0.7983527
0.99873 0.0012700368
0.9884724 0.01152754
0.8068673 0.19313273
0.8943484 0.10565163
0.9460601 0.053939927
0.6121596 0.3878404
0.2915799 0.7084201
0.61245364 0.38754633
0.6151217 0.38487828
0.8481645 0.15183556
0.08304152 0.9169585
0.19328324 0.80671674
0.5872449 0.41275504
0.8815997 0.11840028
0.94325954 0.056740433
0.9998605 0.00013949315
0.93169487 0.06830507
0.24301352 0.7569865
0.9239697 0.07603035
0.97144586 0.028554123
0.100624785 0.89937514
0.8625831 0.13741682
0.87282956 0.12717037
0.9992536 0.0007464222
0.96373314 0.036266867
0.8961845 0.10381551
0.48920363 0.51079637
0.29931197 0.70068806
0.5636896 0.4363104
0.5872449 0.41275504
0.9983802 0.0016198657
0.9789761 0.021023927
0.6576458 0.34235415
0.4996885 0.50031143
0.98712665 0.012873342
0.5872449 0.41275504
0.50819236 0.49180767
0.8282324 0.17176755
0.988372 0.011627923
0.81058216 0.18941784
0.88185966 0.11814037
0.5865069 0.41349313
0.99969697 0.0003030341
0.9965739 0.0034261018
0.8659611 0.1340389
0.95587534 0.04412463
0.9555244 0.044475608
0.74700975 0.25299028
0.999798 0.0002020522
0.6863588 0.3136412
0.99998367 1.6365715e-05
0.99715084 0.0028491793
0.7599995 0.24000049
0.8607055 0.13929449
0.51324517 0.4867548
0.5769337 0.42306635
0.99546164 0.004538324
0.81344485 0.1865551
0.9417186 0.0582814
0.8118719 0.18812814
0.9986745 0.0013255439
0.93399864 0.06600132
0.9998734 0.00012653947
0.8515532 0.14844683
0.960061 0.039938938
0.90881294 0.09118706
0.65409756 0.34590247
0.86077017 0.13922985
0.2438039 0.7561961
0.012441378 0.9875586
0.08766721 0.9123328
0.8750428 0.12495725
0.9599482 0.040051796
0.6770007 0.3229993
0.29633015 0.7036698
0.99980325 0.00019675381
0.23656192 0.7634381
0.55990565 0.4400944
0.09640464 0.9035954
0.65158206 0.348418
0.23458485 0.76541513
0.93468434 0.06531564
0.83442235 0.16557766
0.76797515 0.2320249
0.74656016 0.2534399
0.6923787 0.3076213
0.9905222 0.009477728
0.29933813 0.7006619
0.99993885 6.1184925e-05
0.69835395 0.30164602
