0.699015
0.63470614
0.67578125
0.9965114
0.018806685
0.021756295
0.26194072
0.82831615
0.7180738
0.9521456
0.90600854
0.96665823
0.42167014
0.99317217
0.34093112
0.5040565
0.9999988
0.62072223
0.4645691
0.99637055
0.9661699
0.98271286
0.9409479
0.27184135
0.92193884
0.756236
0.6728016
0.99896765
0.88541996
0.9467581
0.9994703
0.7119012
0.97884136
0.127351
0.72473705
0.9995943
0.9988242
0.812252
0.98259187
0.91156346
0.99820125
0.97574914
0.9997992
0.9573822
0.84017915
0.9999993
0.97743315
0.95823437
0.14333196
0.99838173
0.99995375
0.41275504
0.9989864
0.77123064
0.4350087
0.06660608
0.08457003
0.12945622
0.9999167
0.97012836
0.29549435
0.9902588
0.88313955
0.96244055
0.3093889
0.70484185
0.7630964
0.25962722
0.5552479
0.99916446
0.5462832
0.9733907
0.86551845
0.7828349
0.55485535
0.99493897
0.99566156
0.9491997
0.9090818
0.9994418
0.9092556
0.6574871
0.92341536
0.7680488
0.84341586
0.99844676
0.8859821
0.45021412
0.7940679
0.9743823
0.77987367
0.99314415
0.751796
0.9604794
0.71399933
0.9999279
0.66970605
0.12394959
0.99994385
0.43528014
0.9711603
0.99950147
0.99995625
0.6798789
0.7803386
0.99931705
0.8827131
0.999962
0.97822785
0.99989486
0.8283842
0.9999696
0.52668786
0.52391815
0.39202598
0.90446794
0.2743247
0.9990408
0.001544644
0.73982894
0.9945431
0.8184951
0.9942887
0.8297941
0.73678446
0.5344365
0.41275504
0.3228206
0.5332902
0.67776436
0.9999385
0.98154676
0.99972147
0.9995974
0.9171941
0.019981915
0.88218284
0.94214857
0.9849377
0.99380034
0.36663246
0.25393772
0.62895274
0.94004244
0.4295127
0.4364157
0.9999207
0.81917506
0.92238325
0.715155
0.9920859
0.9960841
0.9946582
0.40636736
0.99918073
0.96866626
0.9998703
0.99992704
0.8684557
0.9998759
0.91930604
0.36371368
0.41275504
0.9999796
0.37407094
0.6639161
0.45501152
0.77833027
0.6121824
0.06346763
0.971591
0.08722151
0.7573221
0.9989256
0.54069877
0.9870603
0.7666755
0.3942936
0.9486207
0.34022647
0.9975553
0.99991214
0.9950237
0.77146876
0.98276603
0.9700238
0.99128294
0.66160995
0.967315
0.8681122
0.996617
0.9702593
0.6032372
0.9974642
0.43582398
0.9243201
1.0786471e-05
0.99996114
0.055066545
0.96502763
0.25636476
0.9435718
0.79290086
0.8956946
0.07765034
0.7241452
0.9416092
0.8445544
0.9048321
0.94703233
0.99785346
0.99930453
0.8262997
0.29636675
0.40299666
0.99997044
0.810242
0.99977833
0.9630457
0.9664187
0.54831773
0.9999938
0.7402813
0.9984981
0.9977635
0.9449127
0.7779922
0.2507147
0.29171792
0.9891689
0.8630403
0.985889
0.56589055
0.32814276
0.22999498
0.99992824
0.6385142
0.9935416
0.99840873
0.4132871
0.99977833
0.99797887
0.4972182
0.9989716
0.99756026
0.32512337
0.005951413
0.5020515
0.9884149
0.6437613
0.99959093
0.6315511
0.13935608
0.9986671
0.0076389564
0.8842001
0.9991295
0.9340436
0.9827115
0.63729525
0.9489914
0.2882924
0.21958062
0.98170865
0.7185228
0.9993463
0.8407186
0.90999174
0.5508212
0.8832365
0.90081346
0.99980205
0.96266896
0.7047673
0.8251324
0.9986186
0.9862657
0.10412669
0.8953015
0.79418474
0.93874073
0.27685916
0.9999932
0.53299767
0.27351943
0.99954164
0.99851066
0.998955
0.9630047
0.9459086
0.4302217
0.34461036
0.18169522
0.16747811
0.47322991
0.07897063
0.025767967
0.02605149
0.3866636
0.14211015
0.1682936
0.55067134
0.004445336
0.3703421
0.33723387
0.0018268802
0.90327495
0.29479328
0.23419505
0.3910941
0.06200347
0.5918211
0.894495
0.06523711
0.035521206
0.0046987087
0.7801915
0.047915407
0.71564776
0.6116251
0.036097128
0.89894766
0.020550711
0.12991118
0.120316386
0.9151695
0.18181498
0.44075218
0.589852
0.25180003
0.41866368
0.84909856
0.72116077
0.030771554
0.1478001
0.039820585
0.19521342
0.82802606
0.798501
0.01982658
0.3014806
0.07014275
0.37925202
0.0001713629
0.0057915
0.43532813
0.00768804
0.05953045
0.78498286
0.10885139
0.14258812
0.5897213
0.19201815
0.081894405
0.1677877
0.98556095
6.7101375e-08
0.0058510085
0.6517457
0.011165504
0.15951921
0.89560354
0.18551442
0.8475099
0.004443876
0.13037288
8.200529e-06
0.035806738
0.57348615
0.23927614
0.10889858
0.01376756
0.25121036
0.061590586
0.1249808
0.014188085
0.45499504
0.1716816
0.03356973
0.00018405973
0.033233166
0.018439487
0.12448627
0.067183524
0.898191
0.19691388
0.9999734
0.10155898
0.16286892
0.9194956
0.90877956
0.34537512
0.054213177
0.40123636
0.6245088
0.8300422
0.0146499295
0.0004678121
0.38828102
0.22138594
0.91914237
0.7180406
0.7043171
0.93693733
0.6491607
0.14826268
0.12970889
0.00013156615
0.0036665744
0.04506025
0.780667
0.42660907
0.35721356
0.07665129
0.31477338
0.032823592
0.1412407
0.016296024
0.2239501
0.32993442
0.4555615
8.213898e-05
0.97202873
0.005014351
0.7602448
0.81674886
0.07626084
0.0016657939
0.30061987
2.0070234e-05
0.002140005
0.011625184
0.0024433937
0.7581151
0.27474618
0.17642388
0.033861034
0.93366736
0.54498655
0.16363233
0.27906045
0.00045499543
0.10133065
0.000726511
0.145494
0.0010532256
0.033231236
0.15647629
0.7741421
0.99264526
0.6188394
0.00017125363
2.4048018e-06
0.982736
0.11676211
0.19454674
0.36539888
0.28488725
0.9687959
0.68262225
0.6106006
0.5828392
0.00699095
0.032739628
0.68423074
0.0034585553
0.5879024
0.09981126
0.20127116
0.96741
0.65665257
0.9548595
0.8865606
0.18707995
0.96359277
0.050858594
0.010373971
0.005778901
0.13065338
0.8425164
0.07232679
0.75499475
0.066332825
0.44153085
0.49167997
0.048893996
0.0040746783
0.63768256
0.046116672
0.36764202
0.12333499
0.9873755
0.96859044
0.7983527
0.0012700368
0.01152754
0.19313273
0.10565163
0.053939927
0.3878404
0.7084201
0.38754633
0.38487828
0.15183556
0.9169585
0.80671674
0.41275504
0.11840028
0.056740433
0.00013949315
0.06830507
0.7569865
0.07603035
0.028554123
0.89937514
0.13741682
0.12717037
0.0007464222
0.036266867
0.10381551
0.51079637
0.70068806
0.4363104
0.41275504
0.0016198657
0.021023927
0.34235415
0.50031143
0.012873342
0.41275504
0.49180767
0.17176755
0.011627923
0.18941784
0.11814037
0.41349313
0.0003030341
0.0034261018
0.1340389
0.04412463
0.044475608
0.25299028
0.0002020522
0.3136412
1.6365715e-05
0.0028491793
0.24000049
0.13929449
0.4867548
0.42306635
0.004538324
0.1865551
0.0582814
0.18812814
0.0013255439
0.06600132
0.00012653947
0.14844683
0.039938938
0.09118706
0.34590247
0.13922985
0.7561961
0.9875586
0.9123328
0.12495725
0.040051796
0.3229993
0.7036698
0.00019675381
0.7634381
0.4400944
0.9035954
0.348418
0.76541513
0.06531564
0.16557766
0.2320249
0.2534399
0.3076213
0.009477728
0.7006619
6.1184925e-05
0.30164602
