0.004224078 0.995776
1.613735e-05 0.9999839
0.19164923 0.80835074
0.24665731 0.7533427
0.011762158 0.9882379
0.6301907 0.36980936
0.002246589 0.99775344
1.7208124e-05 0.99998283
0.113014735 0.88698524
0.06253736 0.9374626
0.74636364 0.25363633
0.01360717 0.9863928
0.005875668 0.99412435
0.004972969 0.995027
0.52466875 0.47533125
0.27401495 0.72598505
0.00059773086 0.9994023
0.25434092 0.74565905
0.26165113 0.73834884
0.00043405496 0.9995659
0.05920098 0.940799
7.096877e-05 0.9999291
0.77946514 0.22053483
0.0042168396 0.9957832
3.29659e-06 0.99999666
0.89383155 0.10616851
0.31379506 0.6862049
0.05979521 0.9402048
0.6910188 0.30898115
0.5908835 0.4091165
0.00043094036 0.999569
1.3016581e-06 0.9999987
0.18246801 0.81753194
0.88873446 0.111265585
0.85318613 0.14681387
0.4322674 0.5677326
0.003842969 0.996157
0.0026339865 0.997366
0.84443337 0.15556663
6.829706e-05 0.9999317
0.025085976 0.9749141
0.2389386 0.76106143
0.1340261 0.86597395
0.13111441 0.8688856
0.5511433 0.4488567
0.1474877 0.85251224
0.43410128 0.5658988
0.22444367 0.7755563
0.27097997 0.72902
0.95938957 0.040610462
0.43712193 0.5628781
0.0007984321 0.9992016
0.9134898 0.08651024
0.0012180872 0.99878186
5.811173e-06 0.99999416
0.007190826 0.9928092
0.048497893 0.9515021
0.0001865615 0.9998135
0.009120965 0.9908791
0.52566886 0.47433114
0.00023441951 0.9997656
0.026626702 0.9733733
0.9072296 0.09277033
0.90942216 0.09057786
0.11530966 0.88469034
0.0046023424 0.9953976
2.9453546e-05 0.99997056
0.015572723 0.9844273
0.030863497 0.9691365
0.9646622 0.03533782
0.96330386 0.036696095
0.57503796 0.42496207
0.009295817 0.9907041
0.17397656 0.8260234
0.0059021567 0.9940978
0.00011465118 0.9998853
0.1023891 0.89761084
0.00029718393 0.99970275
0.00024023344 0.99975973
0.003960588 0.9960394
0.06662691 0.93337315
1.1520645e-08 1.0
0.00018344581 0.9998166
0.6747886 0.3252114
0.938646 0.06135402
2.3871004e-05 0.99997616
0.9407842 0.059215777
0.14546512 0.85453486
0.963722 0.03627807
0.9863853 0.013614712
0.031906806 0.9680932
0.3899078 0.6100922
0.12149797 0.8785021
0.0004371254 0.9995629
0.45194545 0.5480546
0.00017760468 0.99982244
0.040768594 0.9592314
0.010387299 0.98961264
0.85538924 0.1446108
2.8281345e-06 0.99999714
0.00034329394 0.9996567
0.026114818 0.97388524
0.00024320386 0.99975675
0.6676492 0.33235073
0.120029524 0.8799705
0.1547524 0.84524757
3.8870458e-05 0.99996114
0.007629964 0.99237
0.16207826 0.83792174
0.7522256 0.24777444
0.004076711 0.9959233
0.56657356 0.43342647
0.24028201 0.75971794
0.049773593 0.95022637
0.008228973 0.99177104
4.509419e-05 0.99995494
0.07468381 0.9253162
0.19086874 0.8091312
0.102632694 0.89736736
0.8495671 0.15043284
0.2468515 0.7531485
0.00015894584 0.999841
0.014957465 0.9850425
0.15810263 0.84189737
1.18503585e-05 0.9999882
1.1449503e-06 0.9999988
0.77479786 0.22520214
0.0005194163 0.99948066
0.08074311 0.91925687
0.00029812608 0.9997018
0.13319097 0.86680895
0.0002409535 0.999759
0.008057295 0.99194276
0.016306233 0.9836938
0.0046620327 0.99533796
1.649898e-05 0.99998355
0.0010188237 0.9989812
2.3527622e-09 1.0
0.07223779 0.9277622
0.85941887 0.14058112
0.82263726 0.17736278
0.06863487 0.9313651
0.009405771 0.99059415
0.032365188 0.9676348
0.720062 0.27993798
0.60744643 0.39255357
0.041211337 0.9587887
0.107435465 0.89256454
0.9179794 0.08202052
0.5545904 0.44540957
0.01726439 0.98273563
0.99498874 0.005011259
0.920065 0.07993499
7.3612983e-07 0.9999993
9.054828e-08 0.9999999
0.0021096054 0.9978904
0.023331052 0.976669
0.00017544405 0.9998246
0.959616 0.040384043
0.0010592737 0.99894077
0.00050577923 0.9994942
0.0034074616 0.99659246
0.17110004 0.8289
0.3932212 0.6067788
0.017704228 0.9822957
0.080364145 0.91963583
0.0990696 0.9009304
0.0028743641 0.9971257
8.287722e-05 0.99991715
0.4987421 0.50125784
1.9305473e-07 0.99999976
0.19291681 0.8070832
0.08687725 0.9131227
0.022793753 0.97720623
0.00220808 0.9977919
0.0011880378 0.99881196
2.6225513e-07 0.99999976
0.0075158793 0.99248415
0.01860803 0.98139197
0.116102435 0.8838976
0.0048068115 0.99519324
0.20610845 0.7938916
0.0017852444 0.99821484
0.86543244 0.13456757
0.3807059 0.61929417
0.36233237 0.6376676
0.59173393 0.40826613
0.054791257 0.94520867
0.97683483 0.023165248
0.9389338 0.061066233
0.038292445 0.9617076
0.06912241 0.93087757
0.013162612 0.9868374
0.84433836 0.15566161
0.13553229 0.86446774
0.84514093 0.15485907
0.22468936 0.7753106
0.028760456 0.97123957
0.00059937814 0.9994006
0.0138743175 0.98612565
0.2631893 0.73681074
0.7476811 0.2523189
8.742185e-05 0.9999126
0.7441609 0.25583908
0.00078494754 0.999215
0.3000869 0.6999131
0.24187312 0.75812685
0.83232373 0.16767631
0.00092070515 0.9990792
0.7150254 0.28497455
6.0003813e-10 1.0
0.99632496 0.0036750678
0.00024912064 0.9997509
0.0039236937 0.9960763
0.012570607 0.98742944
0.059614856 0.94038516
3.3643959e-09 1.0
0.0034419582 0.996558
0.0009307967 0.9990693
0.8208276 0.17917234
0.0027954106 0.9972046
0.19017668 0.8098234
2.8065845e-09 1.0
0.0012152478 0.9987847
0.23552261 0.7644774
0.0032906577 0.99670935
0.97326434 0.026735635
0.06514781 0.9348522
0.93565214 0.06434782
0.0016681087 0.99833196
0.0303791 0.9696209
0.00024864083 0.9997514
0.09498181 0.90501815
0.15203182 0.84796816
4.585149e-05 0.9999541
0.06554001 0.93446
4.8232773e-06 0.99999523
0.005981969 0.9940181
0.021508196 0.9784918
0.0020576369 0.9979424
0.08061049 0.9193895
0.20115523 0.79884475
0.023087595 0.9769124
0.9765381 0.023461925
0.23665328 0.76334673
0.007826235 0.9921738
0.5810551 0.41894493
0.7382905 0.26170948
0.04137214 0.9586278
0.7663464 0.23365355
0.0030368501 0.9969631
0.046168525 0.95383143
0.019535484 0.98046446
0.32812694 0.6718731
0.0030953195 0.9969047
0.8976343 0.10236573
0.54821235 0.45178768
0.006934683 0.99306524
0.06427437 0.9357256
0.5626742 0.43732575
0.0005352058 0.9994648
0.1791975 0.8208025
0.050883032 0.94911695
0.7448471 0.25515297
0.115427904 0.88457215
0.0124266045 0.9875733
0.49386027 0.50613976
0.032762453 0.9672375
0.94311714 0.056882855
0.003960588 0.9960394
0.035825823 0.96417415
0.0012068499 0.9987931
3.7629194e-05 0.99996233
0.018222252 0.9817778
0.004478896 0.99552107
0.08476299 0.91523695
0.12900047 0.8709996
0.0021557277 0.9978442
0.5242874 0.4757126
2.2461618e-08 1.0
0.0013353766 0.9986646
0.0045930767 0.995407
0.18191572 0.81808424
0.0585424 0.94145757
0.0074206246 0.9925794
0.08659623 0.91340375
4.8534763e-05 0.9999515
1.1199444e-06 0.9999989
0.02521407 0.9747859
0.0071148337 0.9928852
0.00035100736 0.99964905
0.6538288 0.34617123
0.9956917 0.004308289
0.9576266 0.04237334
0.98493433 0.015065607
0.43730864 0.5626914
0.93050987 0.069490075
0.94651526 0.053484745
0.05047039 0.9495296
0.90026724 0.09973276
0.78244233 0.21755765
0.9884205 0.0115795685
0.49272132 0.5072787
0.9719292 0.028070841
0.9428837 0.057116345
0.66664815 0.33335182
0.95486724 0.045132726
0.01638216 0.9836179
0.99489766 0.005102318
0.9654109 0.034589067
0.05349321 0.94650686
0.9975695 0.0024304595
0.9450474 0.05495259
0.9497376 0.05026239
0.9296645 0.07033552
0.8488277 0.15117224
0.8435102 0.15648971
0.98406595 0.01593404
0.088886775 0.91111326
0.51814646 0.4818535
0.9840667 0.015933225
0.99203 0.0079700025
0.8829152 0.11708482
0.81870335 0.18129669
0.9801618 0.01983818
0.70599467 0.29400536
1.5639149e-05 0.9999844
0.8164916 0.18350837
0.07323608 0.9267639
0.99304914 0.006950858
0.9531627 0.046837293
0.92486805 0.07513192
0.9785204 0.021479564
0.81565636 0.1843436
0.66811496 0.33188507
0.19399947 0.8060005
0.75423646 0.24576353
0.020995427 0.9790046
0.11575846 0.8842416
0.5440587 0.45594132
0.62287563 0.37712437
0.8385919 0.16140813
0.9191323 0.080867715
0.9843242 0.01567577
0.856871 0.14312898
0.31917366 0.6808263
0.9795616 0.020438394
0.5268852 0.4731148
0.2883017 0.7116983
0.32173657 0.6782634
0.8805011 0.11949884
0.84565115 0.15434888
0.18063387 0.8193661
0.06057987 0.9394201
0.8866917 0.11330826
0.9506522 0.049347788
0.9922484 0.007751571
0.6696853 0.3303147
0.15729895 0.8427011
0.93919235 0.060807653
0.71698356 0.2830164
0.9108018 0.08919819
0.7480386 0.25196135
0.86041963 0.13958032
0.95262206 0.047377896
0.8980589 0.1019411
0.70506907 0.2949309
0.8587088 0.14129117
0.525532 0.47446793
0.78827655 0.21172348
0.10978339 0.8902166
0.91474116 0.085258834
0.9987723 0.0012276683
0.33804938 0.66195065
0.48623934 0.51376057
0.63581043 0.36418957
0.9645565 0.03544352
0.03316766 0.9668324
0.9541708 0.04582914
0.9648999 0.035100132
0.8524492 0.14755082
0.5352222 0.46477786
0.98782337 0.012176651
0.9993826 0.0006173946
0.6870207 0.31297928
0.03128763 0.96871233
0.09923158 0.90076846
0.95865315 0.041346908
0.94238 0.05761994
0.37109706 0.6289029
0.9250842 0.07491581
0.9407016 0.059298363
0.90819573 0.09180428
0.6108713 0.38912866
0.08049741 0.91950256
0.24667369 0.7533263
0.15196976 0.8480302
0.63855124 0.36144876
0.73294383 0.26705614
0.9099547 0.0900453
0.07805718 0.9219428
0.9480381 0.051961925
0.033684913 0.96631503
0.81258625 0.18741377
0.4988974 0.5011026
0.979933 0.020066993
0.95087564 0.04912437
0.9988655 0.0011345937
0.99880457 0.0011953982
0.8746388 0.12536128
0.9877322 0.012267837
0.9999651 3.4928395e-05
0.6094449 0.39055505
0.30346364 0.6965364
0.9952114 0.004788609
0.0376064 0.96239364
0.9104891 0.08951093
0.4862974 0.51370263
0.9783664 0.02163366
0.9435198 0.056480195
0.9651027 0.034897253
0.7413791 0.25862092
0.7907574 0.20924255
0.8524492 0.14755082
0.95363104 0.04636896
0.86419976 0.13580023
0.9581074 0.041892573
0.9998828 0.00011712421
0.016717562 0.9832825
0.939189 0.060810972
0.1964415 0.8035585
0.8979405 0.10205947
0.9191708 0.080829196
0.98987865 0.010121287
0.9685772 0.031422786
0.33628896 0.663711
0.9645726 0.035427414
0.78982913 0.21017084
0.99565804 0.0043419823
0.26306832 0.7369317
0.7911906 0.20880936
0.8887238 0.111276194
0.93950844 0.060491487
0.016479988 0.98352
0.0014900416 0.99850994
0.9941876 0.0058124326
0.8348538 0.16514616
0.115171306 0.8848287
0.09760203 0.902398
0.0005131681 0.9994868
0.9279993 0.07200071
0.9264636 0.0735364
0.8377763 0.16222368
0.19074541 0.8092545
0.25419343 0.7458065
0.9996667 0.00033334582
0.21908711 0.7809129
0.99188274 0.008117237
0.96286047 0.037139565
0.04965622 0.95034385
0.8279161 0.1720839
0.89434296 0.10565703
0.75434774 0.24565224
0.89868355 0.10131649
0.08481745 0.91518253
0.6819135 0.3180865
0.6169719 0.38302806
0.7900336 0.20996648
0.9299144 0.07008562
0.61136204 0.38863796
0.011499679 0.98850024
0.92074615 0.07925381
0.5286578 0.47134218
0.0072910027 0.9927089
0.589639 0.41036102
0.63293207 0.367068
0.9565989 0.043401103
0.34816962 0.6518303
0.98573905 0.0142609775
0.8718742 0.12812577
0.9225636 0.07743637
0.32540494 0.674595
0.99867404 0.00132604
0.973152 0.02684798
0.54842025 0.45157978
0.99392724 0.006072743
0.722126 0.27787396
0.0048531094 0.99514693
0.04854648 0.9514535
0.8015989 0.19840111
0.3997657 0.60023427
0.05391251 0.94608754
0.9090682 0.09093179
0.94206095 0.057939034
0.39094874 0.6090513
0.9871601 0.012839894
0.27465665 0.7253434
0.9738656 0.026134335
0.22682999 0.77316993
0.20002577 0.7999742
2.365311e-07 0.99999976
0.99819833 0.0018016703
0.7303217 0.26967826
0.84162945 0.15837052
0.8371303 0.16286977
0.7289291 0.27107093
0.70060104 0.29939896
0.9779634 0.022036592
0.6653266 0.3346734
0.00685292 0.9931471
0.8705952 0.12940477
0.49211556 0.5078844
0.8957162 0.104283735
0.022794986 0.977205
0.15913352 0.84086645
0.9544641 0.04553591
0.92591923 0.074080706
0.39395803 0.6060419
0.8881314 0.111868575
0.055226017 0.94477403
0.9746484 0.025351556
0.64476013 0.35523984
0.8522788 0.14772114
0.68952495 0.31047508
0.92228234 0.07771764
0.9812455 0.018754462
0.7677702 0.2322298
0.021670157 0.97832984
0.48096222 0.5190378
0.4900269 0.5099731
0.14493592 0.8550641
0.6973751 0.30262494
0.527327 0.47267297
0.8200561 0.17994393
0.7436516 0.2563484
0.15082999 0.8491701
0.18275619 0.8172438
0.91909444 0.08090558
0.033295818 0.96670413
0.8940514 0.10594863
0.9534908 0.046509188
0.9920127 0.007987277
0.4813731 0.51862687
0.99441755 0.0055824714
0.7326539 0.2673461
0.7381132 0.26188684
0.8913951 0.108604915
0.98555344 0.014446542
0.009503243 0.99049675
0.83359027 0.1664097
0.57195735 0.42804268
0.91999185 0.08000814
0.7028519 0.29714814
0.00018061518 0.99981946
0.97731143 0.0226886
0.74475557 0.25524443
0.17592846 0.8240715
0.9248074 0.07519255
0.707438 0.292562
0.92665535 0.07334461
0.8839167 0.116083264
0.8956407 0.104359336
0.09077098 0.90922904
0.21926108 0.78073895
0.6100579 0.38994214
0.25488952 0.74511045
0.006495078 0.9935049
0.92871296 0.071287036
0.8458583 0.1541418
0.8375752 0.16242479
0.027856056 0.97214395
0.8218184 0.17818162
0.38993403 0.610066
0.9291382 0.07086177
0.023377491 0.97662246
0.93321466 0.0667853
0.1882752 0.81172484
0.94329613 0.056703903
0.77351516 0.2264848
0.9395858 0.06041423
0.8121317 0.18786836
0.01316273 0.98683727
0.8862458 0.11375422
0.40237018 0.5976298
