0.995776
0.9999839
0.80835074
0.7533427
0.9882379
0.36980936
0.99775344
0.99998283
0.88698524
0.9374626
0.25363633
0.9863928
0.99412435
0.995027
0.47533125
0.72598505
0.9994023
0.74565905
0.73834884
0.9995659
0.940799
0.9999291
0.22053483
0.9957832
0.99999666
0.10616851
0.6862049
0.9402048
0.30898115
0.4091165
0.999569
0.9999987
0.81753194
0.111265585
0.14681387
0.5677326
0.996157
0.997366
0.15556663
0.9999317
0.9749141
0.76106143
0.86597395
0.8688856
0.4488567
0.85251224
0.5658988
0.7755563
0.72902
0.040610462
0.5628781
0.9992016
0.08651024
0.99878186
0.99999416
0.9928092
0.9515021
0.9998135
0.9908791
0.47433114
0.9997656
0.9733733
0.09277033
0.09057786
0.88469034
0.9953976
0.99997056
0.9844273
0.9691365
0.03533782
0.036696095
0.42496207
0.9907041
0.8260234
0.9940978
0.9998853
0.89761084
0.99970275
0.99975973
0.9960394
0.93337315
1.0
0.9998166
0.3252114
0.06135402
0.99997616
0.059215777
0.85453486
0.03627807
0.013614712
0.9680932
0.6100922
0.8785021
0.9995629
0.5480546
0.99982244
0.9592314
0.98961264
0.1446108
0.99999714
0.9996567
0.97388524
0.99975675
0.33235073
0.8799705
0.84524757
0.99996114
0.99237
0.83792174
0.24777444
0.9959233
0.43342647
0.75971794
0.95022637
0.99177104
0.99995494
0.9253162
0.8091312
0.89736736
0.15043284
0.7531485
0.999841
0.9850425
0.84189737
0.9999882
0.9999988
0.22520214
0.99948066
0.91925687
0.9997018
0.86680895
0.999759
0.99194276
0.9836938
0.99533796
0.99998355
0.9989812
1.0
0.9277622
0.14058112
0.17736278
0.9313651
0.99059415
0.9676348
0.27993798
0.39255357
0.9587887
0.89256454
0.08202052
0.44540957
0.98273563
0.005011259
0.07993499
0.9999993
0.9999999
0.9978904
0.976669
0.9998246
0.040384043
0.99894077
0.9994942
0.99659246
0.8289
0.6067788
0.9822957
0.91963583
0.9009304
0.9971257
0.99991715
0.50125784
0.99999976
0.8070832
0.9131227
0.97720623
0.9977919
0.99881196
0.99999976
0.99248415
0.98139197
0.8838976
0.99519324
0.7938916
0.99821484
0.13456757
0.61929417
0.6376676
0.40826613
0.94520867
0.023165248
0.061066233
0.9617076
0.93087757
0.9868374
0.15566161
0.86446774
0.15485907
0.7753106
0.97123957
0.9994006
0.98612565
0.73681074
0.2523189
0.9999126
0.25583908
0.999215
0.6999131
0.75812685
0.16767631
0.9990792
0.28497455
1.0
0.0036750678
0.9997509
0.9960763
0.98742944
0.94038516
1.0
0.996558
0.9990693
0.17917234
0.9972046
0.8098234
1.0
0.9987847
0.7644774
0.99670935
0.026735635
0.9348522
0.06434782
0.99833196
0.9696209
0.9997514
0.90501815
0.84796816
0.9999541
0.93446
0.99999523
0.9940181
0.9784918
0.9979424
0.9193895
0.79884475
0.9769124
0.023461925
0.76334673
0.9921738
0.41894493
0.26170948
0.9586278
0.23365355
0.9969631
0.95383143
0.98046446
0.6718731
0.9969047
0.10236573
0.45178768
0.99306524
0.9357256
0.43732575
0.9994648
0.8208025
0.94911695
0.25515297
0.88457215
0.9875733
0.50613976
0.9672375
0.056882855
0.9960394
0.96417415
0.9987931
0.99996233
0.9817778
0.99552107
0.91523695
0.8709996
0.9978442
0.4757126
1.0
0.9986646
0.995407
0.81808424
0.94145757
0.9925794
0.91340375
0.9999515
0.9999989
0.9747859
0.9928852
0.99964905
0.34617123
0.004308289
0.04237334
0.015065607
0.5626914
0.069490075
0.053484745
0.9495296
0.09973276
0.21755765
0.0115795685
0.5072787
0.028070841
0.057116345
0.33335182
0.045132726
0.9836179
0.005102318
0.034589067
0.94650686
0.0024304595
0.05495259
0.05026239
0.07033552
0.15117224
0.15648971
0.01593404
0.91111326
0.4818535
0.015933225
0.0079700025
0.11708482
0.18129669
0.01983818
0.29400536
0.9999844
0.18350837
0.9267639
0.006950858
0.046837293
0.07513192
0.021479564
0.1843436
0.33188507
0.8060005
0.24576353
0.9790046
0.8842416
0.45594132
0.37712437
0.16140813
0.080867715
0.01567577
0.14312898
0.6808263
0.020438394
0.4731148
0.7116983
0.6782634
0.11949884
0.15434888
0.8193661
0.9394201
0.11330826
0.049347788
0.007751571
0.3303147
0.8427011
0.060807653
0.2830164
0.08919819
0.25196135
0.13958032
0.047377896
0.1019411
0.2949309
0.14129117
0.47446793
0.21172348
0.8902166
0.085258834
0.0012276683
0.66195065
0.51376057
0.36418957
0.03544352
0.9668324
0.04582914
0.035100132
0.14755082
0.46477786
0.012176651
0.0006173946
0.31297928
0.96871233
0.90076846
0.041346908
0.05761994
0.6289029
0.07491581
0.059298363
0.09180428
0.38912866
0.91950256
0.7533263
0.8480302
0.36144876
0.26705614
0.0900453
0.9219428
0.051961925
0.96631503
0.18741377
0.5011026
0.020066993
0.04912437
0.0011345937
0.0011953982
0.12536128
0.012267837
3.4928395e-05
0.39055505
0.6965364
0.004788609
0.96239364
0.08951093
0.51370263
0.02163366
0.056480195
0.034897253
0.25862092
0.20924255
0.14755082
0.04636896
0.13580023
0.041892573
0.00011712421
0.9832825
0.060810972
0.8035585
0.10205947
0.080829196
0.010121287
0.031422786
0.663711
0.035427414
0.21017084
0.0043419823
0.7369317
0.20880936
0.111276194
0.060491487
0.98352
0.99850994
0.0058124326
0.16514616
0.8848287
0.902398
0.9994868
0.07200071
0.0735364
0.16222368
0.8092545
0.7458065
0.00033334582
0.7809129
0.008117237
0.037139565
0.95034385
0.1720839
0.10565703
0.24565224
0.10131649
0.91518253
0.3180865
0.38302806
0.20996648
0.07008562
0.38863796
0.98850024
0.07925381
0.47134218
0.9927089
0.41036102
0.367068
0.043401103
0.6518303
0.0142609775
0.12812577
0.07743637
0.674595
0.00132604
0.02684798
0.45157978
0.006072743
0.27787396
0.99514693
0.9514535
0.19840111
0.60023427
0.94608754
0.09093179
0.057939034
0.6090513
0.012839894
0.7253434
0.026134335
0.77316993
0.7999742
0.99999976
0.0018016703
0.26967826
0.15837052
0.16286977
0.27107093
0.29939896
0.022036592
0.3346734
0.9931471
0.12940477
0.5078844
0.104283735
0.977205
0.84086645
0.04553591
0.074080706
0.6060419
0.111868575
0.94477403
0.025351556
0.35523984
0.14772114
0.31047508
0.07771764
0.018754462
0.2322298
0.97832984
0.5190378
0.5099731
0.8550641
0.30262494
0.47267297
0.17994393
0.2563484
0.8491701
0.8172438
0.08090558
0.96670413
0.10594863
0.046509188
0.007987277
0.51862687
0.0055824714
0.2673461
0.26188684
0.108604915
0.014446542
0.99049675
0.1664097
0.42804268
0.08000814
0.29714814
0.99981946
0.0226886
0.25524443
0.8240715
0.07519255
0.292562
0.07334461
0.116083264
0.104359336
0.90922904
0.78073895
0.38994214
0.74511045
0.9935049
0.071287036
0.1541418
0.16242479
0.97214395
0.17818162
0.610066
0.07086177
0.97662246
0.0667853
0.81172484
0.056703903
0.2264848
0.06041423
0.18786836
0.98683727
0.11375422
0.5976298
