0.11801371 0.8819863
1.4730776e-05 0.9999852
0.9203521 0.07964796
0.10949809 0.8905019
0.0003281144 0.99967194
0.05020669 0.94979334
0.01623344 0.98376656
0.051474333 0.9485256
0.136732 0.86326796
0.00094139046 0.99905866
0.85808104 0.14191893
0.03941465 0.9605853
0.84085596 0.15914401
0.13774087 0.86225915
0.29895666 0.70104337
0.36544663 0.6345533
0.009513127 0.9904869
0.9942291 0.005770981
0.07474549 0.9252545
0.026485937 0.9735141
0.05275498 0.94724506
0.14294086 0.8570592
0.14956355 0.85043645
0.0014784778 0.9985215
0.08682799 0.913172
0.23113051 0.76886946
0.006396887 0.99360317
0.04489026 0.9551098
0.20839058 0.79160947
0.90557146 0.09442853
0.15210097 0.8478991
0.0016537437 0.9983462
0.001674523 0.9983255
0.8779119 0.12208816
0.290987 0.7090129
0.29156202 0.7084379
0.21169247 0.7883076
0.009364065 0.99063593
2.1438831e-08 1.0
0.9396368 0.060363196
1.0758917e-05 0.9999893
0.009809029 0.990191
0.027735896 0.9722641
0.04870911 0.9512909
0.00071274856 0.9992873
0.24688412 0.75311583
0.7830057 0.21699429
0.32783476 0.6721653
0.18333538 0.8166646
0.036015667 0.9639843
0.47013146 0.5298685
0.16086027 0.83913976
0.21882729 0.7811727
0.26062387 0.7393761
0.081383884 0.9186162
0.00054542895 0.99945456
0.98437494 0.015625067
0.0028965222 0.9971035
0.01639692 0.9836031
0.12510039 0.8748997
1.4848149e-05 0.9999851
0.23355366 0.76644635
3.60536e-05 0.999964
3.8223266e-06 0.9999962
0.093229584 0.90677035
0.0037228896 0.99627703
0.35044292 0.6495571
0.73748547 0.2625145
0.08572019 0.9142798
0.9697205 0.030279456
0.6752783 0.3247217
0.01577751 0.9842225
0.07091884 0.9290812
0.016199064 0.98380095
0.10706372 0.8929363
0.048221037 0.951779
0.011562215 0.98843783
0.0033930356 0.99660695
0.008134337 0.9918657
0.78448516 0.21551482
0.027485318 0.9725146
0.0370243 0.9629756
0.003427473 0.9965725
0.005500101 0.9944999
0.013412003 0.98658794
0.014245683 0.9857544
0.017819405 0.9821806
0.54374045 0.45625952
0.12706402 0.872936
0.013893909 0.98610604
0.14141363 0.8585864
0.9380708 0.061929207
0.00014236885 0.99985766
0.85960865 0.1403913
0.9646693 0.035330717
0.000113752125 0.9998863
0.28303266 0.71696734
0.00046140773 0.99953866
0.017585736 0.9824142
5.451905e-05 0.9999455
0.9970018 0.0029981162
0.003417162 0.9965828
0.007431654 0.9925684
0.008314065 0.9916859
0.16947794 0.830522
0.0037138313 0.99628615
0.04537519 0.95462483
0.018862486 0.9811375
0.10306194 0.8969381
1.7521395e-05 0.9999825
0.07921832 0.9207816
0.0045500407 0.99544996
0.33729747 0.66270256
0.0006734148 0.9993266
0.90660155 0.09339851
0.000788282 0.99921167
0.007877179 0.9921228
2.4491294e-05 0.99997556
0.0025738517 0.9974261
0.021199806 0.9788002
3.720475e-06 0.9999963
0.41174248 0.58825755
0.3408276 0.65917236
0.26016337 0.73983663
0.15301591 0.846984
0.02777513 0.9722249
0.13537188 0.8646281
0.49540037 0.5045996
0.80312526 0.19687471
0.124409474 0.8755905
0.08164514 0.91835487
0.2460307 0.7539693
0.15145625 0.8485437
0.9736104 0.026389549
0.0013029273 0.9986971
0.22966194 0.77033806
0.78672266 0.2132774
1.1063753e-05 0.9999889
0.0056948634 0.9943051
0.00013259918 0.99986744
0.42473114 0.57526886
0.028788492 0.9712115
0.34096035 0.6590396
0.022110866 0.9778892
0.07253187 0.9274681
0.65634906 0.34365103
1.2715059e-05 0.99998724
9.842402e-06 0.9999901
0.060260706 0.9397393
6.5985594e-05 0.99993396
0.13924782 0.86075217
0.17600621 0.8239938
0.27264977 0.7273503
0.041752916 0.95824707
0.14752865 0.85247135
0.8513363 0.14866371
0.14663689 0.8533631
0.37938434 0.6206156
0.9806379 0.019362146
0.1316091 0.86839086
0.002011122 0.9979888
0.0045118057 0.9954882
0.02556933 0.97443074
0.00078375236 0.9992162
0.6238787 0.3761213
0.9128563 0.08714374
0.30322075 0.6967793
0.00969006 0.99031
0.42532852 0.57467145
0.5363866 0.46361333
0.116138674 0.88386136
0.0028659739 0.997134
0.08918769 0.9108123
0.6296426 0.37035742
0.015405461 0.9845946
0.13165927 0.86834073
0.00058530894 0.9994147
0.22258951 0.77741045
0.04381894 0.95618105
0.14181712 0.85818285
0.0037807387 0.99621934
0.08391054 0.9160894
0.16177116 0.8382289
0.9982451 0.0017549486
6.7364645e-06 0.9999932
2.0402176e-05 0.9999796
0.14878227 0.85121775
9.408631e-05 0.99990594
0.031206088 0.96879387
0.00078366016 0.9992163
0.00026328804 0.9997367
0.017096404 0.98290354
0.11527841 0.8847216
0.08216509 0.9178349
0.69530576 0.30469424
0.22726499 0.772735
0.23418853 0.76581144
0.20089103 0.799109
0.0270727 0.9729273
0.06233372 0.93766624
0.89977705 0.1002229
0.038801502 0.9611985
0.08913256 0.9108674
0.01829881 0.9817012
0.09007734 0.90992266
9.133175e-07 0.99999905
0.004430323 0.99556965
0.99006224 0.009937798
0.041698303 0.9583017
0.313159 0.686841
0.60370004 0.3963
0.00039616655 0.9996038
0.01860305 0.9813969
0.20835397 0.791646
0.049447566 0.9505524
0.21178453 0.78821546
0.06194657 0.93805337
0.013203076 0.986797
1.2808198e-05 0.99998724
0.059465658 0.94053435
0.04917407 0.950826
0.088157706 0.9118423
0.0074769314 0.992523
0.13280083 0.8671991
0.0010819554 0.99891806
0.0026990923 0.9973009
0.9826881 0.017311903
0.09684792 0.90315205
0.2553191 0.7446809
0.0024674651 0.9975325
0.083544105 0.9164559
0.00033382446 0.9996662
2.514213e-05 0.99997485
0.012789514 0.9872105
0.05071573 0.9492843
0.16127981 0.83872014
0.035678647 0.9643213
0.17692374 0.82307625
0.026168099 0.97383183
0.05806031 0.9419397
0.61151016 0.3884898
0.1054877 0.89451236
0.08172206 0.918278
0.14283533 0.8571647
0.015554728 0.9844453
0.33331543 0.66668457
0.39105156 0.6089484
0.48849297 0.51150703
0.9769906 0.023009442
0.03461167 0.96538836
0.006717158 0.9932828
0.00025356218 0.9997464
0.096705906 0.90329415
0.02159754 0.97840244
3.0691697e-06 0.9999969
0.23957092 0.7604291
0.000104041654 0.99989593
0.4975245 0.5024755
0.0044610677 0.9955389
0.11266296 0.8873371
0.010379533 0.98962045
0.7911463 0.20885375
0.10465435 0.8953456
0.0425809 0.95741904
0.14585482 0.8541452
0.16436864 0.8356313
0.23686008 0.7631399
1.4537561e-06 0.99999857
0.022007383 0.9779926
0.11524083 0.8847592
0.0071549057 0.9928451
0.1672535 0.8327465
1.0055973e-05 0.99999
0.00023462968 0.99976534
0.034731172 0.96526885
2.2014267e-05 0.99997795
0.0009850195 0.999015
0.5697838 0.4302162
0.084578186 0.91542184
0.121739544 0.87826043
0.0019517489 0.9980483
0.009157023 0.99084294
0.114914075 0.88508594
0.6771138 0.3228862
0.86252433 0.13747565
0.0028293168 0.99717075
0.32356673 0.67643327
0.002420618 0.9975794
0.0059338785 0.9940661
0.14447412 0.85552585
0.0016189758 0.998381
0.1986426 0.8013573
0.40866065 0.5913394
0.99607486 0.003925129
0.21512271 0.78487724
0.58513194 0.41486815
0.96770525 0.03229479
0.2730354 0.7269646
0.98626035 0.013739639
0.9946607 0.0053392984
0.10565032 0.89434963
0.9999881 1.186516e-05
0.9761317 0.023868335
0.24005623 0.75994384
0.9943051 0.0056948913
0.918804 0.08119604
0.78610706 0.21389298
0.9432829 0.056717098
0.3230169 0.6769831
0.9746329 0.025367042
0.9052769 0.094723076
0.9968172 0.0031828636
0.98759186 0.012408175
0.82394964 0.17605041
0.013076568 0.9869234
0.17432515 0.82567483
0.9974917 0.0025082617
0.2959167 0.70408326
0.9210556 0.078944325
0.06358506 0.9364149
0.20832922 0.7916708
0.97165 0.028349975
0.20725715 0.79274285
0.33629382 0.6637062
0.5561372 0.44386274
0.11122357 0.8887764
0.0012827988 0.9987172
0.079414345 0.92058563
0.9598624 0.04013763
0.9921158 0.007884216
0.9999565 4.3486005e-05
0.99955946 0.00044050397
0.052959528 0.9470405
0.7505059 0.24949406
0.9912211 0.008778939
0.9867725 0.013227583
0.8426596 0.1573404
0.050403662 0.94959635
0.40037304 0.5996269
0.99502426 0.004975745
0.9614588 0.0385412
0.93092394 0.06907603
0.9815435 0.018456573
0.99844885 0.0015511608
0.106189184 0.89381087
0.98023844 0.01976158
0.9864857 0.013514293
0.95728934 0.04271059
0.83418834 0.16581163
0.9725222 0.027477736
0.98521477 0.014785283
0.7486277 0.25137225
0.8770293 0.12297072
0.26390412 0.73609585
0.8524419 0.14755812
0.15867698 0.841323
0.25763816 0.74236184
0.95939714 0.040602844
0.7505224 0.24947764
0.9939322 0.006067797
0.8816646 0.11833545
0.9408393 0.05916065
0.9633491 0.036650907
0.8751258 0.12487412
0.97716844 0.022831576
0.8004655 0.19953452
0.99923074 0.000769242
0.9574105 0.042589515
0.72717035 0.27282962
0.1837415 0.81625855
0.99898773 0.0010122702
0.06479963 0.9352004
0.74169123 0.25830877
0.9986395 0.0013605186
0.9998461 0.00015388662
0.88234013 0.1176599
0.9171039 0.08289615
0.80656993 0.19343007
0.056304626 0.94369537
0.024650495 0.9753494
0.005376894 0.9946232
0.002666447 0.9973335
0.9977315 0.0022685556
0.93948984 0.060510114
0.80494833 0.19505171
0.98473364 0.0152664045
0.07281144 0.9271886
0.98366123 0.016338795
0.98276156 0.017238464
0.9299074 0.07009265
0.03271685 0.9672831
0.9963941 0.0036059273
0.9302421 0.06975793
0.99943095 0.0005689713
0.04907275 0.9509273
0.9980171 0.00198295
0.6108213 0.38917872
0.84055436 0.15944569
0.7671961 0.2328039
0.4547488 0.5452512
0.9822792 0.017720846
0.62136275 0.37863725
0.11929989 0.8807001
0.14028099 0.85971904
0.99773103 0.0022689807
0.0128750745 0.98712486
0.9932852 0.0067148074
7.639681e-05 0.9999236
0.9977658 0.0022342422
0.90048116 0.099518806
0.96220917 0.037790816
0.99805933 0.0019406195
0.725119 0.27488104
0.32393724 0.6760627
0.97514856 0.02485148
0.9991272 0.0008728236
0.9999943 5.7725697e-06
0.985037 0.014962968
0.97592384 0.024076175
0.30228359 0.6977164
0.99243164 0.0075682816
0.9999833 1.6630884e-05
0.8623798 0.13762018
0.8696113 0.13038865
0.008525665 0.9914744
0.9627071 0.03729287
0.9919614 0.008038581
0.09263826 0.9073617
0.9920839 0.007916154
0.8193154 0.18068464
0.20752114 0.79247886
0.98582107 0.014178855
0.88175845 0.11824154
0.9969644 0.0030355714
0.982774 0.017225945
0.7687473 0.23125263
0.9993431 0.00065687625
0.99336916 0.006630891
0.9446324 0.05536756
0.27334198 0.726658
0.99887246 0.0011274639
0.8995174 0.10048255
0.6278435 0.37215653
0.83768755 0.16231246
0.97421885 0.025781102
0.78794914 0.21205088
0.9722596 0.027740428
0.07616485 0.92383516
0.99498075 0.0050192466
0.6223049 0.37769508
0.8984567 0.10154335
0.524048 0.475952
0.84420335 0.15579666
0.7680674 0.23193255
0.9725543 0.027445657
0.01123292 0.9887671
0.88549906 0.114500925
0.5851901 0.41480985
0.88089526 0.1191047
0.73903877 0.26096123
0.9897988 0.010201257
0.012573151 0.9874269
0.96270853 0.03729142
0.41770664 0.5822934
0.9840041 0.015995916
0.9847045 0.015295492
0.7378604 0.26213965
0.99363613 0.006363939
0.9656245 0.03437552
0.8501014 0.14989859
0.8793456 0.12065439
0.9083277 0.09167225
0.9959009 0.004099041
0.9950872 0.004912839
0.955698 0.044301953
0.9992828 0.00071719475
0.89100724 0.10899268
0.993761 0.0062389583
0.7977024 0.20229761
0.9961743 0.0038257302
0.0888233 0.9111767
0.15206116 0.84793884
0.9984615 0.0015384927
0.85753804 0.14246196
0.114483766 0.8855163
0.007748377 0.9922516
0.99366015 0.0063399193
0.9250595 0.07494045
0.15950246 0.8404975
0.9988226 0.0011773345
0.35461438 0.6453857
0.60697734 0.3930227
0.18605427 0.81394565
0.9831993 0.01680074
0.87227994 0.12772007
0.85106164 0.14893834
0.9533183 0.04668167
0.99872357 0.0012764034
0.9314105 0.06858954
0.77741253 0.22258739
0.94808334 0.051916715
0.99981815 0.0001818587
0.13861325 0.8613868
0.4079778 0.59202224
0.80811703 0.19188294
0.1378904 0.86210966
0.1884489 0.81155115
0.96227807 0.037721895
0.86471385 0.13528621
0.4390811 0.56091887
0.14279707 0.8572029
0.97230035 0.027699605
0.99982303 0.00017697211
0.98146546 0.018534537
0.9989303 0.0010697688
0.95400536 0.045994677
1.0 5.228799e-09
0.7763935 0.22360651
0.9632459 0.036754154
0.802572 0.19742799
0.97282594 0.027174097
0.9100838 0.08991623
0.9465209 0.053479016
0.647891 0.35210901
0.9844168 0.015583223
0.2203866 0.77961344
0.8663244 0.13367556
0.99820006 0.0017998822
0.70643604 0.29356396
0.9260961 0.07390387
0.16960773 0.8303923
0.632436 0.367564
0.6053481 0.39465195
0.7921085 0.20789145
0.98487896 0.015120996
0.15780373 0.84219635
0.22776234 0.7722377
0.9427078 0.057292167
0.6767375 0.3232625
0.71377707 0.28622288
0.88485783 0.11514217
0.09474451 0.9052555
0.83662117 0.16337879
0.0733185 0.92668146
0.9503156 0.049684323
0.97885746 0.021142563
0.98020315 0.019796805
0.9700332 0.02996676
0.9955813 0.0044186953
0.8910795 0.10892046
0.992071 0.0079290625
0.33996597 0.66003394
0.94300306 0.05699699
0.0012548192 0.9987452
0.87271106 0.12728894
0.17531128 0.8246887
0.8329708 0.16702922
0.118357815 0.8816421
0.6558916 0.3441084
0.7521682 0.24783185
0.61644083 0.3835591
0.7832274 0.21677265
0.032447156 0.9675529
0.9974233 0.0025766776
0.74169123 0.25830877
0.04219615 0.95780385
0.808311 0.19168895
0.94288677 0.057113238
0.988675 0.011324933
0.17062455 0.8293755
0.97742873 0.022571247
0.18105339 0.81894666
0.11697785 0.8830221
0.5975745 0.40242547
0.1896979 0.8103021
0.9699546 0.030045398
0.87809074 0.12190928
0.030734483 0.96926546
0.998197 0.0018030602
0.03441431 0.9655857
0.99193794 0.008062083
0.96532303 0.034676973
