0.8819863
0.9999852
0.07964796
0.8905019
0.99967194
0.94979334
0.98376656
0.9485256
0.86326796
0.99905866
0.14191893
0.9605853
0.15914401
0.86225915
0.70104337
0.6345533
0.9904869
0.005770981
0.9252545
0.9735141
0.94724506
0.8570592
0.85043645
0.9985215
0.913172
0.76886946
0.99360317
0.9551098
0.79160947
0.09442853
0.8478991
0.9983462
0.9983255
0.12208816
0.7090129
0.7084379
0.7883076
0.99063593
1.0
0.060363196
0.9999893
0.990191
0.9722641
0.9512909
0.9992873
0.75311583
0.21699429
0.6721653
0.8166646
0.9639843
0.5298685
0.83913976
0.7811727
0.7393761
0.9186162
0.99945456
0.015625067
0.9971035
0.9836031
0.8748997
0.9999851
0.76644635
0.999964
0.9999962
0.90677035
0.99627703
0.6495571
0.2625145
0.9142798
0.030279456
0.3247217
0.9842225
0.9290812
0.98380095
0.8929363
0.951779
0.98843783
0.99660695
0.9918657
0.21551482
0.9725146
0.9629756
0.9965725
0.9944999
0.98658794
0.9857544
0.9821806
0.45625952
0.872936
0.98610604
0.8585864
0.061929207
0.99985766
0.1403913
0.035330717
0.9998863
0.71696734
0.99953866
0.9824142
0.9999455
0.0029981162
0.9965828
0.9925684
0.9916859
0.830522
0.99628615
0.95462483
0.9811375
0.8969381
0.9999825
0.9207816
0.99544996
0.66270256
0.9993266
0.09339851
0.99921167
0.9921228
0.99997556
0.9974261
0.9788002
0.9999963
0.58825755
0.65917236
0.73983663
0.846984
0.9722249
0.8646281
0.5045996
0.19687471
0.8755905
0.91835487
0.7539693
0.8485437
0.026389549
0.9986971
0.77033806
0.2132774
0.9999889
0.9943051
0.99986744
0.57526886
0.9712115
0.6590396
0.9778892
0.9274681
0.34365103
0.99998724
0.9999901
0.9397393
0.99993396
0.86075217
0.8239938
0.7273503
0.95824707
0.85247135
0.14866371
0.8533631
0.6206156
0.019362146
0.86839086
0.9979888
0.9954882
0.97443074
0.9992162
0.3761213
0.08714374
0.6967793
0.99031
0.57467145
0.46361333
0.88386136
0.997134
0.9108123
0.37035742
0.9845946
0.86834073
0.9994147
0.77741045
0.95618105
0.85818285
0.99621934
0.9160894
0.8382289
0.0017549486
0.9999932
0.9999796
0.85121775
0.99990594
0.96879387
0.9992163
0.9997367
0.98290354
0.8847216
0.9178349
0.30469424
0.772735
0.76581144
0.799109
0.9729273
0.93766624
0.1002229
0.9611985
0.9108674
0.9817012
0.90992266
0.99999905
0.99556965
0.009937798
0.9583017
0.686841
0.3963
0.9996038
0.9813969
0.791646
0.9505524
0.78821546
0.93805337
0.986797
0.99998724
0.94053435
0.950826
0.9118423
0.992523
0.8671991
0.99891806
0.9973009
0.017311903
0.90315205
0.7446809
0.9975325
0.9164559
0.9996662
0.99997485
0.9872105
0.9492843
0.83872014
0.9643213
0.82307625
0.97383183
0.9419397
0.3884898
0.89451236
0.918278
0.8571647
0.9844453
0.66668457
0.6089484
0.51150703
0.023009442
0.96538836
0.9932828
0.9997464
0.90329415
0.97840244
0.9999969
0.7604291
0.99989593
0.5024755
0.9955389
0.8873371
0.98962045
0.20885375
0.8953456
0.95741904
0.8541452
0.8356313
0.7631399
0.99999857
0.9779926
0.8847592
0.9928451
0.8327465
0.99999
0.99976534
0.96526885
0.99997795
0.999015
0.4302162
0.91542184
0.87826043
0.9980483
0.99084294
0.88508594
0.3228862
0.13747565
0.99717075
0.67643327
0.9975794
0.9940661
0.85552585
0.998381
0.8013573
0.5913394
0.003925129
0.78487724
0.41486815
0.03229479
0.7269646
0.013739639
0.0053392984
0.89434963
1.186516e-05
0.023868335
0.75994384
0.0056948913
0.08119604
0.21389298
0.056717098
0.6769831
0.025367042
0.094723076
0.0031828636
0.012408175
0.17605041
0.9869234
0.82567483
0.0025082617
0.70408326
0.078944325
0.9364149
0.7916708
0.028349975
0.79274285
0.6637062
0.44386274
0.8887764
0.9987172
0.92058563
0.04013763
0.007884216
4.3486005e-05
0.00044050397
0.9470405
0.24949406
0.008778939
0.013227583
0.1573404
0.94959635
0.5996269
0.004975745
0.0385412
0.06907603
0.018456573
0.0015511608
0.89381087
0.01976158
0.013514293
0.04271059
0.16581163
0.027477736
0.014785283
0.25137225
0.12297072
0.73609585
0.14755812
0.841323
0.74236184
0.040602844
0.24947764
0.006067797
0.11833545
0.05916065
0.036650907
0.12487412
0.022831576
0.19953452
0.000769242
0.042589515
0.27282962
0.81625855
0.0010122702
0.9352004
0.25830877
0.0013605186
0.00015388662
0.1176599
0.08289615
0.19343007
0.94369537
0.9753494
0.9946232
0.9973335
0.0022685556
0.060510114
0.19505171
0.0152664045
0.9271886
0.016338795
0.017238464
0.07009265
0.9672831
0.0036059273
0.06975793
0.0005689713
0.9509273
0.00198295
0.38917872
0.15944569
0.2328039
0.5452512
0.017720846
0.37863725
0.8807001
0.85971904
0.0022689807
0.98712486
0.0067148074
0.9999236
0.0022342422
0.099518806
0.037790816
0.0019406195
0.27488104
0.6760627
0.02485148
0.0008728236
5.7725697e-06
0.014962968
0.024076175
0.6977164
0.0075682816
1.6630884e-05
0.13762018
0.13038865
0.9914744
0.03729287
0.008038581
0.9073617
0.007916154
0.18068464
0.79247886
0.014178855
0.11824154
0.0030355714
0.017225945
0.23125263
0.00065687625
0.006630891
0.05536756
0.726658
0.0011274639
0.10048255
0.37215653
0.16231246
0.025781102
0.21205088
0.027740428
0.92383516
0.0050192466
0.37769508
0.10154335
0.475952
0.15579666
0.23193255
0.027445657
0.9887671
0.114500925
0.41480985
0.1191047
0.26096123
0.010201257
0.9874269
0.03729142
0.5822934
0.015995916
0.015295492
0.26213965
0.006363939
0.03437552
0.14989859
0.12065439
0.09167225
0.004099041
0.004912839
0.044301953
0.00071719475
0.10899268
0.0062389583
0.20229761
0.0038257302
0.9111767
0.84793884
0.0015384927
0.14246196
0.8855163
0.9922516
0.0063399193
0.07494045
0.8404975
0.0011773345
0.6453857
0.3930227
0.81394565
0.01680074
0.12772007
0.14893834
0.04668167
0.0012764034
0.06858954
0.22258739
0.051916715
0.0001818587
0.8613868
0.59202224
0.19188294
0.86210966
0.81155115
0.037721895
0.13528621
0.56091887
0.8572029
0.027699605
0.00017697211
0.018534537
0.0010697688
0.045994677
5.228799e-09
0.22360651
0.036754154
0.19742799
0.027174097
0.08991623
0.053479016
0.35210901
0.015583223
0.77961344
0.13367556
0.0017998822
0.29356396
0.07390387
0.8303923
0.367564
0.39465195
0.20789145
0.015120996
0.84219635
0.7722377
0.057292167
0.3232625
0.28622288
0.11514217
0.9052555
0.16337879
0.92668146
0.049684323
0.021142563
0.019796805
0.02996676
0.0044186953
0.10892046
0.0079290625
0.66003394
0.05699699
0.9987452
0.12728894
0.8246887
0.16702922
0.8816421
0.3441084
0.24783185
0.3835591
0.21677265
0.9675529
0.0025766776
0.25830877
0.95780385
0.19168895
0.057113238
0.011324933
0.8293755
0.022571247
0.81894666
0.8830221
0.40242547
0.8103021
0.030045398
0.12190928
0.96926546
0.0018030602
0.9655857
0.008062083
0.034676973
