3.579066e-09 1.0
0.21389844 0.7861016
0.013678518 0.9863215
0.47873786 0.52126205
0.934541 0.06545907
0.07278336 0.92721665
0.010318507 0.98968154
0.18990801 0.81009203
6.364309e-07 0.9999994
0.008481031 0.9915189
0.14091031 0.8590897
0.06620284 0.9337972
0.96394986 0.03605016
0.008587418 0.99141264
0.18101089 0.8189891
0.055701513 0.9442985
0.99390763 0.006092415
0.0010005159 0.99899954
0.36447632 0.6355237
0.00011616233 0.9998838
0.5368056 0.46319443
0.71558666 0.28441328
0.9984112 0.0015887658
0.0477056 0.9522944
0.12396384 0.87603617
0.02968493 0.9703151
0.00021722521 0.99978274
0.022187227 0.97781277
0.0020029882 0.997997
0.2687374 0.7312626
0.007627592 0.9923724
0.47822294 0.52177703
0.050328217 0.9496718
0.00016819539 0.9998318
0.07970616 0.9202938
0.028419493 0.97158056
0.99999356 6.4603814e-06
0.0007059483 0.99929404
1.3081568e-05 0.9999869
0.0022708576 0.9977291
2.9018864e-05 0.99997103
9.630345e-06 0.99999034
0.87165964 0.12834038
0.7865513 0.21344869
0.27360243 0.7263976
1.3608161e-05 0.9999864
0.00015225253 0.99984777
0.058468293 0.9415317
1.2338314e-05 0.9999876
0.982057 0.01794298
0.20880616 0.79119384
0.46739456 0.5326055
0.68752795 0.312472
0.7526244 0.24737558
0.0045681107 0.9954319
0.5461833 0.4538167
0.09918896 0.900811
0.0014208711 0.99857914
0.3446752 0.65532476
0.20714806 0.7928519
0.7849265 0.21507354
0.37908077 0.6209193
0.14084922 0.85915077
0.14898194 0.85101813
0.00031111462 0.99968886
0.001472899 0.99852705
0.0065566357 0.99344337
0.1827089 0.8172911
4.521265e-05 0.9999548
0.8698071 0.1301929
0.009207878 0.99079216
0.76200056 0.23799941
0.3149372 0.68506277
0.11390236 0.8860976
0.019556941 0.98044306
0.18708412 0.81291586
0.5408144 0.4591856
0.288784 0.71121603
0.21552026 0.78447974
0.009041885 0.9909581
0.0016866823 0.9983133
0.18995513 0.8100449
9.948701e-06 0.9999901
0.13753709 0.86246294
0.4463946 0.55360544
0.009354747 0.9906453
0.011124598 0.9888754
0.4000316 0.5999684
1.0580527e-05 0.9999894
0.0720568 0.92794317
0.02524653 0.97475344
0.9695165 0.030483441
0.0021777828 0.9978223
0.14725953 0.8527405
0.08328752 0.9167125
0.9982666 0.0017334338
0.74015915 0.25984082
0.046389364 0.95361066
0.11697571 0.8830243
0.07539225 0.9246077
0.00035951068 0.99964046
0.665926 0.3340741
4.5315082e-05 0.9999547
3.320035e-05 0.99996674
0.79022545 0.20977458
0.05908304 0.94091696
0.12504242 0.8749575
0.12259082 0.87740916
0.8768815 0.12311852
0.16741534 0.8325846
0.9163077 0.08369228
0.008018401 0.99198157
0.0051661013 0.99483395
0.16272926 0.83727074
0.91067576 0.08932427
0.039454382 0.9605456
0.44860834 0.5513917
0.07447797 0.925522
0.32109067 0.67890936
0.009793757 0.9902062
0.15484665 0.84515333
0.036906123 0.9630938
0.008433153 0.99156684
1.0853355e-05 0.99998915
0.009568284 0.9904317
0.54683477 0.45316526
0.01792646 0.98207355
0.004299416 0.99570054
0.005049794 0.9949502
0.6129683 0.3870316
0.46296415 0.5370358
0.10598124 0.8940187
0.008364993 0.99163496
0.7144119 0.28558812
0.80321383 0.19678614
0.5483797 0.45162028
0.2877057 0.7122943
3.333776e-05 0.9999666
0.18768091 0.8123191
0.025649603 0.97435033
0.35926557 0.64073443
0.13172305 0.86827695
0.41259703 0.587403
0.73214215 0.26785785
0.055364992 0.944635
0.7750321 0.22496788
0.37229863 0.62770134
1.4638558e-05 0.99998534
3.3003233e-09 1.0
0.0018828221 0.9981172
0.7939591 0.20604096
0.045741227 0.95425874
0.0007776794 0.9992223
0.100804955 0.89919496
0.5632565 0.43674347
0.032758556 0.9672414
0.040168796 0.9598312
1.229482e-05 0.9999877
3.4259662e-09 1.0
1.4820875e-05 0.9999852
0.09798414 0.90201586
0.65283704 0.34716296
0.90352225 0.09647775
0.7388995 0.26110044
0.11692351 0.8830764
0.40479788 0.5952021
0.058221564 0.9417784
0.2934284 0.7065716
0.10884312 0.8911569
0.52611923 0.47388074
0.31777924 0.68222076
0.024402065 0.975598
0.1544484 0.84555155
1.5449463e-06 0.99999845
0.0001795711 0.9998204
5.231945e-07 0.9999995
0.16622266 0.83377737
6.901783e-05 0.999931
0.0010700445 0.9989299
7.3374315e-05 0.99992657
0.062302474 0.93769747
0.14580786 0.8541921
0.0032504622 0.9967495
0.061336324 0.93866366
0.021420699 0.97857934
0.00049684464 0.99950314
0.0017163263 0.99828374
0.2875625 0.7124375
0.00011983912 0.9998802
0.9509299 0.04907012
0.06952618 0.93047386
0.53887284 0.4611272
0.00016608677 0.99983394
0.0002297528 0.9997702
0.00027318095 0.99972683
0.012235598 0.9877644
0.15648015 0.8435198
0.008360727 0.9916393
0.0029888249 0.9970112
5.337051e-06 0.99999464
0.0005410882 0.99945897
0.011300299 0.98869973
0.0365414 0.96345866
0.1081339 0.8918661
0.20194548 0.7980545
0.50691825 0.49308178
9.162714e-06 0.9999908
0.016738307 0.9832617
0.12623784 0.8737622
0.0038561951 0.9961438
0.4125903 0.5874097
0.012080748 0.9879192
3.4706768e-06 0.99999654
0.32669553 0.67330444
0.108582914 0.891417
0.00057774724 0.9994223
0.25578168 0.74421835
0.00090777065 0.9990922
0.052260194 0.9477398
0.45050773 0.5494923
0.058808982 0.941191
0.58581394 0.41418612
0.067214206 0.9327858
0.013904706 0.98609525
0.1000686 0.89993143
0.038974285 0.9610257
0.00032846432 0.9996716
0.072692886 0.92730707
0.011165062 0.9888349
0.99894804 0.0010520173
3.027572e-05 0.9999697
0.14741589 0.8525842
1.1473275e-05 0.99998856
0.84131444 0.15868564
0.00066092063 0.99933904
0.0071058157 0.99289423
0.01993693 0.9800631
0.000857736 0.9991423
0.5397817 0.4602183
0.00030824693 0.9996917
0.5776059 0.4223941
0.05959259 0.9404074
0.99663407 0.0033659937
0.007405761 0.9925942
0.082248874 0.91775113
0.11166349 0.88833654
0.0018570201 0.99814296
0.45500475 0.5449953
0.7896643 0.21033569
0.115314715 0.8846853
0.01650004 0.9835
1.6133973e-06 0.99999833
0.7038625 0.29613754
0.10609127 0.8939088
0.00033152127 0.9996685
0.99173486 0.008265142
0.004966879 0.99503314
2.2428232e-07 0.99999976
0.0015978013 0.9984022
0.4463946 0.55360544
0.14448896 0.8555111
0.0035094584 0.99649054
0.0033957874 0.9966042
0.03560896 0.96439105
0.17423454 0.8257655
0.45250776 0.5474922
2.1288207e-10 1.0
0.4038867 0.5961133
0.17874272 0.8212573
0.27531785 0.7246822
0.00025033497 0.9997497
0.6597754 0.3402246
0.7471928 0.25280717
0.80090654 0.19909342
4.11478e-05 0.9999589
0.13537925 0.8646208
0.011022019 0.98897797
0.0004894674 0.9995105
0.98750776 0.012492211
0.96198356 0.038016446
0.07951111 0.92048895
0.48860946 0.51139057
0.0008960014 0.99910396
0.34348193 0.65651804
0.047767464 0.95223254
0.58383924 0.4161608
0.013522159 0.98647785
0.08637511 0.91362494
0.065853514 0.93414646
0.49282295 0.50717705
0.972251 0.027749015
0.99273247 0.0072675585
0.44725943 0.5527406
0.64803755 0.35196236
0.9708421 0.02915787
0.94024456 0.059755404
0.19377652 0.8062235
0.80747753 0.1925225
0.29211518 0.70788485
0.97653747 0.023462594
0.098235 0.90176505
0.9999783 2.1708305e-05
0.03644559 0.9635544
0.004144088 0.99585587
0.6581708 0.34182918
0.9867073 0.013292637
0.6206266 0.3793734
0.11727432 0.88272566
0.897544 0.102456
0.94083595 0.05916402
0.67308617 0.32691386
0.4633731 0.53662694
0.9989924 0.0010076349
0.085917205 0.91408277
0.9999758 2.4193136e-05
0.99998486 1.5112882e-05
0.2076501 0.7923499
0.8682458 0.13175416
0.9195692 0.080430776
0.646719 0.35328102
0.011100071 0.98889995
0.93822783 0.061772194
0.934937 0.06506301
0.999495 0.00050496054
0.99981946 0.0001805289
0.41891596 0.581084
0.27472544 0.72527456
0.9524634 0.04753659
0.84592944 0.15407056
0.9999207 7.9214e-05
0.9968593 0.003140696
0.76448566 0.23551428
0.8982118 0.10178827
1.0 9.002622e-18
0.92591596 0.07408404
0.4815678 0.5184322
0.8333723 0.16662773
0.54127777 0.45872223
0.7005163 0.29948375
0.7009456 0.2990544
0.99576735 0.004232713
0.3009746 0.6990254
0.87712586 0.12287415
0.9492047 0.05079532
0.436913 0.5630869
0.70506597 0.29493412
0.5368442 0.46315587
0.8758728 0.12412717
0.44577977 0.55422026
0.8714298 0.1285702
0.9778665 0.022133576
0.86606807 0.13393196
0.8990491 0.10095087
0.55538845 0.44461152
0.64427114 0.35572886
0.996083 0.0039169327
0.78658485 0.2134152
0.7846662 0.21533379
0.9818907 0.018109312
0.06781698 0.932183
0.99214303 0.007856925
0.99868613 0.0013138558
0.28830302 0.711697
0.4457294 0.55427057
0.8277618 0.17223816
0.019372622 0.98062736
0.99999416 5.785124e-06
0.9481911 0.051808912
0.9904641 0.00953586
0.29426193 0.70573807
0.9965249 0.003475095
0.9870336 0.012966444
0.83882517 0.16117488
0.91772443 0.08227555
0.09819217 0.9018078
0.0073654763 0.9926345
0.92842644 0.07157351
0.9059197 0.094080314
0.13996759 0.8600324
0.99967444 0.00032552765
0.5980325 0.40196753
0.016304772 0.98369527
0.9999883 1.1654972e-05
0.98256254 0.017437493
0.99998474 1.5272444e-05
0.88796896 0.11203108
0.76838243 0.23161758
0.9930692 0.0069308486
0.47998026 0.52001965
0.012914733 0.9870853
0.999629 0.0003709272
0.93440324 0.06559675
0.73063046 0.26936954
0.99931777 0.0006822011
0.9911574 0.0088426275
0.31010643 0.6898936
0.8061585 0.1938415
0.9999764 2.361127e-05
0.2621976 0.7378024
0.9950164 0.0049835653
0.97484267 0.025157338
0.14304028 0.8569597
0.5997153 0.40028474
0.5849487 0.41505128
0.9997904 0.00020969867
0.9470611 0.05293884
0.98846906 0.011530965
0.99966097 0.0003390651
0.99426335 0.005736574
0.9131539 0.086846046
0.12588044 0.8741195
0.8785134 0.121486664
0.82589084 0.17410913
0.96841407 0.03158596
0.8954721 0.104527876
0.27659902 0.72340095
0.9748663 0.025133722
0.52029073 0.47970933
0.08457785 0.91542214
0.1473577 0.8526423
0.9914191 0.008580925
0.854782 0.145218
0.99991393 8.611792e-05
0.28900325 0.7109967
0.9428056 0.057194438
0.28417534 0.7158247
0.4520122 0.54798776
0.13666202 0.863338
0.7386372 0.2613628
0.873381 0.12661904
0.9966779 0.0033221277
0.99992335 7.660903e-05
0.80510646 0.19489351
0.88095367 0.11904636
0.64874434 0.35125569
0.7152041 0.28479585
0.8310173 0.16898267
0.87081355 0.12918645
0.9891145 0.01088547
0.99983144 0.00016857285
0.73264486 0.26735508
0.94503415 0.054965816
0.3346942 0.6653058
0.99656844 0.0034315733
0.54131764 0.45868233
0.99999976 2.1890388e-07
0.58453685 0.41546318
0.84545135 0.15454863
0.052212477 0.9477876
0.3742675 0.6257325
0.7479505 0.2520495
0.8194042 0.18059577
0.69429225 0.30570778
0.740017 0.259983
0.7084925 0.29150748
0.87528616 0.12471387
0.64759123 0.35240877
0.9068331 0.09316688
0.9955236 0.004476465
0.048174527 0.95182544
0.9900379 0.009962112
0.99290484 0.0070952326
0.9999927 7.2588455e-06
0.8005268 0.19947326
0.99987876 0.000121228906
0.97024214 0.029757835
0.9997389 0.0002611739
0.986535 0.013464974
0.68493706 0.31506288
0.4564008 0.5435991
0.03785439 0.9621456
0.07227543 0.92772454
0.91455317 0.08544682
0.9999832 1.6807804e-05
0.054232445 0.9457675
0.9999969 3.089695e-06
0.9992805 0.0007195447
0.9999635 3.646066e-05
0.41099727 0.5890027
0.8646036 0.13539642
0.49900216 0.50099784
0.7705955 0.22940445
0.20669651 0.79330343
0.99970347 0.0002964516
0.7544974 0.24550253
0.017872602 0.98212737
0.8107531 0.18924682
0.84141266 0.15858734
0.7417465 0.2582536
0.64747626 0.35252377
0.27384508 0.7261549
0.13549641 0.8645035
0.70372635 0.29627368
0.9865189 0.013481131
0.7365228 0.26347718
1.0 6.214477e-11
0.3532108 0.6467892
0.7626811 0.23731878
0.47260207 0.52739793
0.99994373 5.6279616e-05
0.8204058 0.17959419
0.8995054 0.10049465
0.9303641 0.06963597
0.010099926 0.98990005
0.9518598 0.048140176
0.62105393 0.37894607
0.0007821748 0.99921787
0.99921775 0.0007822124
0.9985164 0.0014836114
0.45760506 0.542395
0.8710505 0.12894954
0.97652334 0.023476617
0.34549138 0.65450865
0.8754129 0.12458716
0.9989869 0.0010130395
0.487945 0.5120549
0.99997926 2.0733027e-05
1.0 3.1532548e-12
0.7864913 0.21350873
0.9722793 0.027720701
0.8426318 0.15736817
0.977785 0.022215
0.98824835 0.01175162
0.96902275 0.030977305
0.9403236 0.059676368
0.7974383 0.20256168
0.9999956 4.375952e-06
0.83638644 0.16361354
0.97151834 0.028481724
0.7622746 0.23772544
0.25511864 0.74488133
0.99999046 9.5889945e-06
0.20672604 0.793274
0.85838443 0.14161564
0.99991286 8.711768e-05
0.99999046 9.5657415e-06
0.9725658 0.027434131
0.99999976 2.146965e-07
0.18719302 0.8128069
0.9999857 1.4286007e-05
0.23558997 0.76441
0.5632565 0.43674347
0.12714723 0.87285274
0.9432756 0.056724433
0.7602809 0.23971914
0.99211085 0.007889065
0.6311266 0.36887345
0.86074567 0.13925429
0.003061133 0.99693894
0.49788833 0.5021117
0.25679415 0.74320585
0.96481633 0.035183664
0.91361177 0.086388186
0.3160313 0.6839687
0.9254935 0.07450652
0.44383997 0.5561601
0.9996426 0.00035741946
0.98790085 0.012099183
0.99270767 0.0072923563
0.99502546 0.004974484
0.99830675 0.001693297
0.9804633 0.019536687
0.9997967 0.00020336357
0.70258904 0.297411
0.9795098 0.02049023
0.9999565 4.3517157e-05
0.26351926 0.7364808
0.109800674 0.8901993
0.97903067 0.020969365
0.85826445 0.14173551
0.19725242 0.8027476
0.61032987 0.38967013
0.9195856 0.08041437
0.033244945 0.96675503
0.93077016 0.06922984
0.8418857 0.15811428
0.6872086 0.31279147
0.9428768 0.057123218
0.8493629 0.15063705
0.7096189 0.29038107
0.9999982 1.7480705e-06
0.5884759 0.41152415
