1.0
0.7861016
0.9863215
0.52126205
0.06545907
0.92721665
0.98968154
0.81009203
0.9999994
0.9915189
0.8590897
0.9337972
0.03605016
0.99141264
0.8189891
0.9442985
0.006092415
0.99899954
0.6355237
0.9998838
0.46319443
0.28441328
0.0015887658
0.9522944
0.87603617
0.9703151
0.99978274
0.97781277
0.997997
0.7312626
0.9923724
0.52177703
0.9496718
0.9998318
0.9202938
0.97158056
6.4603814e-06
0.99929404
0.9999869
0.9977291
0.99997103
0.99999034
0.12834038
0.21344869
0.7263976
0.9999864
0.99984777
0.9415317
0.9999876
0.01794298
0.79119384
0.5326055
0.312472
0.24737558
0.9954319
0.4538167
0.900811
0.99857914
0.65532476
0.7928519
0.21507354
0.6209193
0.85915077
0.85101813
0.99968886
0.99852705
0.99344337
0.8172911
0.9999548
0.1301929
0.99079216
0.23799941
0.68506277
0.8860976
0.98044306
0.81291586
0.4591856
0.71121603
0.78447974
0.9909581
0.9983133
0.8100449
0.9999901
0.86246294
0.55360544
0.9906453
0.9888754
0.5999684
0.9999894
0.92794317
0.97475344
0.030483441
0.9978223
0.8527405
0.9167125
0.0017334338
0.25984082
0.95361066
0.8830243
0.9246077
0.99964046
0.3340741
0.9999547
0.99996674
0.20977458
0.94091696
0.8749575
0.87740916
0.12311852
0.8325846
0.08369228
0.99198157
0.99483395
0.83727074
0.08932427
0.9605456
0.5513917
0.925522
0.67890936
0.9902062
0.84515333
0.9630938
0.99156684
0.99998915
0.9904317
0.45316526
0.98207355
0.99570054
0.9949502
0.3870316
0.5370358
0.8940187
0.99163496
0.28558812
0.19678614
0.45162028
0.7122943
0.9999666
0.8123191
0.97435033
0.64073443
0.86827695
0.587403
0.26785785
0.944635
0.22496788
0.62770134
0.99998534
1.0
0.9981172
0.20604096
0.95425874
0.9992223
0.89919496
0.43674347
0.9672414
0.9598312
0.9999877
1.0
0.9999852
0.90201586
0.34716296
0.09647775
0.26110044
0.8830764
0.5952021
0.9417784
0.7065716
0.8911569
0.47388074
0.68222076
0.975598
0.84555155
0.99999845
0.9998204
0.9999995
0.83377737
0.999931
0.9989299
0.99992657
0.93769747
0.8541921
0.9967495
0.93866366
0.97857934
0.99950314
0.99828374
0.7124375
0.9998802
0.04907012
0.93047386
0.4611272
0.99983394
0.9997702
0.99972683
0.9877644
0.8435198
0.9916393
0.9970112
0.99999464
0.99945897
0.98869973
0.96345866
0.8918661
0.7980545
0.49308178
0.9999908
0.9832617
0.8737622
0.9961438
0.5874097
0.9879192
0.99999654
0.67330444
0.891417
0.9994223
0.74421835
0.9990922
0.9477398
0.5494923
0.941191
0.41418612
0.9327858
0.98609525
0.89993143
0.9610257
0.9996716
0.92730707
0.9888349
0.0010520173
0.9999697
0.8525842
0.99998856
0.15868564
0.99933904
0.99289423
0.9800631
0.9991423
0.4602183
0.9996917
0.4223941
0.9404074
0.0033659937
0.9925942
0.91775113
0.88833654
0.99814296
0.5449953
0.21033569
0.8846853
0.9835
0.99999833
0.29613754
0.8939088
0.9996685
0.008265142
0.99503314
0.99999976
0.9984022
0.55360544
0.8555111
0.99649054
0.9966042
0.96439105
0.8257655
0.5474922
1.0
0.5961133
0.8212573
0.7246822
0.9997497
0.3402246
0.25280717
0.19909342
0.9999589
0.8646208
0.98897797
0.9995105
0.012492211
0.038016446
0.92048895
0.51139057
0.99910396
0.65651804
0.95223254
0.4161608
0.98647785
0.91362494
0.93414646
0.50717705
0.027749015
0.0072675585
0.5527406
0.35196236
0.02915787
0.059755404
0.8062235
0.1925225
0.70788485
0.023462594
0.90176505
2.1708305e-05
0.9635544
0.99585587
0.34182918
0.013292637
0.3793734
0.88272566
0.102456
0.05916402
0.32691386
0.53662694
0.0010076349
0.91408277
2.4193136e-05
1.5112882e-05
0.7923499
0.13175416
0.080430776
0.35328102
0.98889995
0.061772194
0.06506301
0.00050496054
0.0001805289
0.581084
0.72527456
0.04753659
0.15407056
7.9214e-05
0.003140696
0.23551428
0.10178827
9.002622e-18
0.07408404
0.5184322
0.16662773
0.45872223
0.29948375
0.2990544
0.004232713
0.6990254
0.12287415
0.05079532
0.5630869
0.29493412
0.46315587
0.12412717
0.55422026
0.1285702
0.022133576
0.13393196
0.10095087
0.44461152
0.35572886
0.0039169327
0.2134152
0.21533379
0.018109312
0.932183
0.007856925
0.0013138558
0.711697
0.55427057
0.17223816
0.98062736
5.785124e-06
0.051808912
0.00953586
0.70573807
0.003475095
0.012966444
0.16117488
0.08227555
0.9018078
0.9926345
0.07157351
0.094080314
0.8600324
0.00032552765
0.40196753
0.98369527
1.1654972e-05
0.017437493
1.5272444e-05
0.11203108
0.23161758
0.0069308486
0.52001965
0.9870853
0.0003709272
0.06559675
0.26936954
0.0006822011
0.0088426275
0.6898936
0.1938415
2.361127e-05
0.7378024
0.0049835653
0.025157338
0.8569597
0.40028474
0.41505128
0.00020969867
0.05293884
0.011530965
0.0003390651
0.005736574
0.086846046
0.8741195
0.121486664
0.17410913
0.03158596
0.104527876
0.72340095
0.025133722
0.47970933
0.91542214
0.8526423
0.008580925
0.145218
8.611792e-05
0.7109967
0.057194438
0.7158247
0.54798776
0.863338
0.2613628
0.12661904
0.0033221277
7.660903e-05
0.19489351
0.11904636
0.35125569
0.28479585
0.16898267
0.12918645
0.01088547
0.00016857285
0.26735508
0.054965816
0.6653058
0.0034315733
0.45868233
2.1890388e-07
0.41546318
0.15454863
0.9477876
0.6257325
0.2520495
0.18059577
0.30570778
0.259983
0.29150748
0.12471387
0.35240877
0.09316688
0.004476465
0.95182544
0.009962112
0.0070952326
7.2588455e-06
0.19947326
0.000121228906
0.029757835
0.0002611739
0.013464974
0.31506288
0.5435991
0.9621456
0.92772454
0.08544682
1.6807804e-05
0.9457675
3.089695e-06
0.0007195447
3.646066e-05
0.5890027
0.13539642
0.50099784
0.22940445
0.79330343
0.0002964516
0.24550253
0.98212737
0.18924682
0.15858734
0.2582536
0.35252377
0.7261549
0.8645035
0.29627368
0.013481131
0.26347718
6.214477e-11
0.6467892
0.23731878
0.52739793
5.6279616e-05
0.17959419
0.10049465
0.06963597
0.98990005
0.048140176
0.37894607
0.99921787
0.0007822124
0.0014836114
0.542395
0.12894954
0.023476617
0.65450865
0.12458716
0.0010130395
0.5120549
2.0733027e-05
3.1532548e-12
0.21350873
0.027720701
0.15736817
0.022215
0.01175162
0.030977305
0.059676368
0.20256168
4.375952e-06
0.16361354
0.028481724
0.23772544
0.74488133
9.5889945e-06
0.793274
0.14161564
8.711768e-05
9.5657415e-06
0.027434131
2.146965e-07
0.8128069
1.4286007e-05
0.76441
0.43674347
0.87285274
0.056724433
0.23971914
0.007889065
0.36887345
0.13925429
0.99693894
0.5021117
0.74320585
0.035183664
0.086388186
0.6839687
0.07450652
0.5561601
0.00035741946
0.012099183
0.0072923563
0.004974484
0.001693297
0.019536687
0.00020336357
0.297411
0.02049023
4.3517157e-05
0.7364808
0.8901993
0.020969365
0.14173551
0.8027476
0.38967013
0.08041437
0.96675503
0.06922984
0.15811428
0.31279147
0.057123218
0.15063705
0.29038107
1.7480705e-06
0.41152415
