0.99901533
0.9941691
0.99824995
0.9810089
0.96424073
0.8972614
0.9992035
0.9156077
0.9876516
0.99580514
0.99983263
0.88314587
0.99642
0.95187956
0.9478274
0.61706716
0.9999999
0.9908229
0.08285455
0.8751667
0.99968874
0.9975278
0.12484097
0.76153064
0.92301095
0.99852955
0.04458878
0.9958955
0.045130465
0.9999893
0.12585303
0.81754947
0.91194916
0.042426977
0.99943906
0.1240933
0.91792375
0.82325685
0.99444866
0.96955085
0.1269892
0.9970011
0.9982539
0.9999993
0.99732685
0.99391794
0.9670021
0.14913608
0.97612053
0.9917602
0.33159044
0.9362419
0.070157506
0.9995295
0.15817392
0.97507644
0.9867416
0.8238379
0.9991386
0.88533974
0.09356535
0.97771066
0.99965155
0.99999964
0.99869734
0.029792763
0.9544495
0.99917275
0.093930684
0.90961856
0.9979367
0.9321061
0.71256554
0.96268576
0.9295512
0.9971819
0.98876756
0.99767834
0.9859633
0.97020334
0.93418
0.73640114
0.99856734
0.9881065
0.9999924
0.09255638
0.9409413
0.54095155
0.9916014
0.9978672
0.12450972
0.9991302
0.9890009
0.7399118
0.9947925
0.9843008
0.89417255
0.99820375
0.98592454
0.9951434
0.9917973
0.93569076
0.9992275
0.9746013
0.72236276
0.99718755
0.99999285
0.22555934
0.9987233
0.15314272
0.94863087
0.91974217
0.99287486
0.8376137
0.9541932
0.6425523
0.8967695
0.9965777
0.9953194
0.9999943
0.988049
0.9993774
0.97717047
0.99896145
0.8187676
0.9398829
0.99493575
0.999998
0.9949044
0.027438773
0.98647183
0.9947633
0.9999784
0.96960294
0.9998116
0.75464106
0.77379066
0.9861433
0.99711573
0.9999994
0.9975847
0.9847335
0.99743575
0.99518776
0.99808395
0.99129534
0.65576
0.9437981
0.9999887
0.891021
0.92774254
0.8902574
0.99074346
0.9270932
0.9943106
0.98606616
0.9445497
0.9071664
0.9901715
0.9113958
0.9950807
0.9900531
0.79815006
0.81754947
0.96080196
1.0
0.17359275
0.05044442
0.8992032
0.9946682
0.9727749
0.99946517
0.7342985
0.9948473
0.98458385
0.41141146
0.99373937
0.0017905683
0.90402627
0.9370217
0.99929595
0.60734475
0.98604
0.99890244
0.99971014
0.99782866
0.7391154
0.28741112
0.9974349
1.0
0.09565592
0.99537754
0.99924517
0.92294
0.988269
0.8976126
0.99458176
3.0560177e-06
0.9723331
0.9999908
0.15747839
0.72236276
0.7462994
0.9530894
0.35355732
0.912301
0.0043867407
0.8359823
0.9941963
0.9466555
0.95657325
0.98380625
0.047783908
0.88480145
0.97349167
0.9165674
0.75214463
0.91048384
0.24553362
0.70346206
0.71836793
0.9707664
0.94460607
0.98852277
0.98369986
0.9984478
0.9055834
0.99027866
0.9765474
0.95141244
0.15698813
0.95771277
0.53185546
0.9992324
0.023542015
0.92293245
0.9999312
0.67024577
0.99565107
0.991013
0.71648073
0.9999999
0.91937274
0.99844176
0.9347353
0.048464898
0.9376586
0.19881038
0.995624
0.97143584
0.99896526
0.3198999
0.08733191
0.99980253
0.9989951
0.27364615
0.9894851
0.9808543
0.97913706
0.9847446
0.99939775
0.9998579
0.8429297
0.9869444
0.8654237
0.9999752
0.99985325
0.12857388
0.94036394
0.97787946
0.81754947
0.888427
0.90748245
0.9774596
0.99879897
0.9509148
0.9928484
0.9975074
0.9001753
0.4024144
0.941245
0.8306616
0.9845493
0.06051647
0.9974673
0.9949372
0.46831974
0.1292746
0.99131864
0.99877447
0.6444141
0.9998671
0.9692973
0.87255096
0.9867901
0.98222715
0.95919013
0.99861276
0.84634846
0.9936033
0.011039326
0.9226812
0.43840936
0.9965168
0.015136528
0.9334549
0.7564869
0.9977289
0.9999857
0.99254066
0.61460793
0.29033843
0.91549706
0.9754812
0.9366626
0.5721463
0.98143667
0.94987154
0.98908234
0.98839754
0.9938474
0.9979455
0.95270497
0.9527808
0.909198
0.98017144
0.9002503
0.881545
0.99958223
0.9077431
0.9356222
0.8065386
0.99803406
0.9783975
0.9953892
0.98571026
0.9913454
0.9517058
0.99610895
0.9866785
0.19894357
0.9893328
0.8443481
0.9941374
0.8184199
0.9961242
0.8283099
0.9834548
0.95163983
0.93295145
0.39079952
0.7424727
0.9802695
0.9697315
0.9820062
0.99989724
0.7636349
0.9884249
0.03437046
0.9973546
0.9904694
0.91021395
0.99086994
0.98213124
0.6713837
0.9992679
0.9927651
0.9610513
0.8703431
0.9858662
0.99315417
0.9425292
0.9765738
0.96498156
0.99800533
0.5836631
0.9999999
0.5845524
0.55407995
0.99867034
0.99778616
0.99540114
0.9627059
0.99638784
0.9999348
0.7395443
0.99621433
0.0039326474
0.9828373
0.73744196
0.999915
0.9999989
0.9912009
0.65524226
0.7973729
0.92929476
0.11354421
0.9545213
0.88283426
0.82174534
0.9848284
0.82112217
0.94778395
0.9938111
0.9994729
0.99820745
0.9785588
0.36682293
0.085598335
0.55768746
0.9964669
0.84922016
0.92497814
0.9202278
0.9039733
0.9962812
0.93677086
0.9437904
0.9889932
0.9292334
0.9936214
0.9955837
0.9999968
0.269274
0.89365166
0.318172
0.90937215
0.10946397
0.988331
0.98482174
0.9984176
0.8961731
0.9659525
0.9943914
0.9673611
0.99306995
0.027107164
0.9867028
0.9423256
0.9429019
0.9794796
0.4762845
0.9415362
0.8907282
0.9278687
0.9980744
0.9270861
0.9945044
0.999624
0.9829695
0.9911513
0.9976705
0.9950594
0.96617156
0.99999976
0.9664521
0.99979013
0.99998
0.9965413
0.7808404
0.99999845
0.72236276
0.9941398
0.99467695
0.036373366
0.68893206
0.9922726
0.9350086
0.8559972
0.9387772
0.85469574
0.9999546
0.99617815
0.98594934
0.9371987
0.044927657
0.18093966
0.63013357
0.05437974
0.9820004
0.1600515
0.9905517
0.984046
0.9744571
0.9325739
0.9570017
0.004596644
0.89868075
0.9906523
0.20134243
0.99284333
0.9844015
0.6513637
0.98958707
0.9978855
0.98075175
0.9990331
0.98642886
0.9802674
0.9901244
0.9379828
0.954041
1.0
1.0
0.9322487
0.9864559
0.9516912
0.9932168
0.9962704
0.9999999
0.9998709
0.8390061
0.99557143
0.9603056
0.43083006
0.91033256
0.9778926
0.9923334
0.79027754
0.99954176
0.99483865
0.9999999
0.9324031
0.9244233
0.9866064
0.99845266
0.8806544
0.93496263
0.9906341
0.002460925
0.99176884
0.9994254
0.9965184
0.66407466
0.9818719
0.9740613
0.99184835
0.93992805
0.99927396
0.99059325
0.9957818
0.9998134
0.993417
0.5204145
0.99757606
0.9876908
0.72236276
0.99999607
1.0
0.9958454
0.48980474
0.95737994
0.8838049
0.98288614
0.91271347
0.602836
0.99910945
0.99901867
0.8924062
0.9907205
0.9882698
0.8656063
0.9917999
0.9999926
0.55709743
0.98424685
0.20476407
0.881272
0.97246236
0.9999999
0.79200894
0.9148462
0.18520024
0.98907334
0.81754947
0.9935848
0.9513527
0.7561994
0.8897667
0.9765271
0.99560404
0.9880521
0.9957579
0.80855066
0.98831123
0.0060488866
0.52725923
0.95839936
0.91648036
0.40248084
0.9329478
0.9281565
0.03787348
0.9911761
0.9880553
0.99348265
0.78547806
0.97532403
0.9965276
0.9873811
0.00809329
0.7562452
0.88990515
0.96342313
0.9187519
1.0
0.9997037
0.96999604
0.99062854
0.018594895
0.337176
0.9802679
0.9876182
0.9999584
0.9335873
0.9246932
0.99735093
0.9592709
0.01978241
0.79296076
0.9906227
0.99805045
0.9289333
0.9741194
0.94318265
0.9973693
0.15281445
0.9991211
0.9927301
0.9695386
0.26730466
0.9251903
0.9970408
0.99753404
0.90671825
0.999033
0.50213796
0.9810003
0.4273977
0.99375075
0.8041465
0.80221707
0.8097158
0.9835321
0.97299135
0.79815286
0.9985184
0.9948532
0.9845843
0.9880944
0.9904151
0.9108531
0.9984675
0.97269654
0.431378
0.8780241
0.2280203
0.030015578
0.97239155
0.9351219
0.9269815
0.08870334
0.9557929
0.7848736
0.99777263
0.9977951
0.9999963
0.97424805
0.6443288
0.998324
0.9807422
0.9962548
0.99090964
0.9104801
0.9902946
0.9988367
0.8584744
0.07652065
0.99799156
0.9225892
0.99886525
0.9266756
0.84481096
0.97181195
0.9934797
0.79482234
0.9972474
0.9787288
0.9999975
0.9876676
0.99086916
0.9196805
0.9961606
0.9997793
0.9999999
0.9981645
0.9996061
0.9999691
0.9963329
0.9942502
0.6962083
0.9098224
0.9982504
0.99404013
0.9970318
0.9999862
0.062813856
0.9951298
0.83977836
0.95149237
0.9848934
0.70983535
0.9833098
0.99953973
0.105946936
0.8198123
0.9892468
0.5086184
0.97528845
0.99606776
0.09672287
0.99524504
0.9923177
0.8914999
0.9872105
0.9942847
0.36065963
0.98130345
0.8000107
0.5346336
0.89223266
0.9762941
0.36904135
0.22752176
0.899438
0.9134718
0.15857936
0.13226432
0.9997944
0.9005149
0.046850834
0.9967752
0.103114046
0.90938556
0.96940684
0.9042117
0.99999726
0.21297182
0.9711019
0.9951906
1.0
0.9815314
0.9994295
0.9999989
0.84352076
0.9966813
0.93640906
0.09755977
0.9907665
0.994402
0.9985682
0.9981735
0.6823423
0.9735753
0.997142
0.97386634
0.9782722
0.9926454
0.05228627
0.9989491
0.98731357
0.98580533
0.12793301
0.99813074
0.25356767
0.99592775
0.9885555
0.96694005
0.9999989
0.9356181
0.032691352
0.04573437
0.07958491
0.002515375
0.0019946878
0.112350576
0.9895626
0.115506105
0.9197987
0.072089836
0.043119043
3.5883232e-07
0.0010210868
0.034866653
0.10868305
0.031399842
0.007034741
0.16663444
0.019861896
0.38158873
0.03701099
0.0017907005
0.04523467
0.7446885
0.047715817
0.092166126
0.006179906
0.7418656
0.005646362
0.0009454272
0.0041575604
0.0791019
0.29061353
3.8149337e-06
0.030915143
0.0033441652
0.014094591
0.006765427
0.93260765
0.09139905
0.08507867
0.00086834986
0.41145718
0.1879558
0.096483305
0.09826674
0.015178496
0.009120663
0.02170263
0.060172413
0.07042907
0.0046873386
0.022044247
0.053965185
0.01640625
0.38751546
0.7918284
0.31387877
0.0034889404
0.00025708685
0.032081623
0.009491675
0.06970706
0.05502646
0.020266106
0.045753013
0.0025056195
0.0118412925
0.019152936
0.093135886
0.99682695
0.013509863
0.123870045
0.00016926932
0.035213456
0.078992434
0.5043176
0.0014479595
0.024082297
0.0062401
0.04359
0.16892935
0.80102587
0.07487085
0.025634427
0.004993482
0.009500977
0.038606014
0.31036687
3.2082133e-07
0.62480974
0.0014425438
0.29080352
0.9297345
0.00029309525
0.21261753
0.0660506
0.09206422
0.0016819936
2.1285392e-05
0.507356
0.003849316
0.8899969
0.0018638658
0.0015804749
0.12004188
0.6932976
0.2588279
0.010482645
0.5832609
0.04806704
0.010183217
0.4105521
0.1237583
0.17001717
0.082604066
0.0028382097
0.099614725
0.20126595
0.0017133956
0.07034296
0.7530741
0.1428461
0.04940249
0.15123267
0.22800286
0.9397991
0.077870965
0.003945375
1.6316078e-06
0.01089876
0.001185206
0.9450678
0.037546694
0.0022486357
0.00579231
0.004297296
0.06526802
0.92937493
0.009968151
0.021107893
0.01616751
6.058874e-05
0.002362816
0.9381519
0.02200081
0.00073839654
0.07299804
0.053657793
0.116265506
0.11107174
0.13844624
0.03312128
0.02146907
0.02525935
0.19543873
0.1819706
0.03561144
0.090820365
0.06564472
1.0217088e-08
0.24585278
0.049134485
0.019351263
0.041550446
3.563796e-07
0.009659764
0.28114477
0.027307214
0.014822755
0.0076193134
0.1533176
0.11654323
0.5175999
0.2824088
0.13337663
0.004818109
0.019323193
6.667743e-06
0.09964057
0.05979995
0.00023022798
0.35704428
0.0032639415
0.09470509
0.0367856
0.2955135
0.040932395
0.9833956
0.009961787
0.0020160924
0.010152296
0.018339748
0.093963034
0.15303317
0.04964067
0.0868304
0.0017409878
0.3001299
0.13701944
0.09263146
0.047075626
0.0035255132
0.04102289
0.0009942846
0.14412987
0.0037722476
0.003694436
0.06556042
0.0910845
0.09560985
0.023801727
0.616508
0.011508248
0.034694806
0.007992674
0.0024012348
0.012398237
0.037262645
0.0014114534
0.0022570472
0.8872214
0.001547134
0.003859215
0.028341873
0.048869025
0.08712502
0.020321107
0.05192612
0.12090074
0.5368783
0.019752614
0.02755979
0.032982416
0.08099243
0.61453635
0.7077037
0.13925385
0.050601296
0.64717335
0.06405329
0.005423032
0.021730654
0.05097174
0.10595899
0.3085794
0.0015400773
0.07610987
0.08924149
0.21757145
0.00018042342
0.9842164
0.18265791
0.032123294
0.16013116
0.00733865
0.0043763076
0.6429547
0.0013084525
0.0067227664
0.098050565
0.00904771
9.0114045e-05
0.083860636
0.0073930277
0.22172625
0.24895938
0.9617556
0.03396755
7.3309496e-07
0.001914091
0.082616895
0.99815243
0.18954016
0.055561814
0.12891899
0.15352191
0.14422311
0.12646744
0.0024071604
0.03631175
0.29140761
0.008550169
0.89418626
0.8038815
0.010201041
0.091394514
0.012300827
0.00018056798
0.17926537
0.0037324617
0.065900385
0.061365813
0.03990543
0.120878294
1.345832e-07
0.029569173
0.0013209757
0.030075138
0.040357403
0.021331297
0.028169027
0.095719606
0.024974113
0.0007614503
0.011898607
3.8137223e-06
0.08956903
0.22738615
0.14712738
0.024841012
0.0016854465
0.06256021
7.902515e-05
0.05241207
0.03710362
0.026535034
0.09067363
0.0028647087
0.08544515
0.13346921
0.12290327
0.15805535
0.007060505
0.017909829
0.030355966
0.0015354663
0.016106555
7.6032185e-05
0.07414205
0.15257937
0.5880233
0.083340935
0.009077035
0.033053577
0.001959409
0.028877096
0.0020230648
0.05515034
7.4723706e-05
0.9030504
0.08281215
0.24384977
0.06979622
0.065318055
0.5358421
0.00013375438
0.05086116
0.9438727
0.004184276
0.11917834
0.0036781493
0.0034609179
0.484822
0.19855604
0.030205924
0.026190987
0.024073021
0.00031453362
0.00030127916
0.11195294
0.061476886
0.010686677
0.076144956
0.002998068
0.13585186
0.014296602
0.0045383177
0.029793603
0.014246761
0.4919909
0.1397436
0.115318
0.002936568
0.032726094
0.49142978
0.34576136
0.075220585
0.047487263
0.05231512
0.006379513
0.060049832
0.03728257
0.0016741776
0.010447033
0.0145957405
0.023563562
0.06386641
0.00097597926
0.007641909
0.0007396825
0.005195523
0.21368103
0.2781991
7.202868e-08
0.044025578
0.022549326
0.035420254
0.00039264004
0.5202509
0.0010143308
0.0023963933
0.020114852
0.0017698962
0.0013762676
0.0058309427
0.00411978
0.04412627
0.034195494
0.154076
0.018948825
0.086991996
0.19135122
0.2807692
0.003948125
0.016102321
0.038318634
0.110791005
0.0007774686
0.064245276
0.01643812
0.0027521136
0.0018790335
0.08951464
0.027020745
0.0030280338
0.035956983
0.03637979
0.015765298
0.03099496
0.14931299
0.62291694
0.042879734
0.004003703
0.048069566
0.04367168
0.36852634
0.021219859
0.01528753
0.111623734
0.9700992
0.012083469
0.0021111018
0.095644
0.06704876
0.06622349
0.0017037385
0.00011602972
0.0014537805
0.0022555154
0.02604607
0.030857727
0.058359087
0.18122144
0.13324884
0.3541853
0.18337655
0.03685219
0.00017554779
0.11859084
0.022691987
0.015383503
0.10529044
3.3108486e-07
0.32067153
0.15070291
0.005665692
0.104689024
0.076698355
2.602053e-07
0.12458481
0.005989632
0.017063271
3.936923e-05
0.08017758
0.11536258
0.14853732
0.066379085
0.12855165
0.0022462073
0.82837963
0.002211217
0.020556336
0.57657194
0.71097803
0.00061126164
0.13841037
3.6569374e-05
0.091410734
0.028680267
0.016662851
0.1395468
0.13346712
0.44706404
0.01067598
0.0020806359
0.0025218786
0.01773153
0.00043224028
0.017788172
0.06155165
0.25321925
0.06050653
0.03838705
3.434801e-08
0.31297198
0.04282286
0.070191145
0.037198376
0.048423577
0.26755634
0.0016666932
0.011788182
0.014433573
0.014970201
0.03353852
0.039706975
0.14358416
0.028887386
0.56919247
0.010426232
0.37541303
0.5231554
0.006880437
0.07826951
0.014451662
0.040648818
0.0012938534
0.028511828
0.25621122
0.19002211
0.03545775
0.04568569
0.03943122
0.0354336
0.11715741
0.027779317
0.001234113
0.072569415
0.10390897
0.029369462
0.23065229
0.026004188
0.3464487
0.0030541169
0.07054035
0.04914496
0.122867025
0.011287637
0.11563737
0.115597844
0.13385253
0.07156124
0.0059015695
0.06955924
0.00029460862
0.8180239
0.044774387
0.0061445446
0.019369733
0.03256878
0.57534176
0.64715075
0.101496786
0.010291584
0.030768383
0.080881484
7.8081763e-07
0.01917773
0.15263401
0.9440346
0.014491902
0.3372173
0.0027376448
0.32488224
0.1309483
0.10231995
0.7580676
0.20055252
0.9989004
0.01715052
0.05367167
0.011689434
0.7044478
0.0039657345
0.11301005
0.0056819534
0.028911155
0.02603949
0.04670834
0.004547128
0.027018243
0.021709273
0.012755831
0.30042753
0.051662505
0.020675205
0.90974593
0.12593564
0.05209704
0.119954236
0.100334115
0.007651661
0.077452965
0.016932573
0.00015592288
0.0038203222
0.016222334
0.031406123
0.0219261
0.005451001
0.082757205
0.0031203125
0.11987
0.00021136437
0.050108638
0.0599425
0.49766618
0.0094653405
0.18360297
1.8845185e-05
0.00041701988
0.7167191
0.029090084
0.027385898
0.06271754
0.0043036807
2.3090545e-06
0.018939413
0.078021094
0.12576726
0.0109606
0.20461236
0.043517165
0.0008099983
0.0004224032
0.10933082
0.00018246245
0.8479457
0.11269518
0.06413097
0.33069247
0.026373396
0.044771276
0.105295405
0.109256595
0.09116533
0.95782346
0.061427344
0.0071549327
0.14069776
0.003627275
0.0044162837
0.8590737
1.1331338e-05
0.050532028
0.06446554
0.5918554
0.01482942
4.0279564e-11
0.16100752
1.46888315e-05
0.055401698
0.0039454666
0.042822078
0.00088559475
0.14039387
0.25004965
0.4902482
0.9663566
0.00055721554
0.40570533
6.4496555e-05
4.2528995e-08
0.0061420873
0.24288265
0.057552706
0.020027243
0.12766966
0.00090670824
0.06996308
0.0001356048
0.25671872
0.019888485
0.16301048
0.0039077178
0.14327686
0.04451144
0.18977176
0.0005834659
0.017860888
0.03983181
0.019176843
0.4008597
0.22533244
0.07450885
0.014492434
0.0045646443
0.5068622
0.04580812
0.13107216
0.06903545
0.27983943
0.001024771
2.9298863e-07
0.005921824
0.02645205
0.019347932
0.05037362
0.032709517
0.04620576
0.081314646
0.046702724
0.10491692
0.061171427
0.0026744376
0.20487535
0.0005275805
0.25931838
0.041785866
0.023739764
0.009194275
0.9561525
0.043936215
0.0009751697
0.0006316973
6.238798e-05
0.0002373036
0.0009391955
0.025178853
0.036426753
0.0015572669
0.0040954617
0.057157803
0.43650407
0.3318556
0.06255529
0.1725601
0.002435999
0.08148403
0.11459118
0.21519192
0.39501718
0.41657743
0.03552751
0.047070622
0.03575278
0.00013230338
0.557724
0.017877657
0.94024783
0.3793483
3.568605e-07
0.5835554
0.19073614
0.11311236
0.04046913
0.81286913
0.0026177408
0.05297163
0.0007582205
0.1402538
0.01885274
0.065746136
1.5478259e-08
0.17362358
3.659348e-06
0.893201
0.0043952675
1.977022e-10
0.020920109
0.13668187
5.0204108e-08
0.054058485
0.6582977
0.05852814
0.051537417
0.86613244
0.052726474
0.6499586
6.67465e-05
0.07531905
0.18859398
0.11835243
0.08283248
0.002837717
0.10668604
0.31990942
0.15133329
0.15874824
0.0041749068
0.0037639316
0.041431714
2.1930473e-05
0.03227818
0.05845174
0.037262976
0.6910159
0.091228046
0.15541273
0.0011221584
0.01908774
0.003940426
0.0486992
0.008108593
0.016103698
0.5011519
0.091262884
0.013586021
0.00057370664
0.018963713
0.15403506
0.007082975
6.865843e-05
0.035559837
0.12518632
0.034099296
0.041582335
0.12379897
0.001493874
0.0015263748
0.8165457
0.030778805
0.07583121
0.057597656
0.28842336
0.06425956
0.05207924
0.02080286
0.046141237
0.067191646
0.110562764
0.005338625
0.0007555698
0.03368539
0.12439056
0.6108117
4.4224002e-08
0.08995499
0.0758002
2.6488635e-06
0.006445289
6.428091e-05
0.23316894
0.0742085
0.059564717
0.9345725
0.004733668
0.021229342
0.000350115
0.08607692
0.0021730112
0.00056396576
