5.3443017e-07 0.9999995
0.08915316 0.9108468
0.8090166 0.19098346
0.031702403 0.9682976
0.00013469382 0.9998653
1.4964282e-07 0.9999999
0.005630546 0.99436945
0.3340049 0.6659951
5.4196344e-06 0.99999464
0.71902394 0.28097603
0.751035 0.24896502
0.0072934916 0.9927065
0.09710685 0.9028932
0.32965577 0.6703443
0.9194964 0.08050354
0.4336008 0.56639916
0.0062233973 0.99377656
0.999151 0.0008490236
0.15612178 0.84387827
0.71943635 0.28056362
0.016197292 0.9838027
0.008724109 0.9912759
3.4623962e-33 1.0
9.695524e-06 0.99999034
0.2094933 0.7905067
2.6461495e-09 1.0
0.0030255213 0.99697447
5.4158757e-08 1.0
0.07443801 0.92556196
0.081362516 0.91863745
0.038041502 0.96195847
0.01595359 0.9840464
0.7206749 0.27932516
0.015258443 0.9847416
0.0006294603 0.9993705
0.09666741 0.90333253
0.44544637 0.55455357
0.4840262 0.5159738
0.07396939 0.92603064
0.31439275 0.6856072
1.3061411e-05 0.9999869
0.86369044 0.13630961
0.014251274 0.9857487
0.1185306 0.8814694
0.0008933775 0.9991066
0.07004421 0.92995584
0.09823163 0.9017683
0.0036018775 0.9963981
0.99679524 0.0032047753
1.3004826e-07 0.9999999
1.8094074e-06 0.9999982
0.26140556 0.7385945
4.856816e-07 0.9999995
0.7688129 0.23118715
0.0003483737 0.9996517
0.015463138 0.9845368
0.00031303603 0.99968696
0.0025962475 0.9974037
0.0003275671 0.9996724
0.010065997 0.989934
6.0561015e-05 0.99993944
0.002153705 0.99784625
1.50145e-07 0.9999999
0.00019184042 0.99980813
0.0015422712 0.9984578
0.0946532 0.90534675
0.049852677 0.9501473
0.93978035 0.06021969
0.19731975 0.80268025
0.008478209 0.9915217
4.1350713e-06 0.9999958
0.009334811 0.9906652
0.10421644 0.89578354
0.08103417 0.9189659
0.01879549 0.9812045
0.052596115 0.9474039
0.0018686863 0.99813133
0.041711777 0.95828825
0.015512342 0.9844877
0.103287384 0.89671254
7.369247e-05 0.9999263
0.00981679 0.9901832
0.9432271 0.05677289
3.2062088e-14 1.0
1.33059575e-05 0.99998665
0.0022935758 0.9977064
2.0946462e-07 0.99999976
0.06823152 0.9317685
0.90268505 0.097314954
0.19527112 0.80472887
0.8364142 0.16358584
0.10113164 0.8988684
0.16240887 0.8375912
0.009013756 0.9909862
0.07529623 0.9247037
1.2060332e-05 0.99998796
0.00027907547 0.9997209
0.5530954 0.44690457
0.016402377 0.9835976
0.0146553535 0.9853446
0.011513765 0.9884863
0.1128132 0.88718677
0.03396289 0.9660371
0.07192976 0.92807025
0.019637443 0.9803626
0.2371641 0.762836
0.034210663 0.9657894
0.9999459 5.4117703e-05
0.5362572 0.4637428
0.14112616 0.85887384
0.00024199806 0.99975795
0.013363765 0.9866362
0.042146705 0.95785326
0.0006287026 0.99937135
0.007194081 0.9928059
0.008713056 0.99128693
0.2798136 0.7201865
0.30805084 0.6919491
0.7686938 0.23130614
0.34706178 0.6529382
0.98557925 0.014420773
0.11051888 0.88948107
0.6343114 0.36568865
0.9971583 0.0028416947
3.8781964e-05 0.99996126
0.13271901 0.867281
0.25120252 0.74879754
7.470465e-07 0.9999993
0.028523982 0.971476
0.7598233 0.2401767
0.023618145 0.97638184
0.0022176101 0.9977824
9.224755e-06 0.9999908
0.15084428 0.8491557
7.2799624e-09 1.0
0.014958422 0.98504156
0.004063324 0.99593663
0.0049433373 0.9950566
0.2651101 0.7348899
8.376604e-06 0.99999166
0.008781043 0.991219
0.04078801 0.959212
0.99956936 0.00043062848
0.014889218 0.98511076
0.04397193 0.95602804
0.31611285 0.6838872
0.9888494 0.011150648
0.06237722 0.9376228
0.010498221 0.9895018
0.029200047 0.9708
0.42215347 0.57784647
0.0127346935 0.98726535
0.04840954 0.9515905
1.18944685e-08 1.0
0.0009298491 0.9990702
0.01282469 0.9871753
0.0002037803 0.9997962
2.5443805e-05 0.9999746
0.03400486 0.96599513
0.0014480698 0.9985519
0.019621707 0.9803783
0.86902124 0.13097881
0.041406177 0.95859385
0.022219764 0.97778016
0.23070672 0.7692933
0.22965012 0.77034986
0.0065628937 0.9934371
0.25632876 0.7436712
2.0699754e-05 0.99997926
0.02021793 0.97978204
0.14797628 0.8520237
0.082379624 0.91762036
0.060439833 0.9395601
0.016001599 0.9839984
0.03744527 0.96255475
0.1038424 0.8961576
0.9088937 0.09110635
0.31740427 0.68259573
0.98091656 0.019083407
0.03579086 0.96420914
0.0013524276 0.99864763
0.06852818 0.9314718
0.08658927 0.9134107
0.008972022 0.991028
0.17541577 0.8245842
0.010833906 0.9891661
2.7869771e-06 0.99999726
0.00078930287 0.9992107
0.19835055 0.80164945
0.81649005 0.18351
0.9353262 0.06467373
0.033425786 0.96657425
0.023613857 0.97638613
0.027584368 0.9724157
0.986227 0.013773001
0.032166474 0.9678335
0.051420443 0.9485796
0.04519501 0.95480496
0.03120986 0.9687902
4.712882e-05 0.9999529
0.8296899 0.17031005
0.019114252 0.9808857
7.446989e-05 0.9999255
0.008172508 0.9918275
0.009612634 0.9903874
0.06941505 0.9305849
0.014692344 0.9853077
0.0001046467 0.99989533
6.13973e-08 0.9999999
0.17484619 0.8251538
0.015564272 0.9844357
3.766934e-05 0.99996233
0.008087052 0.99191296
0.0004470032 0.999553
0.99207544 0.0079245735
0.06506789 0.9349321
0.013368797 0.9866312
6.319182e-05 0.9999368
0.72731626 0.27268374
0.00011451373 0.99988544
0.0035318076 0.9964682
0.0023188652 0.99768114
0.23027144 0.76972854
7.954617e-09 1.0
0.04479162 0.9552083
0.05061916 0.9493809
0.014397493 0.98560256
0.089442715 0.91055727
0.00013582245 0.9998641
0.0021956647 0.99780434
0.054980155 0.9450198
0.000128605 0.9998714
0.0046978393 0.9953022
0.03457011 0.9654299
0.057043277 0.9429567
0.023507033 0.976493
0.0710275 0.92897254
0.10170455 0.89829546
0.37885627 0.6211437
5.534365e-05 0.9999447
0.55776566 0.44223434
0.27781564 0.7221844
5.971223e-05 0.9999403
0.1794711 0.82052886
0.04865679 0.95134324
0.0001316211 0.9998684
0.038399633 0.9616003
0.039912894 0.96008706
0.040627874 0.95937216
0.009964958 0.9900351
0.02703174 0.9729682
0.027202656 0.9727974
0.19883966 0.80116034
0.057732817 0.9422672
4.9120852e-05 0.9999509
0.06680281 0.93319714
1.2671981e-06 0.9999987
0.9339479 0.06605212
0.23105435 0.76894563
0.015148076 0.9848519
0.0077509335 0.99224913
0.028343016 0.971657
0.007763111 0.9922369
0.07896087 0.92103916
0.010523921 0.9894761
0.03424314 0.9657568
0.0026227452 0.9973773
0.10566182 0.8943382
0.3353098 0.6646902
0.5539993 0.44600073
6.0742795e-12 1.0
0.7963637 0.20363624
0.083076656 0.91692334
0.0091112135 0.99088883
0.09296518 0.9070348
0.06280366 0.9371963
0.9915553 0.008444748
0.21353923 0.7864608
0.0025494252 0.99745053
2.1063187e-07 0.99999976
0.2684186 0.7315814
0.004335129 0.9956649
8.765869e-08 0.9999999
0.018426318 0.98157364
0.89181346 0.108186565
0.015932634 0.9840673
4.814165e-05 0.99995184
0.8145481 0.1854519
0.0006891786 0.99931085
0.012143468 0.9878565
0.01337381 0.9866262
0.8707465 0.12925348
0.10598378 0.89401627
0.0018965959 0.9981034
0.0950131 0.9049869
0.051258177 0.9487418
0.19678527 0.80321467
0.00065829954 0.99934167
0.22464658 0.77535343
0.058250148 0.9417499
0.95150274 0.048497315
0.024124736 0.97587526
0.009250469 0.99074954
0.031499438 0.9685006
0.19523841 0.8047616
0.004226744 0.99577326
0.0060440497 0.993956
0.008871683 0.9911283
3.4532334e-08 1.0
0.004620968 0.9953791
0.004146444 0.99585354
0.006681848 0.9933182
0.72865784 0.27134213
0.0062308097 0.9937691
0.020373588 0.9796265
0.003947795 0.9960522
0.45670524 0.5432948
0.003676152 0.9963238
0.92735565 0.07264429
0.030500853 0.9694992
0.049194157 0.95080584
2.4392042e-05 0.99997556
7.834598e-08 0.9999999
0.25327256 0.74672747
0.89363176 0.106368214
0.00065201626 0.999348
1.3429474e-05 0.9999865
0.99315697 0.0068430225
0.0008379515 0.9991621
0.00029380416 0.9997062
0.007949708 0.99205035
0.0536325 0.9463675
0.007609408 0.9923906
0.0045618745 0.99543816
0.004670686 0.9953294
0.063005894 0.9369941
0.01904975 0.9809503
4.1837066e-05 0.99995816
0.30531916 0.6946808
3.4367192e-06 0.99999654
0.00069353636 0.99930644
0.020314343 0.9796856
0.008833659 0.9911663
0.0097483415 0.99025166
0.04643361 0.9535664
0.006242963 0.993757
0.08643121 0.9135688
0.3067096 0.6932905
3.3133587e-05 0.99996686
0.67899615 0.3210038
0.048408046 0.951592
0.0013632058 0.9986368
0.0005067898 0.99949324
1.456941e-05 0.99998546
0.5647988 0.43520126
0.29996657 0.7000334
0.031095466 0.96890455
0.20552725 0.79447275
0.024466913 0.97553307
0.024065712 0.97593427
0.0751523 0.92484766
0.007943787 0.9920562
0.19082937 0.8091706
0.015653431 0.9843465
0.01784995 0.98215
0.003050453 0.9969496
0.7968487 0.20315135
0.017592024 0.982408
0.018704329 0.98129565
3.3142288e-07 0.99999964
7.287845e-05 0.99992716
0.15099323 0.8490068
0.0009957755 0.9990043
0.007928698 0.99207133
1.907495e-06 0.9999981
0.03358631 0.9664137
0.056722876 0.9432771
0.09346468 0.90653527
8.898492e-09 1.0
0.94952446 0.05047557
0.03791199 0.962088
0.0031031808 0.99689686
1.8573699e-05 0.9999814
0.9885796 0.011420379
8.1149086e-25 1.0
0.08501854 0.9149815
0.11171978 0.88828015
0.045359354 0.9546407
0.72626203 0.27373797
0.004763946 0.9952361
0.027830744 0.9721692
0.7278585 0.27214155
0.013370261 0.9866297
0.06258205 0.9374179
0.02861144 0.97138864
0.012723421 0.9872766
8.806721e-05 0.9999119
0.24337696 0.75662297
0.00086620706 0.99913377
0.85049516 0.14950481
0.16772878 0.8322712
0.013514332 0.9864857
0.07512684 0.9248732
0.038054578 0.9619455
0.9509715 0.049028553
5.484868e-06 0.9999945
0.07143119 0.92856884
0.004914303 0.99508566
0.042928174 0.9570718
0.1514274 0.84857255
0.09640251 0.90359753
0.052136917 0.94786304
0.0027916643 0.9972083
2.7609734e-05 0.99997234
0.7063451 0.29365492
0.0046781087 0.9953219
0.014001658 0.9859984
0.9869348 0.013065288
0.27289376 0.7271062
0.14445367 0.85554636
0.011415955 0.98858404
0.07071928 0.92928076
3.1664313e-05 0.9999683
3.1649095e-05 0.9999683
3.8790526e-11 1.0
0.0018559262 0.99814403
0.3268044 0.6731956
0.08196605 0.91803396
0.013523577 0.9864764
0.0015745561 0.9984255
2.0627198e-05 0.9999794
0.11964208 0.88035786
6.541382e-20 1.0
0.008501981 0.99149805
9.5588126e-05 0.9999044
0.052176 0.94782394
0.00066185853 0.9993381
0.019635726 0.9803642
2.4172825e-06 0.9999976
7.914604e-05 0.99992085
4.182171e-06 0.9999958
0.9674045 0.032595575
0.03259588 0.9674041
0.07024416 0.92975587
9.608406e-07 0.99999905
0.049581394 0.95041865
0.016828693 0.9831713
0.1923568 0.80764323
0.04696779 0.95303226
1.09948e-07 0.9999999
0.2317557 0.76824427
0.010730151 0.9892699
0.011469699 0.98853034
0.05022555 0.9497744
0.29133353 0.7086665
0.41675526 0.58324474
0.06999912 0.9300009
0.02603104 0.973969
1.538106e-05 0.9999846
0.78058076 0.21941926
0.049067676 0.9509324
0.7050433 0.2949567
0.03666859 0.9633314
0.052349836 0.9476502
0.030204067 0.96979594
0.001848141 0.99815184
0.69020617 0.30979383
0.39633125 0.60366875
0.010525867 0.9894741
0.021840898 0.97815907
0.010050675 0.98994935
0.004537596 0.99546236
0.008456763 0.9915432
0.00062059826 0.9993794
0.0015507421 0.9984492
0.008216343 0.9917836
0.29135028 0.70864975
0.76074266 0.23925734
0.07971514 0.92028487
2.603977e-06 0.9999974
8.879374e-15 1.0
7.079399e-06 0.99999297
0.005024219 0.9949758
0.029969577 0.9700304
0.22734852 0.7726515
0.0007218764 0.9992781
0.0052073793 0.99479264
0.77382743 0.22617264
0.062382393 0.9376176
0.048494793 0.95150524
0.010157862 0.9898421
0.0053113988 0.99468863
0.7073451 0.2926549
8.5793886e-11 1.0
0.001330598 0.9986694
0.006945735 0.9930542
0.15673377 0.8432662
0.002025017 0.99797493
0.43770927 0.5622908
0.66126794 0.33873206
0.026595356 0.9734047
0.011290133 0.98870987
0.13012849 0.86987156
0.11875624 0.88124377
0.001150426 0.9988495
0.016756091 0.9832439
0.0003646147 0.99963534
0.002672912 0.9973271
0.14694788 0.8530522
0.2064927 0.7935073
0.5033845 0.4966156
0.10069519 0.8993048
0.07253332 0.9274667
0.9368798 0.06312017
0.050433658 0.94956636
0.9997124 0.0002875811
0.05307768 0.94692236
0.017705612 0.9822943
4.4480832e-05 0.99995553
0.8974431 0.102556944
0.023982089 0.97601783
0.04106327 0.95893675
0.1942845 0.8057155
0.002473717 0.9975262
0.27323493 0.726765
0.03982582 0.9601742
0.083158895 0.9168411
0.036499117 0.9635009
0.019558989 0.980441
3.9536424e-08 1.0
2.8587797e-06 0.99999714
4.3389484e-08 1.0
0.0057756416 0.99422437
0.34130055 0.6586995
0.0002736932 0.99972624
8.740783e-14 1.0
0.12621112 0.87378883
0.32173398 0.678266
2.464141e-09 1.0
0.05928488 0.94071513
0.055720214 0.94427985
0.025294475 0.9747055
0.009607596 0.99039245
0.013022476 0.9869775
0.03229701 0.967703
0.07302061 0.92697936
0.009658246 0.9903418
0.088444054 0.91155595
0.004578406 0.9954216
0.00026290398 0.9997371
0.002574333 0.9974256
0.017396607 0.9826034
0.0035351235 0.99646485
0.004124321 0.99587566
0.08144909 0.91855085
0.14409773 0.85590225
0.072307706 0.92769235
0.025256474 0.97474355
0.84455955 0.1554404
0.017541513 0.98245853
0.019303693 0.98069626
0.11917619 0.8808238
0.0070309048 0.9929691
0.00016280392 0.99983716
0.053518284 0.94648176
0.69044673 0.3095533
0.051226128 0.94877386
4.0135506e-05 0.9999598
0.48913744 0.5108625
4.639864e-06 0.99999535
0.00046133556 0.99953866
2.4996964e-06 0.9999975
0.006690258 0.99330974
0.12700486 0.8729951
0.003970972 0.996029
0.09407406 0.9059259
0.00082024315 0.9991798
0.0747457 0.9252543
0.0093295295 0.99067044
0.0045395945 0.99546033
0.96989584 0.030104108
0.8815928 0.118407145
0.056238342 0.9437616
0.022572078 0.9774279
0.27178374 0.72821623
0.907828 0.09217204
0.27381697 0.72618306
0.00044513054 0.9995548
0.0041907006 0.9958093
0.0014171265 0.99858284
3.8327013e-05 0.9999616
6.0545306e-05 0.99993944
1.8168486e-05 0.9999819
0.08116917 0.9188309
0.0059477384 0.99405223
7.2259303e-07 0.9999993
0.07323718 0.92676276
0.028114514 0.9718855
1.00315865e-05 0.99999
0.370579 0.629421
0.00060580863 0.9993942
0.0012611564 0.9987388
0.0067038946 0.9932961
1.2105512e-06 0.9999988
0.3055389 0.6944611
1.4348447e-05 0.9999857
0.0010947817 0.9989052
0.20880526 0.79119474
5.00163e-08 1.0
0.06275748 0.9372425
0.058989443 0.9410105
0.01592871 0.98407125
0.016880741 0.9831193
0.59546614 0.40453383
0.7207258 0.2792742
0.11441929 0.88558066
1.7501743e-11 1.0
1.9182407e-05 0.9999808
0.9784582 0.02154183
0.0022448408 0.9977552
0.84328926 0.15671077
1.105346e-06 0.9999989
0.06326722 0.93673277
0.043190613 0.95680934
0.03462182 0.96537817
0.0076645147 0.9923355
0.99995303 4.696542e-05
0.85724753 0.14275238
9.7222975e-05 0.9999027
0.19435571 0.8056443
0.045340806 0.9546592
0.0066141332 0.99338585
0.007794876 0.9922051
0.81754273 0.18245733
0.009722088 0.99027795
1.5596598e-07 0.9999999
9.3486946e-08 0.9999999
0.083044454 0.91695553
0.00020017428 0.9997998
0.7801834 0.21981668
0.050021637 0.94997835
1.8924917e-10 1.0
0.026877822 0.9731222
0.014861185 0.98513883
0.37587294 0.62412703
0.00024530586 0.9997547
0.98301816 0.016981822
0.009929516 0.9900705
0.00011439182 0.99988556
0.0024304735 0.9975695
0.0062460527 0.99375397
1.042528e-08 1.0
0.00015479907 0.99984515
0.0016569952 0.998343
0.8592579 0.1407421
0.096342206 0.90365773
0.017836673 0.98216337
0.016424987 0.983575
0.003633046 0.996367
0.13384114 0.86615884
0.6438764 0.3561237
0.003291211 0.99670875
0.0011216684 0.9988783
0.029343821 0.9706562
0.01648263 0.9835173
0.9177423 0.08225769
0.027147349 0.97285265
0.36075497 0.63924503
0.0033101342 0.9966898
0.32621875 0.6737812
0.0020250499 0.99797493
0.9990398 0.0009601914
0.00036254255 0.9996375
4.163844e-06 0.9999958
0.0002668417 0.99973315
0.023002587 0.9769974
0.9966961 0.0033039327
0.003388047 0.9966119
0.90963995 0.09035997
0.10266627 0.89733374
0.0005646581 0.99943537
0.07098686 0.9290132
0.27331617 0.7266838
0.082387045 0.9176129
0.0022138993 0.99778605
0.6684559 0.33154413
1.0572764e-06 0.9999989
0.06800998 0.93198997
0.21040483 0.7895952
0.374519 0.625481
0.045512304 0.95448774
0.0108853355 0.98911464
0.018005388 0.98199457
0.0073616747 0.99263835
7.129902e-09 1.0
0.0037214998 0.99627846
0.4623087 0.5376913
0.06377965 0.9362203
0.106583044 0.89341694
0.0078627085 0.99213725
0.40016693 0.5998331
0.16735429 0.8326458
0.19085814 0.80914193
0.0005765936 0.9994234
0.042748358 0.95725167
0.0012387532 0.9987613
0.021093257 0.9789067
0.16025892 0.8397411
0.016006585 0.9839934
2.0624957e-06 0.999998
0.06401993 0.9359801
2.1677356e-06 0.99999785
0.04581099 0.95418906
0.035906617 0.9640933
0.015170372 0.9848296
9.182089e-06 0.9999908
0.054069925 0.94593006
0.067135856 0.9328641
0.14545085 0.8545491
0.001882281 0.9981178
9.99834e-05 0.9999
0.038262114 0.96173793
0.19084221 0.8091577
0.37009495 0.62990505
0.80819637 0.19180363
0.99999833 1.641135e-06
0.00031336598 0.9996866
0.69803226 0.30196777
0.0039983657 0.99600166
4.7791747e-07 0.9999995
0.014952492 0.98504746
0.18291907 0.8170809
5.776912e-09 1.0
0.068289146 0.93171084
0.0016116764 0.9983883
0.054562245 0.9454377
0.045917347 0.95408267
0.054863706 0.94513625
0.017373107 0.98262686
0.0022658997 0.99773407
1.5239706e-06 0.99999845
0.002132144 0.9978678
8.7702e-06 0.9999912
0.74458444 0.2554156
0.2270629 0.77293706
0.08242307 0.91757697
0.003406097 0.9965939
0.007877012 0.99212295
0.017405268 0.9825948
0.0049093734 0.9950906
4.768356e-05 0.9999523
0.72296405 0.277036
0.11148067 0.88851935
0.0041796626 0.9958203
0.17288019 0.8271198
0.07071951 0.9292805
0.1758297 0.8241703
0.60722435 0.39277565
0.023878291 0.97612166
0.038436223 0.96156377
0.00020894763 0.9997911
0.00028076852 0.9997192
0.4750644 0.5249356
0.26361364 0.7363863
0.89032125 0.109678715
0.12900661 0.8709934
0.038462803 0.9615372
0.17497621 0.82502383
0.042244524 0.9577555
1.9361487e-05 0.9999807
0.09680755 0.9031925
0.03995673 0.9600433
0.0032261899 0.9967738
0.002164802 0.9978352
8.124895e-06 0.9999919
0.41906634 0.58093363
0.010633081 0.98936695
0.5420101 0.45798984
0.14494292 0.8550571
5.432322e-06 0.9999945
0.9999305 6.9530724e-05
0.99999976 2.4297927e-07
0.9999739 2.613929e-05
0.9999999 1.2260966e-07
0.9999989 1.104065e-06
0.9805879 0.019412113
0.8210718 0.17892827
0.017917478 0.9820825
0.9395435 0.060456544
0.94595003 0.054050017
0.99917394 0.0008260254
0.7181975 0.2818025
0.96324545 0.03675453
0.9284321 0.07156787
0.999997 2.9600233e-06
0.9999994 5.4812e-07
1.0 7.2906026e-10
0.99998474 1.5250191e-05
0.98729974 0.012700279
0.9982938 0.001706161
0.9617072 0.038292848
0.99884915 0.0011508744
0.9817878 0.018212182
0.97673994 0.023260074
0.99855214 0.0014478097
0.9741761 0.025823845
0.8909133 0.10908674
0.6580373 0.34196275
0.96104413 0.03895593
0.9528889 0.047111064
0.8007415 0.19925855
0.9737815 0.026218498
0.9999685 3.142108e-05
0.9247435 0.07525654
0.7786076 0.22139241
0.99976987 0.00023012112
0.90511036 0.09488965
0.9908443 0.009155714
0.9992716 0.0007284842
0.96276027 0.03723972
0.9923063 0.0076936665
0.99988973 0.00011021897
0.9716275 0.028372483
0.99958223 0.0004177251
0.98041326 0.01958678
0.34005165 0.65994835
0.9998541 0.00014593311
0.9866742 0.013325889
0.9563562 0.043643724
0.99999774 2.2936476e-06
0.9881535 0.011846539
0.9435049 0.056495063
0.99997973 2.0289699e-05
0.99148905 0.008510941
0.9719437 0.028056331
0.9894114 0.010588627
0.905777 0.094223075
0.9961014 0.0038986336
0.99999106 8.926866e-06
0.99134654 0.008653442
0.9999975 2.5235458e-06
0.9999839 1.6125765e-05
0.8776692 0.122330785
0.9967321 0.003267951
0.9999999 8.2493294e-08
0.38711843 0.61288154
0.99998415 1.5913627e-05
0.9998356 0.00016441748
0.9999548 4.515039e-05
0.99999976 2.4694972e-07
0.9792276 0.02077241
0.948059 0.05194101
0.99228513 0.007714842
0.99644464 0.0035553188
0.9147492 0.08525074
0.766253 0.23374707
0.9999957 4.3218947e-06
0.7657042 0.23429583
0.99940383 0.0005961259
0.9875766 0.01242334
0.96985483 0.030145139
0.9402197 0.059780303
0.99831414 0.001685834
0.11773025 0.8822697
0.7960601 0.20393996
0.76430136 0.23569861
0.9804331 0.019566864
0.94659513 0.053404845
0.9636878 0.036312237
0.9975794 0.0024206594
0.99919075 0.0008092873
0.92333996 0.0766601
0.8607474 0.13925269
0.9978947 0.0021053418
0.9985946 0.001405356
0.8643934 0.13560656
0.9757245 0.024275498
0.96717215 0.032827865
0.9946896 0.0053104674
0.9002986 0.09970143
0.54415476 0.45584524
0.9207686 0.07923137
0.98059857 0.01940146
0.47516015 0.5248398
0.98948926 0.010510786
0.7093408 0.29065916
0.999895 0.0001049549
0.999972 2.8018558e-05
0.643613 0.35638705
0.98944175 0.010558197
0.9942749 0.0057250434
0.5887587 0.41124135
0.9866106 0.013389449
0.9999919 8.133967e-06
0.8857733 0.114226736
0.9974366 0.0025634444
0.91334003 0.08666
0.99660957 0.003390418
0.99999654 3.5084415e-06
0.9941174 0.0058826692
0.90055186 0.09944818
0.9996364 0.0003635568
0.99990237 9.7587355e-05
0.22610027 0.77389973
0.9693749 0.030625096
0.7861222 0.21387778
0.9998567 0.00014323718
0.75125164 0.24874835
0.31435475 0.6856453
0.9940235 0.005976459
0.9341808 0.06581918
0.99983907 0.0001609101
0.8212137 0.17878631
0.8631313 0.13686876
0.8491215 0.15087846
0.05930541 0.9406946
0.9833001 0.016699944
0.9999809 1.9060775e-05
0.9849962 0.015003729
0.99539953 0.004600471
0.86570865 0.13429132
0.9803099 0.019690096
0.999876 0.00012397248
0.999328 0.0006719771
0.9997843 0.00021566544
0.9486595 0.051340442
0.97880733 0.021192614
0.7796838 0.22031619
0.9999628 3.716125e-05
0.9380327 0.061967332
0.99722713 0.0027728782
0.9949536 0.005046461
0.9510849 0.048915077
0.9580105 0.041989565
0.75801593 0.2419841
0.582357 0.41764307
0.99972636 0.00027359382
0.99821544 0.0017845536
0.90146476 0.098535225
0.9973496 0.002650391
0.9236097 0.07639039
0.41843498 0.58156496
0.97787744 0.022122605
0.9987808 0.0012192497
0.95483345 0.045166563
0.93226093 0.06773905
0.9505397 0.04946031
0.98878175 0.0112182805
0.9987613 0.0012387655
0.99624383 0.0037562384
0.99993896 6.0986687e-05
0.9998553 0.00014465794
0.9999305 6.9506525e-05
0.9974044 0.0025955935
0.9707648 0.02923513
0.96248484 0.03751518
0.9738375 0.026162518
0.7207956 0.2792044
0.9135056 0.08649439
0.99234927 0.00765076
0.88253015 0.11746984
0.9998857 0.00011426132
0.9619392 0.0380608
0.8894987 0.11050132
0.9037147 0.096285306
0.99774843 0.0022515901
0.9999188 8.120766e-05
0.9835064 0.016493613
0.9625318 0.037468232
0.9953192 0.0046808003
0.9495404 0.050459605
0.9839393 0.016060643
0.99999785 2.1977962e-06
0.9999696 3.041976e-05
0.99798644 0.00201361
0.98839426 0.011605678
0.9943883 0.0056116725
0.5881147 0.41188526
0.97114134 0.028858691
0.8067809 0.19321918
0.97442585 0.02557416
0.9731261 0.026873857
0.9999821 1.785171e-05
0.9626151 0.037384957
0.99568945 0.0043105725
0.98350453 0.016495436
0.99992466 7.535506e-05
0.04591899 0.95408094
0.8466844 0.15331556
0.9998884 0.00011160774
0.9999751 2.4867142e-05
0.9822307 0.017769303
0.98002714 0.019972913
0.82689136 0.17310858
0.96249455 0.03750547
0.9780652 0.021934744
0.8988725 0.101127476
0.99398285 0.006017173
0.9935045 0.0064954227
0.9489147 0.05108535
0.9682548 0.031745188
0.9927234 0.0072766324
0.9999938 6.234203e-06
0.15627822 0.8437218
0.97926944 0.020730522
0.8624176 0.13758245
0.0017964809 0.9982035
0.9042103 0.09578967
0.56274515 0.43725485
0.91434145 0.08565855
0.9958151 0.004184924
0.99920326 0.0007967239
0.9999926 7.4134573e-06
0.8599735 0.1400265
0.9357769 0.064223126
0.7326927 0.26730722
0.7431534 0.2568466
0.8489202 0.15107971
0.97077596 0.029224098
0.99740535 0.0025946875
0.9085579 0.091442056
0.98241615 0.017583791
0.9723433 0.02765664
0.9984635 0.0015364592
0.9999999 9.264255e-08
0.99982244 0.0001775417
0.8702715 0.1297285
0.9957659 0.0042340513
0.99402726 0.0059727207
0.94752365 0.052476373
0.6610566 0.33894342
0.9826088 0.01739118
0.9787123 0.021287648
0.8300322 0.1699678
0.99346054 0.006539426
0.9891858 0.010814214
0.96172124 0.03827873
0.99998426 1.56932e-05
0.9999707 2.9347117e-05
0.5694163 0.43058372
0.9999715 2.8479077e-05
0.8931875 0.10681245
0.94809705 0.051903
0.96013814 0.039861895
0.6491515 0.3508485
0.97543347 0.02456655
0.65047735 0.34952268
0.66704404 0.33295593
0.55582696 0.44417304
0.99907327 0.0009266757
0.8850018 0.114998214
0.9035793 0.09642074
0.9982468 0.0017532194
0.7902896 0.20971037
0.9628269 0.03717313
0.95935524 0.040644772
0.9833756 0.01662433
0.9752969 0.024703046
0.8740845 0.12591551
0.7377204 0.2622796
0.99585515 0.0041447906
0.9694458 0.0305542
0.9906956 0.009304389
0.9706368 0.029363262
0.9466369 0.053363014
0.93500054 0.06499946
0.7363332 0.26366684
0.9999554 4.462661e-05
0.96574146 0.034258552
0.99458694 0.005413037
0.9846081 0.015391898
0.8522745 0.14772554
0.15345713 0.84654284
0.9999819 1.8068182e-05
0.99999976 2.858794e-07
0.9969025 0.003097483
0.974704 0.025296018
0.99979883 0.00020124216
0.866979 0.13302103
0.84293216 0.15706784
0.75356793 0.24643205
0.9998797 0.000120252116
0.95429194 0.04570801
0.97520554 0.024794435
0.9369589 0.06304112
0.9999676 3.2461776e-05
0.99028975 0.009710172
0.17064203 0.8293579
0.9991866 0.0008134744
0.99998236 1.769015e-05
0.9993857 0.0006142734
0.95509654 0.044903528
0.76079404 0.2392059
0.18026109 0.8197389
0.46360672 0.5363933
0.9998442 0.00015584171
0.89808077 0.10191921
0.96668243 0.033317607
0.96456414 0.035435896
0.5039819 0.49601808
0.98913026 0.010869745
0.99233866 0.007661349
0.91524994 0.084750086
0.96554047 0.034459524
0.88300544 0.11699461
0.7404488 0.25955117
0.9549046 0.045095403
0.6935344 0.3064657
0.99850863 0.0014913566
0.8859709 0.114029065
0.9471795 0.052820522
0.5018707 0.49812934
0.9654866 0.034513384
0.6550378 0.34496218
0.95740604 0.042593934
0.95346904 0.046531007
0.98574674 0.014253238
0.98447126 0.015528755
0.9108183 0.08918176
0.99038726 0.009612684
0.98520875 0.014791265
0.9613593 0.03864069
0.99823135 0.0017686934
0.92327756 0.07672243
0.9998956 0.00010441326
0.99999976 2.6039396e-07
0.9143256 0.08567438
0.9997844 0.0002156083
0.91943717 0.08056283
0.97301257 0.026987417
0.9985306 0.0014693323
0.99948454 0.0005154531
0.5391352 0.46086475
0.87470365 0.12529641
0.9723972 0.0276028
1.0 1.9548398e-09
0.9494518 0.05054814
0.99450856 0.00549148
0.54921097 0.45078894
0.7763049 0.22369507
0.84961444 0.15038551
0.9891756 0.010824324
0.99977094 0.00022911602
0.8136366 0.18636343
0.098340176 0.9016598
0.99957305 0.0004269052
0.98786294 0.012137035
0.9999728 2.7212667e-05
0.97864145 0.02135856
0.7630769 0.23692311
0.99999905 9.093604e-07
0.949242 0.050758023
0.11796431 0.8820357
0.9559318 0.04406829
0.8653785 0.13462149
0.9999368 6.315321e-05
0.9906384 0.009361628
0.9465823 0.05341761
0.8874956 0.112504445
0.95108545 0.048914596
0.99098045 0.009019589
0.9706489 0.029351106
0.78527063 0.21472941
0.88999057 0.110009424
0.9230719 0.076928124
0.82320935 0.17679065
0.8546332 0.14536674
0.98533 0.014669952
0.9938886 0.0061113094
0.35665628 0.6433437
0.99477154 0.0052285073
0.6752774 0.32472256
0.9997613 0.0002387201
0.9975788 0.002421182
0.94841397 0.05158605
0.9591555 0.040844467
0.9887326 0.01126745
0.9922362 0.007763805
0.9648063 0.035193652
0.9980539 0.0019461152
0.9843466 0.0156533
0.76410353 0.23589645
0.56897295 0.43102708
0.78169024 0.21830973
0.99795216 0.00204782
0.997062 0.0029379448
0.7739074 0.22609255
0.9590261 0.040973853
0.74224675 0.2577532
0.98504794 0.014952057
0.77881914 0.22118086
0.9995592 0.0004408155
0.98154587 0.018454172
0.7903628 0.20963722
0.9942227 0.0057773287
0.7178341 0.28216594
0.9735579 0.026442135
0.9982638 0.0017362052
0.08054741 0.91945255
0.6728006 0.32719934
0.85491127 0.14508878
0.7377667 0.26223326
0.99997437 2.5615956e-05
0.25483727 0.7451628
0.8359117 0.16408826
0.9926381 0.007361866
0.8680885 0.13191155
0.98954713 0.010452861
0.9926052 0.007394827
0.93920076 0.060799163
0.9596743 0.0403257
0.2828138 0.7171862
0.13983445 0.86016554
0.64586824 0.3541317
0.9979547 0.0020452412
0.997781 0.0022190858
0.9865491 0.013450952
0.21397816 0.7860219
0.9996873 0.0003127145
0.89718115 0.1028188
1.0 2.388391e-09
0.9998752 0.00012475562
0.88932437 0.11067567
0.9999976 2.3549735e-06
0.9999852 1.4747727e-05
0.9413387 0.05866125
0.99983835 0.00016159016
0.99073315 0.0092668
0.95895725 0.0410428
0.9547754 0.045224622
0.9999982 1.7553106e-06
0.99763966 0.0023604052
0.88213825 0.117861755
0.99395764 0.006042305
0.94100964 0.05899033
0.9974366 0.002563486
0.83798176 0.16201822
0.99997246 2.7580394e-05
0.8771866 0.12281344
0.99996793 3.2086533e-05
0.9827748 0.017225211
0.9983712 0.0016288576
0.9321561 0.0678439
0.89236563 0.10763435
0.9968299 0.003170084
0.8370355 0.16296457
0.9993931 0.0006069281
0.8238216 0.17617841
0.99859065 0.0014093032
0.587077 0.41292298
0.967426 0.032573942
0.9538469 0.04615321
0.9933294 0.0066706026
0.9998542 0.00014580751
0.7008121 0.2991879
0.9540928 0.045907203
0.993109 0.006890998
0.6509564 0.34904364
0.9859439 0.014056092
0.998028 0.001972024
0.99952507 0.00047498444
0.09848996 0.90151006
0.02652587 0.97347414
0.948328 0.051672004
0.9993749 0.0006250997
0.9755363 0.024463695
0.08411617 0.9158839
0.99978715 0.0002128626
0.9999827 1.7310995e-05
0.95905715 0.040942837
0.9652565 0.03474351
0.9864536 0.01354637
0.9993185 0.0006815289
0.97759056 0.022409422
0.9995772 0.00042276128
0.5983629 0.40163705
0.9984067 0.0015932863
0.91713095 0.08286909
0.95064807 0.049351905
0.9642139 0.035786066
0.99979967 0.00020035417
0.71761066 0.28238934
0.8305232 0.16947684
0.9995634 0.00043659878
0.93924904 0.060750954
0.75801444 0.24198553
0.9976494 0.0023506193
0.53406936 0.4659306
0.99863106 0.001368895
0.8422087 0.15779136
0.9868188 0.013181257
0.99946445 0.00053555844
0.96982443 0.030175617
0.9941239 0.0058760857
0.99994385 5.6109093e-05
0.9892363 0.010763669
0.9953295 0.004670495
0.9991654 0.0008346014
0.99988925 0.00011071934
0.9995034 0.00049656717
0.97321147 0.02678852
0.9820109 0.017989159
0.9870243 0.012975692
0.51912296 0.48087695
0.927268 0.07273193
0.9979734 0.0020266108
0.996424 0.00357594
0.9164376 0.08356237
0.7383924 0.26160762
0.9925662 0.007433821
0.8059122 0.19408776
0.9777754 0.022224551
0.9943762 0.005623835
0.9908646 0.009135431
0.9933969 0.0066031483
0.99999785 2.1012277e-06
0.8269884 0.17301157
0.98932284 0.010677149
0.9999279 7.214508e-05
0.9248075 0.07519245
0.9927206 0.0072794575
0.9247172 0.07528286
0.9996629 0.00033711377
0.3115332 0.6884668
0.0035760133 0.996424
0.99391913 0.006080905
0.9987692 0.0012307274
0.8418829 0.15811709
0.9951389 0.004861042
0.5624111 0.43758887
0.9396713 0.060328722
0.99898916 0.0010108126
0.9993254 0.0006745713
0.99784255 0.0021574527
0.9265694 0.07343058
0.53801244 0.46198756
0.9858161 0.01418389
0.9636165 0.036383577
0.98967606 0.010323992
0.99741447 0.0025855212
0.42848024 0.57151973
0.9998258 0.00017430254
0.99997866 2.137457e-05
0.93441176 0.065588236
1.0 8.913596e-12
0.91866606 0.08133397
0.8105888 0.18941124
0.057263177 0.9427368
0.97720337 0.022796666
0.9696222 0.030377816
0.84205097 0.15794902
0.74061894 0.25938103
0.98220867 0.017791344
0.98790574 0.0120942425
0.6565101 0.3434899
0.8338702 0.16612986
0.99851424 0.0014857902
0.99946696 0.0005331168
0.96175545 0.03824453
0.89587015 0.10412985
0.9986804 0.0013195937
0.9999957 4.287865e-06
1.0 3.0299294e-08
0.84884655 0.15115349
0.99656564 0.0034343794
0.9028323 0.09716765
0.98670423 0.013295727
0.99801743 0.0019825452
0.9998963 0.0001036943
0.90377945 0.09622054
0.997764 0.0022359714
0.9694466 0.03055343
0.9095318 0.09046819
0.9984824 0.0015176322
0.9609666 0.039033428
0.9932441 0.00675595
0.96999174 0.03000822
0.9008317 0.09916828
0.8283928 0.1716072
0.9373915 0.062608466
0.9874287 0.012571323
0.9371536 0.06284642
0.93744487 0.06255517
0.99946684 0.00053312234
0.9999796 2.0397196e-05
0.97914976 0.020850264
0.9926583 0.007341662
0.9570122 0.042987872
0.39787167 0.6021283
0.9358654 0.0641346
0.9373081 0.06269197
0.4795503 0.5204497
0.99012417 0.009875873
0.9519556 0.048044413
0.9115344 0.08846559
0.8507359 0.1492641
0.99766773 0.002332205
0.9833908 0.016609214
0.7089832 0.29101685
0.11056093 0.889439
0.9973846 0.0026154262
0.9780765 0.021923466
0.99991655 8.340778e-05
0.99909866 0.0009013892
0.8165188 0.18348117
0.65286934 0.34713063
0.8914417 0.10855836
0.174883 0.825117
0.99627006 0.0037299604
0.95183516 0.048164807
0.8458366 0.15416339
0.9838108 0.016189242
0.94329965 0.05670041
0.92807305 0.071927026
0.28554606 0.71445394
0.10431342 0.89568657
0.95847076 0.04152928
0.75804996 0.24195002
0.5318045 0.4681954
0.9851752 0.014824851
0.86473125 0.13526879
0.98892564 0.011074432
0.99999344 6.5539366e-06
0.9818618 0.018138142
0.9048455 0.095154494
0.99735874 0.0026412837
0.98698246 0.013017463
0.9530483 0.046951763
0.6800894 0.31991053
0.9999807 1.9300578e-05
0.119341396 0.8806586
0.9942919 0.0057081208
0.9996691 0.0003308897
0.97254586 0.027454147
1.0 5.0538147e-16
0.32033005 0.6796699
0.28172478 0.71827525
0.9869976 0.013002357
0.87575585 0.1242441
0.9866325 0.013367532
0.9831511 0.016848886
0.9342435 0.0657565
0.99072266 0.00927737
0.9478817 0.052118283
0.9997651 0.00023491196
0.99731594 0.0026840933
1.0 3.271804e-10
0.25863144 0.7413686
0.99539655 0.004603437
0.9581293 0.041870683
0.99752694 0.0024730798
0.9963851 0.0036148503
0.99852955 0.0014703961
0.76503426 0.23496573
0.9310653 0.06893466
0.9817972 0.018202815
0.9998499 0.00015001796
1.0 3.593336e-08
0.9940327 0.005967339
0.9995055 0.0004944489
0.9999844 1.5649024e-05
0.9999969 3.0982221e-06
0.9965071 0.0034928601
0.999653 0.0003469637
0.99956363 0.00043640094
0.9202763 0.07972373
0.9831996 0.016800433
0.99401844 0.0059815175
0.99885774 0.0011422243
0.9999747 2.5273866e-05
0.9868881 0.013111945
0.9899859 0.0100140525
0.7655458 0.2344542
0.38811293 0.61188704
0.27426675 0.7257333
0.9730892 0.026910806
0.9983468 0.0016531398
0.99010056 0.0098994095
0.99998665 1.3397176e-05
0.9597259 0.040274147
0.97615904 0.023840982
0.91104907 0.088951
0.95340604 0.04659395
0.9950244 0.00497557
0.83585304 0.16414697
0.9860141 0.013985867
0.9995709 0.00042906648
0.9997002 0.0002998764
0.9995925 0.00040751818
0.9712723 0.02872764
0.93528265 0.0647174
0.72462577 0.27537423
0.9796888 0.020311223
0.81993616 0.18006381
0.9912545 0.008745479
0.9999968 3.2108626e-06
0.757504 0.242496
0.9632054 0.036794577
0.99898094 0.0010189915
0.99739623 0.0026037698
0.9929804 0.0070196353
0.80614793 0.19385204
0.94984525 0.05015472
0.61450976 0.38549018
0.9855086 0.01449133
0.99984634 0.00015366873
0.7945084 0.20549157
0.99565876 0.0043412647
0.97828126 0.021718819
0.7964984 0.20350163
0.9747999 0.0252002
0.21942224 0.7805778
0.009090865 0.99090916
0.99995244 4.7504505e-05
0.9996438 0.00035619418
0.99902284 0.0009771585
0.8935844 0.10641567
0.9973212 0.002678883
0.99999285 7.101889e-06
0.33311653 0.66688347
0.36016822 0.6398318
0.98820364 0.011796321
0.9072773 0.09272267
0.853042 0.146958
0.8417032 0.15829684
0.9771105 0.022889521
0.9949191 0.005080895
0.94684815 0.05315184
0.93710566 0.06289435
0.99958724 0.0004127426
0.5845587 0.4154413
0.91943586 0.08056417
0.958129 0.04187102
0.9998623 0.0001376713
0.720268 0.27973196
1.0 1.141072e-10
0.9917436 0.00825631
0.96296436 0.037035573
0.99761236 0.0023876
0.83591396 0.16408604
0.9833519 0.016648099
0.9999851 1.4910585e-05
0.999191 0.0008090047
0.86006707 0.13993296
0.93616366 0.06383629
0.98923 0.010769957
0.63605684 0.36394316
0.6906594 0.3093406
0.88057023 0.11942978
0.9987159 0.0012841258
0.9770782 0.022921793
0.80161566 0.19838437
0.9944711 0.005528963
0.9999957 4.3413725e-06
0.9513897 0.04861033
0.99831474 0.0016852523
1.0 5.412041e-13
0.9635097 0.036490295
0.97912174 0.020878224
0.9996872 0.00031284778
0.046822734 0.9531773
0.12795214 0.8720479
0.9558943 0.044105772
0.9659768 0.03402324
0.97707975 0.022920255
0.9082033 0.09179671
1.0 2.4997647e-08
0.98280334 0.017196586
0.7799875 0.22001255
0.97923297 0.020767076
0.91712874 0.0828713
1.0 3.7845993e-08
0.8517808 0.14821917
0.8884389 0.11156113
0.9458668 0.054133236
0.963025 0.036975022
0.5296385 0.4703614
0.99999046 9.55316e-06
0.99602926 0.003970721
0.9999864 1.3592778e-05
0.952906 0.04709396
0.99994946 5.0571696e-05
0.71931285 0.28068706
0.8686539 0.1313461
0.99311817 0.0068818643
0.966965 0.033035014
0.5304556 0.46954438
0.99588424 0.0041157417
0.9792534 0.020746587
0.89606714 0.10393289
0.9999912 8.875688e-06
0.8530383 0.1469617
0.9999999 1.3737564e-07
0.97407246 0.025927523
0.9887629 0.011237126
0.98283273 0.017167278
0.9910411 0.008958912
0.98374075 0.016259331
0.11463938 0.88536066
0.86639994 0.13360007
0.9339636 0.06603638
0.89988816 0.100111894
0.98428 0.015719976
0.9796792 0.020320838
0.9958943 0.0041057374
0.94504493 0.054955136
0.9970396 0.0029603746
0.937185 0.062814996
0.99920505 0.00079498684
0.99926585 0.00073416065
0.99872416 0.001275842
0.042444173 0.9575558
0.9898526 0.010147421
0.92162967 0.07837027
0.9999999 1.1663857e-07
0.8954612 0.10453884
0.9463361 0.0536639
0.9946306 0.0053693815
0.99808025 0.0019197381
0.89455 0.10544992
0.8926794 0.10732069
0.4959309 0.50406915
0.058022805 0.94197714
0.99990976 9.017533e-05
0.94428027 0.055719722
0.6872779 0.31272206
0.9503405 0.0496595
0.991277 0.008723021
0.9946755 0.00532449
0.888637 0.111362986
0.90659654 0.09340352
0.9999924 7.670845e-06
