0.15050519 0.84949476
0.013516366 0.98648363
0.000201447 0.9997986
0.25148126 0.7485187
1.5114481e-05 0.99998486
0.0021268488 0.9978732
0.09791319 0.9020868
0.2669318 0.7330682
0.03735092 0.9626491
0.018693212 0.9813068
0.17881966 0.8211803
7.5911346e-05 0.99992406
0.022238472 0.9777615
0.00027737435 0.99972266
0.027406674 0.97259337
0.035807956 0.9641921
0.25000703 0.749993
0.012339483 0.9876605
0.010175736 0.98982424
0.00032564314 0.9996743
1.871982e-06 0.9999981
0.8033933 0.19660667
0.9767865 0.023213571
0.93000305 0.06999698
0.17651539 0.8234846
0.8122975 0.18770249
0.05100323 0.94899684
0.21111353 0.7888865
0.0069256783 0.9930743
0.0054746694 0.9945253
0.023258261 0.9767418
0.012426061 0.9875739
1.8935943e-05 0.99998105
0.0043533803 0.99564666
0.08572311 0.91427696
0.006689783 0.9933102
0.00019810241 0.99980193
0.12235334 0.8776466
0.01269903 0.987301
0.0051794304 0.9948206
0.0052436623 0.99475634
0.20703708 0.7929629
0.0081887115 0.9918113
0.015437404 0.9845626
0.0026049835 0.99739504
1.4858546e-08 1.0
0.08106218 0.9189378
9.1750946e-05 0.9999082
0.010018167 0.98998183
6.614667e-07 0.9999993
0.509938 0.4900619
0.0012772 0.99872273
0.2690562 0.7309438
8.382001e-05 0.9999162
0.4731656 0.52683437
0.016581928 0.98341805
0.00048284745 0.9995172
6.009903e-09 1.0
0.6599187 0.34008127
0.78942806 0.21057196
0.07833139 0.9216686
0.15010114 0.8498989
0.2666549 0.73334503
0.09616037 0.90383965
0.3649654 0.6350345
1.9774745e-05 0.9999802
0.32109573 0.6789043
0.00497625 0.9950237
0.09096802 0.909032
0.043576527 0.9564235
0.0019529753 0.998047
0.014974041 0.98502594
0.031953678 0.9680463
0.022811653 0.97718835
2.9334912e-18 1.0
0.322269 0.677731
2.4788935e-11 1.0
0.39062503 0.60937506
0.00021369409 0.9997863
0.038612597 0.9613874
0.29263812 0.70736194
0.00065675075 0.9993432
1.45931335e-05 0.99998546
0.6466634 0.35333654
0.004838937 0.9951611
2.7148044e-08 1.0
0.011407443 0.9885925
0.06757081 0.93242925
0.22663383 0.77336615
0.093546614 0.9064534
0.013200852 0.9867992
0.024017785 0.9759822
0.020804793 0.97919524
0.00014760184 0.9998524
0.13136122 0.86863875
0.02956506 0.9704349
0.0069269775 0.99307305
0.00018795147 0.99981207
0.00767772 0.99232227
0.019923737 0.98007625
0.0005559225 0.99944407
0.33955103 0.66044897
0.00010662257 0.9998933
0.17080574 0.82919425
0.00012793607 0.9998721
0.0016942894 0.9983057
0.00011965344 0.9998803
0.25138405 0.748616
0.8181095 0.18189046
0.0020301975 0.9979698
0.90552914 0.09447089
1.8776434e-09 1.0
0.77251834 0.22748171
0.020393128 0.9796069
0.00028906658 0.99971086
0.03228713 0.9677128
1.0781544e-05 0.9999893
2.12775e-05 0.9999788
0.07563822 0.92436177
0.0498303 0.9501697
1.16993505e-07 0.9999999
0.0048284205 0.9951716
0.00051900896 0.999481
4.1173615e-07 0.99999964
0.037489872 0.96251017
0.0012352355 0.99876475
0.005073934 0.9949261
9.5476935e-08 0.9999999
0.45002213 0.5499779
0.059345514 0.94065446
0.60446787 0.3955321
0.014213376 0.98578656
0.0069388053 0.9930611
0.095329106 0.9046709
0.01062208 0.9893779
5.2288753e-05 0.99994767
0.0004107622 0.99958926
9.06973e-19 1.0
0.008576561 0.9914234
1.8524234e-12 1.0
0.00029694376 0.999703
0.013183409 0.9868166
0.0024254564 0.9975745
0.002242868 0.99775714
0.49285135 0.5071487
0.04753148 0.95246845
0.008839121 0.99116087
0.03736278 0.9626372
0.0010125798 0.9989874
0.038930018 0.96107
0.022460274 0.9775398
0.043312952 0.95668703
6.9262314e-05 0.99993074
0.19990873 0.80009127
0.021618357 0.97838163
0.025924126 0.97407585
0.026504744 0.9734953
3.5551642e-05 0.9999645
0.022951843 0.97704816
0.00074374216 0.9992562
0.9535258 0.046474203
5.8739087e-13 1.0
0.037757743 0.9622423
2.5356366e-07 0.99999976
6.148344e-07 0.9999994
0.0048273527 0.9951727
0.05953425 0.9404657
0.10036425 0.8996358
0.009362677 0.99063736
0.71851414 0.28148583
0.0006375575 0.9993624
0.07087835 0.9291216
0.0035894492 0.99641055
0.01726256 0.98273736
0.00069482374 0.9993051
0.0061882106 0.9938117
0.011411479 0.9885886
4.057341e-05 0.99995947
4.1902604e-07 0.9999995
0.00044400583 0.999556
0.9907212 0.009278778
0.7337216 0.26627836
3.8741086e-06 0.9999962
0.18177246 0.8182275
1.3168104e-09 1.0
0.00024508283 0.99975497
0.020170273 0.97982967
6.919714e-05 0.99993074
0.0031678218 0.9968322
6.824893e-05 0.9999317
5.4454135e-06 0.9999945
0.13457431 0.8654257
0.0454998 0.9545002
2.7467739e-05 0.9999726
0.8477168 0.15228318
0.00033615355 0.99966383
5.072208e-07 0.9999995
4.8646037e-08 1.0
0.022590285 0.9774097
0.0010657548 0.9989342
0.16550834 0.83449167
0.045844566 0.9541554
0.999345 0.00065497746
3.7049434e-05 0.9999629
2.0984746e-08 1.0
0.89951915 0.10048081
0.038456816 0.96154326
0.01315588 0.98684406
0.15946713 0.8405329
0.00011591316 0.9998841
0.012715739 0.9872843
0.0017430651 0.998257
0.010511316 0.98948866
0.05365121 0.9463488
0.058084823 0.94191515
0.5476494 0.45235062
0.1126213 0.8873787
2.1945402e-07 0.99999976
0.011172645 0.98882735
4.660333e-12 1.0
8.586802e-06 0.9999914
0.07753 0.92247
0.002800084 0.9971999
0.17253241 0.82746756
0.0006719726 0.999328
7.1525086e-10 1.0
0.030990575 0.9690094
0.45387667 0.5461234
0.060821373 0.9391786
0.108092725 0.8919073
8.107143e-10 1.0
0.00028953244 0.9997105
0.20686978 0.79313016
0.011011675 0.98898834
0.0042954665 0.9957046
6.997682e-16 1.0
1.585444e-16 1.0
0.0053731357 0.9946268
1.8531522e-05 0.9999815
2.3352162e-07 0.99999976
0.107774004 0.892226
0.0024972053 0.99750274
0.0017764347 0.9982236
0.86048406 0.13951594
0.050690193 0.94930977
0.043511093 0.95648897
1.27806125e-11 1.0
0.0019966576 0.9980033
0.049524195 0.9504759
7.965533e-13 1.0
0.00019057226 0.99980944
0.0016870614 0.99831295
1.1372694e-05 0.9999887
8.12973e-05 0.9999187
0.0019067092 0.9980933
2.945467e-05 0.99997056
0.01947228 0.98052776
0.009188187 0.9908118
9.236862e-05 0.9999076
0.00014593659 0.9998541
0.18821602 0.81178397
4.8123475e-06 0.99999523
0.006601869 0.9933981
0.066530734 0.93346924
0.0087482985 0.99125165
0.06302588 0.93697417
0.06183362 0.9381664
0.000115457005 0.9998845
0.07523863 0.9247613
0.4201461 0.5798539
0.001691047 0.9983089
1.2636159e-05 0.99998736
0.3360319 0.66396815
0.023429064 0.97657096
4.3344024e-14 1.0
0.0369616 0.96303844
0.018393317 0.9816067
0.021869274 0.97813076
0.0027467702 0.99725324
2.1484358e-15 1.0
0.5457652 0.4542348
0.016899522 0.98310053
0.88029385 0.11970613
0.065894604 0.93410534
0.039831955 0.96016806
0.0026917732 0.99730825
0.12737185 0.8726282
0.12928419 0.87071574
0.07571917 0.9242808
0.18234003 0.81766003
8.955653e-06 0.99999106
3.299277e-05 0.999967
0.00928413 0.99071586
0.017381625 0.98261833
6.613901e-11 1.0
0.00024438396 0.99975556
0.03001333 0.96998674
0.005762147 0.9942378
0.06713325 0.9328667
0.00073224545 0.99926776
6.518028e-05 0.9999348
0.05092049 0.9490795
0.009539582 0.9904604
0.36613604 0.63386387
0.97593826 0.024061713
0.038488593 0.9615114
0.24032398 0.759676
0.12162287 0.87837714
0.03529658 0.9647035
0.041666705 0.9583333
0.04235692 0.9576431
0.31652817 0.68347186
0.00045908202 0.9995409
0.00010991041 0.9998901
0.024551325 0.97544867
0.1684709 0.831529
0.16116457 0.8388355
0.00014702954 0.9998529
0.022606263 0.97739375
0.005809903 0.9941901
0.0002468927 0.99975306
0.0056965793 0.99430346
0.004082814 0.99591714
0.015048275 0.9849517
0.9123904 0.08760959
0.04176413 0.9582359
0.042247426 0.9577526
0.052175127 0.94782484
0.008413857 0.9915862
0.14314464 0.85685533
0.10655628 0.8934437
0.5941348 0.4058652
0.000110549285 0.9998895
0.06415832 0.9358417
0.91294074 0.08705922
0.749124 0.25087607
0.56456125 0.43543872
0.48849455 0.5115055
0.12392514 0.8760749
0.039940603 0.96005934
7.72377e-06 0.99999225
4.1995136e-08 1.0
0.002848524 0.99715155
0.065689854 0.9343101
0.005374823 0.99462515
0.013650684 0.98634934
2.8883633e-07 0.99999976
0.028851308 0.9711487
0.008934141 0.9910658
0.017282676 0.98271734
0.00026269376 0.9997373
1.4114225e-06 0.99999857
0.002017727 0.99798226
0.042702682 0.9572973
0.00026450783 0.99973553
0.029821781 0.9701782
0.00032544267 0.99967456
9.315591e-06 0.9999907
7.017032e-17 1.0
0.10832517 0.8916749
5.218972e-05 0.9999478
0.00018536903 0.9998147
0.03962657 0.9603734
3.201153e-05 0.99996793
8.2756866e-05 0.99991727
0.9097875 0.090212524
2.3564842e-10 1.0
0.45664263 0.5433573
0.0008907255 0.9991092
0.0052087675 0.99479127
0.70120174 0.29879832
0.07288732 0.92711264
0.43886998 0.56113005
0.049447116 0.9505529
0.49316812 0.5068319
1.1733945e-07 0.9999999
0.00024214463 0.9997578
0.0029904922 0.9970095
0.012851221 0.9871488
0.71474797 0.28525203
3.2701219e-06 0.9999968
0.21662982 0.78337014
0.61684686 0.3831531
0.0034996998 0.99650025
0.8825932 0.11740684
0.0003994459 0.9996006
0.0005751139 0.99942493
0.0024764203 0.9975236
0.00012843318 0.9998715
0.003484194 0.99651575
0.011923009 0.98807704
0.01269527 0.98730475
0.10215386 0.89784616
2.142187e-05 0.99997854
0.00057024066 0.99942976
0.017128365 0.98287165
2.69151e-27 1.0
1.9155332e-05 0.9999808
0.9836463 0.016353698
0.0013298545 0.9986702
9.737908e-06 0.9999902
0.00027278793 0.9997272
7.07509e-05 0.9999292
0.20802563 0.7919743
0.00016390733 0.9998361
0.02254444 0.9774556
0.090308316 0.9096917
0.004293833 0.99570614
0.15276094 0.8472391
0.02211033 0.9778896
0.978647 0.021353008
0.8725715 0.12742844
3.2642536e-05 0.99996734
1.169713e-05 0.9999883
0.48645407 0.513546
0.0036711504 0.9963289
0.056691453 0.94330853
0.7364267 0.2635733
0.39937365 0.60062635
0.097974725 0.9020253
0.013785533 0.98621446
0.16343811 0.8365619
4.7775728e-05 0.9999522
0.016694352 0.98330563
0.036387023 0.96361303
0.96867824 0.031321798
3.2260015e-08 1.0
0.0144679975 0.985532
0.018624483 0.9813756
0.13424718 0.8657528
4.6921814e-05 0.99995303
0.007302287 0.99269766
0.22990246 0.77009755
0.00026549873 0.99973446
6.451851e-10 1.0
0.9986058 0.0013942835
0.00055982 0.99944013
0.0012597217 0.99874026
0.6028921 0.39710787
0.03806848 0.96193147
0.00020469987 0.9997954
0.019851085 0.98014885
0.13330252 0.8666975
1.4358864e-05 0.9999857
0.0031203865 0.9968796
0.00021529257 0.99978477
0.0048310235 0.995169
0.48304695 0.5169531
0.06487345 0.93512654
0.012882301 0.9871177
1.8501676e-05 0.9999815
1.1813157e-05 0.9999882
3.572415e-05 0.99996424
0.04601956 0.9539805
0.3649654 0.6350345
0.30765384 0.6923461
0.005332471 0.99466753
0.0035022488 0.9964978
0.0005861525 0.99941385
0.026004588 0.97399545
0.04136446 0.9586355
1.5199663e-05 0.99998474
0.66586536 0.33413464
9.489046e-05 0.9999051
0.06553087 0.93446916
0.99810874 0.0018912111
0.11578951 0.88421047
0.039231583 0.9607684
0.00562251 0.99437743
0.048575386 0.9514246
0.040923055 0.959077
0.0053802663 0.9946197
0.01179032 0.9882097
0.008373862 0.99162614
0.00023047134 0.9997695
0.005811647 0.9941883
0.00015379876 0.9998462
0.052338164 0.9476619
0.00065693544 0.9993431
0.013422457 0.9865775
0.015591836 0.9844082
0.22427022 0.7757297
0.029669238 0.9703307
3.8264636e-09 1.0
0.009536113 0.99046385
0.0035571675 0.99644285
0.00029377 0.9997062
1.8045142e-05 0.999982
0.34795618 0.6520438
0.0077696475 0.99223036
5.508397e-07 0.9999994
0.65493155 0.34506848
0.0044428296 0.99555725
0.109611645 0.89038837
3.5364275e-05 0.9999646
0.0053009694 0.994699
0.08399056 0.9160094
0.001907536 0.9980925
0.01343805 0.98656195
0.0055412445 0.9944588
4.582911e-05 0.9999542
0.40634492 0.59365505
0.0008026888 0.9991973
0.0003051481 0.9996948
0.007937325 0.9920626
0.0023441068 0.99765587
0.081621744 0.91837823
0.019545296 0.98045474
0.31017786 0.68982214
0.9126127 0.08738737
0.0789392 0.9210608
0.04094961 0.9590504
0.0006992138 0.9993007
0.024071548 0.9759285
0.01576171 0.9842383
0.2031337 0.79686624
0.058913272 0.9410867
7.1803755e-05 0.99992824
0.014681331 0.98531866
0.036502503 0.96349746
0.000852124 0.9991479
0.0021633944 0.99783665
0.0010071069 0.99899286
0.26561317 0.73438686
5.643666e-22 1.0
5.3524902e-05 0.9999465
0.114027984 0.885972
0.028174626 0.97182536
0.0018915947 0.9981084
0.00053646683 0.9994635
0.0024071285 0.99759287
0.00015936742 0.9998406
0.04654332 0.95345664
0.04215591 0.9578441
0.005955736 0.99404424
0.023076681 0.9769233
9.972218e-06 0.99999
0.000201384 0.9997986
0.029423844 0.9705761
0.6688879 0.33111212
3.8322756e-10 1.0
0.0012609372 0.99873906
7.4141536e-07 0.9999993
0.016792905 0.9832071
0.0034007048 0.99659926
0.0029252085 0.99707484
0.0011308305 0.9988691
0.26046315 0.7395369
0.03686449 0.96313554
0.30343223 0.6965678
0.011656988 0.98834306
0.00081997976 0.99918
3.2130865e-06 0.9999968
0.08132114 0.9186788
0.09040366 0.90959626
0.0032524173 0.9967476
0.0039720866 0.99602795
6.175128e-07 0.9999994
0.010100894 0.9898991
0.05764145 0.94235855
0.00021115427 0.9997888
0.0023482016 0.99765176
0.0008293331 0.99917066
0.008079008 0.99192095
0.050734982 0.94926506
0.004138598 0.9958615
0.0013197924 0.9986802
0.015766436 0.98423356
0.0020807537 0.99791926
0.026682345 0.9733176
0.80398035 0.19601968
0.009221692 0.9907783
0.031195756 0.9688043
0.33653432 0.6634657
0.0053096707 0.9946903
0.06024551 0.93975455
3.1747454e-08 1.0
1.2880778e-07 0.9999999
0.1986369 0.8013631
0.051112793 0.9488872
0.1358189 0.86418116
0.003960328 0.9960396
1.2020497e-06 0.9999988
0.0034815804 0.9965184
0.0009939721 0.9990061
0.9606247 0.039375354
0.0025920072 0.997408
0.0022760665 0.9977239
0.003299369 0.9967006
2.8516337e-05 0.9999715
0.000541915 0.99945813
0.0009903815 0.9990096
0.9117466 0.08825331
0.020044534 0.9799555
2.5122529e-06 0.9999975
0.033127878 0.96687216
0.02094319 0.97905684
7.4552304e-06 0.9999925
0.061436977 0.93856305
0.0019219888 0.998078
0.996806 0.00319403
1.5819178e-05 0.99998415
0.87114453 0.1288554
1.9519931e-13 1.0
2.5190966e-08 1.0
0.10824696 0.8917531
0.17854916 0.8214508
0.0023291758 0.9976708
0.0007818909 0.9992181
0.06283979 0.9371602
0.0023561944 0.99764377
0.04392418 0.9560758
0.34413302 0.655867
0.0006682316 0.9993318
0.38018075 0.6198193
0.3124455 0.68755454
0.022724066 0.9772759
0.017849943 0.98215
0.80862814 0.1913719
2.5096824e-08 1.0
0.013940115 0.9860599
0.2136001 0.7863999
0.004689726 0.99531025
0.2296703 0.7703297
0.0010615876 0.9989384
0.0047638603 0.9952362
0.00087163725 0.9991284
0.008313282 0.99168676
0.0001664906 0.99983346
5.358486e-05 0.99994636
7.912202e-13 1.0
0.035823263 0.9641768
0.825355 0.17464498
0.0003865103 0.99961346
0.028141432 0.97185856
0.9569138 0.043086197
0.16525729 0.83474267
0.90987706 0.090122946
0.0052121263 0.9947878
0.00020967548 0.9997904
0.00012161852 0.9998784
0.038497075 0.9615029
0.25379848 0.7462015
0.50783837 0.4921616
0.007966946 0.99203306
0.9043124 0.09568756
0.010194851 0.9898052
0.023811087 0.9761889
0.06834749 0.9316524
0.51112354 0.48887643
0.5776012 0.4223989
0.018467883 0.9815321
0.0002695534 0.9997304
0.010604476 0.98939556
0.040469687 0.9595303
0.8828305 0.11716947
6.0387553e-09 1.0
0.00211486 0.99788517
0.043542653 0.9564573
0.0013353786 0.9986646
0.049117934 0.950882
0.057809606 0.94219035
0.0030777564 0.9969222
1.437902e-09 1.0
0.00015998544 0.99984
0.47342363 0.52657634
0.8420323 0.1579677
0.007125796 0.99287415
0.03187347 0.9681265
4.60633e-06 0.99999535
1.3804532e-06 0.99999857
1.4674387e-22 1.0
0.26361272 0.7363874
0.014373227 0.98562676
0.055739507 0.9442605
0.01298546 0.98701453
0.0063641076 0.9936359
3.8822445e-06 0.99999607
0.054015893 0.9459841
2.3618792e-05 0.9999764
0.0025042275 0.9974957
0.001834178 0.9981659
0.029140273 0.97085977
1.3545817e-05 0.9999864
0.14748184 0.85251814
0.008136518 0.9918635
0.7509591 0.24904087
2.9190558e-08 1.0
0.044143926 0.955856
2.4328345e-05 0.9999757
0.00013037746 0.9998696
0.017432509 0.9825675
0.054348618 0.9456514
0.080261536 0.9197385
0.32225826 0.6777417
2.7142583e-05 0.9999728
0.0014807816 0.99851924
0.7573051 0.2426949
0.80948657 0.19051348
0.026579712 0.97342026
0.029080179 0.9709198
0.006695806 0.9933042
0.1253945 0.8746055
1.6262933e-06 0.99999833
0.0005693372 0.9994306
0.503004 0.496996
5.0445793e-05 0.9999496
0.003544207 0.9964557
0.1517929 0.8482071
0.00025540424 0.9997446
0.00549515 0.99450487
0.008184243 0.99181575
0.013635848 0.9863642
0.06004794 0.9399521
0.0464881 0.95351195
0.008735101 0.9912649
9.55381e-05 0.9999044
0.016055983 0.98394406
1.5900291e-16 1.0
0.7328388 0.26716113
0.007418981 0.992581
0.0121416785 0.9878583
0.56386983 0.43613017
0.008439026 0.991561
3.061816e-05 0.99996936
0.036581222 0.9634188
2.735819e-09 1.0
0.00025621985 0.99974376
0.02682594 0.9731741
0.111730784 0.8882692
0.008944031 0.99105597
0.13720939 0.86279064
0.0023323817 0.9976676
2.6042974e-06 0.9999974
6.824588e-05 0.9999317
0.0010456219 0.9989544
0.004492081 0.99550796
0.0036068524 0.99639314
0.24464425 0.7553558
0.0010380553 0.9989619
0.0063147955 0.9936852
0.01923067 0.9807693
1.0183744e-07 0.9999999
0.019981077 0.9800189
0.041825768 0.95817417
0.0061291684 0.99387085
0.24720322 0.75279677
0.020095259 0.9799048
0.01100091 0.98899907
5.4718636e-05 0.9999453
5.72254e-05 0.9999428
0.0037124131 0.9962876
0.96935934 0.030640608
1.4345187e-13 1.0
8.2610754e-08 0.9999999
0.011586283 0.98841375
1.5930641e-09 1.0
0.0012204697 0.9987795
0.2022681 0.7977319
0.0012161378 0.9987839
0.00033301392 0.99966705
0.119323656 0.8806764
0.0011876917 0.9988123
0.056536157 0.94346386
0.0049322713 0.9950677
0.111875154 0.8881248
0.014969429 0.9850306
0.00060772744 0.9993923
5.5886125e-20 1.0
0.0019475253 0.9980525
3.279245e-10 1.0
0.017546106 0.9824539
0.00059887074 0.9994011
0.00012208003 0.9998779
0.09317571 0.9068243
0.23962031 0.76037973
0.83527935 0.16472064
0.8044256 0.19557443
0.00039415347 0.99960583
0.00015318098 0.9998468
0.8173112 0.18268877
0.9982122 0.0017878074
0.6507536 0.34924635
0.92766535 0.07233467
0.97912973 0.020870188
0.999995 5.018122e-06
0.8730813 0.12691867
0.73853594 0.26146403
0.9979473 0.0020527618
0.97108567 0.02891428
0.29892653 0.70107347
0.9639687 0.036031276
0.9067491 0.09325092
0.9560026 0.043997426
0.43763533 0.56236464
0.9990539 0.0009461531
0.9960296 0.003970452
0.6542089 0.34579107
0.20022835 0.79977167
0.96632385 0.033676177
0.89698774 0.103012264
0.9734493 0.026550718
0.9967884 0.0032116033
0.88197696 0.118023016
0.9632408 0.036759138
0.88942885 0.11057117
0.61496294 0.38503706
0.99986005 0.00013990315
0.79364914 0.2063509
0.99731475 0.0026852116
0.9937594 0.006240591
0.997614 0.0023859742
0.9986879 0.0013121214
0.9711468 0.028853158
0.957941 0.042058975
0.99546236 0.0045376047
0.87760484 0.12239517
0.9313593 0.068640664
0.98382634 0.016173642
0.9999995 4.1774206e-07
0.8989283 0.101071775
0.8290034 0.17099664
0.8884281 0.111571975
0.98762774 0.01237229
0.9999882 1.1764453e-05
0.9852013 0.014798665
0.9977677 0.0022323222
0.77077335 0.22922663
0.9999788 2.1199883e-05
0.9229526 0.07704747
0.91042906 0.089570954
0.9999689 3.108676e-05
0.99598134 0.0040186495
0.998926 0.0010739629
0.99966085 0.00033913605
0.8881266 0.11187341
0.99870765 0.0012923145
0.970305 0.029694984
0.84267485 0.1573252
0.73740536 0.26259467
0.9760573 0.023942694
0.77657205 0.22342795
0.99596834 0.004031643
0.9169104 0.08308957
0.9949352 0.005064838
0.9229969 0.07700316
0.9793768 0.020623164
0.9845136 0.015486468
0.72733516 0.27266484
0.23319112 0.7668088
0.9468489 0.053151082
0.9412813 0.058718678
0.99998534 1.4637232e-05
0.765944 0.23405595
0.9445723 0.055427723
0.8618066 0.13819344
0.99989164 0.0001083929
0.9868045 0.013195499
0.9190884 0.080911666
0.9656016 0.034398407
0.9999882 1.1801502e-05
0.999936 6.398637e-05
0.18383053 0.8161695
0.9822681 0.017731922
0.79476494 0.20523503
0.69174147 0.30825853
0.93536097 0.064638995
0.9998299 0.0001701209
0.9902322 0.009767748
0.99966383 0.00033612148
0.99639136 0.003608592
0.87040514 0.12959485
0.97644335 0.023556624
0.99784446 0.0021555196
0.9954535 0.0045465347
0.9977227 0.0022773123
0.9991424 0.0008575398
0.9999188 8.116267e-05
0.91190445 0.088095576
0.91469604 0.08530398
0.9971257 0.0028742615
0.94858766 0.051412325
0.9985201 0.001479993
0.9998306 0.00016931159
0.8490027 0.15099722
0.9999999 1.2174708e-07
0.99379 0.006209976
0.008611318 0.99138874
0.9664347 0.03356528
0.9999807 1.9273575e-05
0.3811297 0.61887026
0.8925876 0.10741243
0.1301731 0.8698269
0.88971233 0.11028765
0.96967095 0.030329075
0.92374724 0.076252766
0.98881674 0.011183228
0.99707365 0.002926306
0.9999876 1.2397336e-05
0.9967194 0.0032805214
0.99061567 0.0093842745
0.8765674 0.12343257
0.6387691 0.3612309
0.8049334 0.19506654
0.9943824 0.0056175906
0.9708477 0.029152246
1.0 5.0343167e-11
0.96721786 0.032782156
0.9999995 4.3054783e-07
0.8169467 0.18305334
0.9084118 0.09158815
0.77776027 0.22223973
0.99958295 0.00041707
0.9999181 8.1868166e-05
0.9894908 0.010509229
0.9712054 0.02879464
0.98794854 0.012051474
0.94691795 0.053082
0.9981667 0.0018332596
0.8637712 0.13622878
0.9879389 0.012061084
0.9711566 0.028843379
0.9628096 0.037190307
0.9999647 3.527041e-05
0.9736502 0.026349781
0.9909412 0.009058739
0.9892754 0.01072463
0.99676394 0.0032360153
0.94354326 0.056456774
0.9711095 0.028890472
0.9820518 0.017948164
0.9955296 0.00447043
0.9089323 0.09106772
0.9998293 0.00017067883
0.3649654 0.6350345
0.95507205 0.04492796
0.7941958 0.20580423
0.4846313 0.5153687
0.8879757 0.1120243
0.9917429 0.008257095
0.80395037 0.19604966
0.8578084 0.14219162
0.97445405 0.02554599
0.99847704 0.0015229225
0.99999976 2.1402597e-07
0.9953497 0.0046503115
0.997191 0.0028089709
0.98739284 0.0126071405
0.9587137 0.0412863
0.986406 0.013593987
0.58042943 0.41957054
0.9979177 0.0020823386
0.99732614 0.0026738322
0.5844756 0.41552442
0.9850101 0.0149898445
0.9999845 1.5476551e-05
0.96552557 0.034474466
0.6190675 0.38093248
0.99996746 3.2528336e-05
0.8480163 0.15198365
0.96712095 0.032879066
0.9249012 0.07509873
0.9023057 0.097694345
1.0 8.386221e-09
0.99999654 3.4135207e-06
0.9783441 0.021655899
0.36231393 0.637686
0.98961544 0.01038451
0.8462361 0.15376392
0.99998343 1.6552687e-05
0.99489033 0.005109616
0.9990823 0.00091760757
0.99599445 0.004005489
0.94240594 0.0575941
0.99887043 0.0011295957
0.99780566 0.0021943562
0.9460175 0.053982496
0.9993892 0.00061084965
0.837555 0.162445
0.9981515 0.0018485369
0.9112934 0.08870659
0.9997048 0.00029519596
0.9809691 0.019030945
0.47378471 0.5262153
0.99808025 0.0019197856
0.9564798 0.04352024
0.8624621 0.13753799
0.2538049 0.74619514
0.8321416 0.16785845
0.999126 0.0008739537
0.8414357 0.15856436
0.7164675 0.2835325
0.7601789 0.23982102
0.9225708 0.07742915
0.9978806 0.0021195014
0.9996387 0.00036125767
0.94593954 0.05406045
0.09316237 0.90683764
0.9287523 0.071247675
0.6447254 0.3552746
0.9688788 0.031121185
0.97821414 0.021785792
0.99170035 0.008299589
0.96337986 0.036620144
0.9999994 6.312043e-07
0.81107885 0.18892117
0.99880266 0.0011973138
0.99419075 0.0058091595
0.3284093 0.67159075
0.39883366 0.60116637
0.9851318 0.014868252
0.9937203 0.006279711
0.99761367 0.0023863465
0.93948823 0.060511768
0.9997713 0.00022865662
0.9999895 1.0441854e-05
0.9988121 0.0011878908
0.8292018 0.17079815
0.1378219 0.8621781
0.9936386 0.0063613667
0.99999154 8.461823e-06
0.9817222 0.018277757
0.9999974 2.6251487e-06
0.5946552 0.40534475
0.8784477 0.12155233
0.9981079 0.0018920746
0.9461513 0.05384862
0.796987 0.20301294
0.97446424 0.02553574
0.38450748 0.6154925
0.98772395 0.012276104
0.9988148 0.001185171
0.9222038 0.07779622
0.92409205 0.075908005
0.40517282 0.59482723
0.9421284 0.057871558
0.94600165 0.053998403
0.045325667 0.95467436
0.924213 0.07578698
0.93232375 0.06767625
0.8994182 0.10058182
0.99981016 0.00018981077
0.78257453 0.21742547
0.9884736 0.0115263555
0.99838436 0.0016156567
0.946377 0.05362296
0.9084962 0.09150381
0.9996449 0.00035514377
0.9937477 0.006252253
0.9999999 1.2367859e-07
0.88176835 0.11823162
0.99772555 0.0022744949
0.88136303 0.11863695
0.99999356 6.4218484e-06
0.9975781 0.0024219817
0.946109 0.05389101
0.3352489 0.66475105
0.9703488 0.029651249
0.9880557 0.011944215
0.94692695 0.05307301
0.9916432 0.008356873
0.9991905 0.00080954307
0.9696051 0.030394914
0.9695841 0.030415947
0.9660197 0.033980306
0.99452883 0.005471158
0.93735003 0.06264995
0.9959369 0.004063135
0.98117137 0.018828686
0.9097959 0.090204105
0.9991773 0.0008227238
0.9997855 0.0002144906
0.983041 0.016959025
0.7603979 0.23960212
0.9835141 0.01648588
0.9934442 0.006555853
0.99906605 0.0009339984
0.94772536 0.05227464
0.71934617 0.28065377
0.958101 0.041899003
0.99494606 0.0050539644
0.8212577 0.17874232
0.9952325 0.0047674826
0.9948944 0.005105694
0.99999845 1.5672656e-06
0.9725185 0.027481496
0.997971 0.0020290348
0.97754115 0.022458872
0.90615904 0.09384089
0.86359966 0.1364003
0.9845756 0.0154243205
0.99409014 0.005909836
0.9999958 4.139001e-06
0.09884036 0.9011597
0.99070764 0.009292399
0.7853884 0.21461159
0.1293815 0.8706185
0.97893274 0.021067202
0.7594897 0.24051028
0.96067804 0.03932198
0.37739104 0.6226089
0.98646694 0.013533052
0.9673373 0.03266268
0.9995415 0.00045850693
0.9842138 0.015786117
0.9151432 0.08485682
0.99916303 0.0008369292
0.9811513 0.018848665
0.99996364 3.6411322e-05
0.99729127 0.0027087566
0.99997723 2.2723523e-05
0.9979662 0.002033872
0.9977779 0.002222175
0.96030325 0.03969673
0.9563753 0.043624707
0.98097587 0.019024163
0.88975734 0.11024265
0.9671243 0.032875724
0.9292127 0.07078727
0.44298187 0.5570181
0.7364655 0.2635345
0.9971595 0.0028405439
0.8973229 0.102677055
0.99999726 2.7572387e-06
0.9583631 0.041636877
0.99957675 0.00042325346
0.9954341 0.0045658946
0.9703692 0.029630756
0.99980265 0.0001973225
0.09766893 0.90233105
0.9968868 0.0031131713
0.9997645 0.00023550648
0.98908585 0.010914222
0.38645074 0.61354923
0.7873154 0.21268462
0.024565946 0.97543406
0.9751228 0.024877228
0.9783725 0.021627497
0.999539 0.00046098212
0.80911803 0.19088198
0.3883706 0.6116294
0.106908366 0.8930916
0.17666593 0.82333404
0.99631655 0.0036834686
0.9799622 0.020037811
0.9960555 0.003944453
0.23933278 0.76066726
0.99723995 0.002760007
0.9933775 0.006622529
0.9557771 0.04422288
0.9688812 0.031118782
0.7549586 0.2450414
0.9979863 0.0020136596
0.99987185 0.0001281043
0.8475661 0.15243381
0.9962717 0.0037282186
0.7974726 0.20252743
0.9996692 0.00033076893
0.88512224 0.114877805
0.26597586 0.7340241
0.7456551 0.25434485
0.97913146 0.020868558
0.99818856 0.0018114694
0.97131616 0.028683778
0.28813848 0.7118615
0.99992085 7.9140606e-05
0.9245735 0.07542648
0.22343816 0.7765618
0.997692 0.0023080155
0.9300834 0.06991668
0.9856677 0.014332246
0.99999976 2.4587015e-07
0.9971512 0.0028488652
0.92507166 0.074928306
0.9849658 0.015034254
0.9993229 0.0006771562
0.9833467 0.016653355
0.93295306 0.067047015
0.88762534 0.1123747
0.69152665 0.30847344
0.5619774 0.4380226
0.9999995 5.2800243e-07
0.9954497 0.0045502307
0.99997056 2.9396384e-05
0.8732705 0.12672943
0.9846793 0.01532072
0.7642236 0.23577641
0.9519333 0.048066616
0.99897027 0.0010297971
0.96961963 0.03038033
0.99746597 0.0025340673
0.9997458 0.0002542279
0.9234664 0.07653367
0.9011895 0.098810524
0.30990672 0.6900933
0.9545191 0.045480937
0.9969382 0.0030617558
0.9852985 0.014701472
0.9995919 0.00040808183
0.99894077 0.0010592662
0.9857261 0.014273935
0.9999428 5.7166326e-05
0.9949674 0.005032641
0.99660504 0.0033949954
0.92555004 0.07445001
0.99999833 1.6822979e-06
0.8843958 0.11560427
0.99825376 0.0017461831
0.9044766 0.09552338
0.9544282 0.045571752
0.9593513 0.040648732
0.86835194 0.13164806
0.99583995 0.0041600624
0.9988726 0.0011274597
0.9998596 0.0001404177
0.94092995 0.05907007
0.8090784 0.19092159
0.77574486 0.22425511
0.9959269 0.004073009
0.98434085 0.015659105
0.9983015 0.0016984344
0.9226387 0.077361256
0.79252183 0.20747821
0.99531174 0.0046881814
0.7920512 0.20794879
0.99963856 0.00036141305
0.95305616 0.046943825
0.8688071 0.13119286
0.5527787 0.44722128
0.9987483 0.0012516713
0.9944885 0.005511453
0.72811925 0.27188075
0.94065213 0.059347898
0.9832314 0.016768556
0.97775286 0.022247167
0.9676098 0.032390166
0.96025467 0.039745327
0.9697346 0.030265324
0.98700744 0.012992565
0.9640181 0.035981897
0.99433243 0.0056675617
0.9860847 0.013915242
0.9885311 0.011468889
0.8646491 0.13535082
0.13525163 0.86474836
0.97463226 0.025367763
0.9945024 0.0054975613
0.8457198 0.15428016
0.42739943 0.5726006
0.9998018 0.00019817287
0.8973062 0.102693796
0.8972513 0.10274864
0.9689015 0.031098425
0.8338587 0.16614127
0.99559695 0.0044030678
0.9128476 0.08715242
0.9577627 0.042237237
0.99967885 0.00032121903
0.9614384 0.038561523
0.9938069 0.0061930576
0.99400157 0.0059984475
0.10138463 0.8986154
0.99999475 5.2111773e-06
0.9774624 0.022537624
0.99991035 8.966814e-05
0.999967 3.3076067e-05
0.8171788 0.18282124
0.99459285 0.0054071513
0.99655116 0.0034487934
0.813834 0.186166
0.9944876 0.005512452
0.7245237 0.27547628
0.92304045 0.07695955
0.7986698 0.20133018
0.997792 0.0022079495
0.94270813 0.057291944
0.988283 0.011717044
0.9874862 0.012513824
0.9889587 0.011041241
0.9967886 0.0032114617
0.36463317 0.6353668
0.40799072 0.59200925
0.0009414236 0.99905854
0.9573479 0.042652108
0.01050615 0.98949385
0.9986124 0.0013875476
0.9999976 2.4094181e-06
0.40493345 0.59506655
0.9800316 0.019968359
0.99495244 0.005047617
0.93944913 0.060550928
0.993768 0.0062320954
0.9251141 0.07488591
0.5867655 0.4132345
0.86465424 0.13534576
0.9998356 0.00016439852
0.9980202 0.0019798102
0.9985739 0.0014260922
0.9799898 0.020010158
0.9982798 0.0017202375
0.999405 0.00059497595
0.95283544 0.04716459
0.9765108 0.02348921
0.65813 0.34186998
0.9997842 0.00021580512
0.95740145 0.042598568
0.5339212 0.46607885
0.95932114 0.040678848
0.66031617 0.3396838
0.9218529 0.07814711
0.97220695 0.027793098
0.95820546 0.04179448
0.97887003 0.021129895
0.9998715 0.00012849357
0.9934377 0.0065623345
0.9999993 7.1888957e-07
0.9860955 0.013904523
0.99990857 9.145937e-05
0.98299444 0.017005624
0.9989741 0.0010259819
0.7851756 0.21482444
0.99265045 0.007349537
0.9769917 0.023008283
0.5799544 0.4200456
0.8772762 0.12272381
0.9534655 0.046534453
0.9976501 0.0023499497
0.7284569 0.27154315
0.79736966 0.20263037
0.98555666 0.0144432755
0.90714055 0.09285943
0.9612406 0.03875943
0.9137614 0.08623859
0.9562821 0.043717936
0.81782806 0.18217196
0.99893135 0.001068605
0.98179126 0.018208722
0.9855714 0.014428679
0.9053049 0.094695024
0.9018867 0.09811324
0.85276365 0.14723632
0.7274134 0.27258658
0.6919373 0.3080627
0.96714395 0.03285605
0.9972145 0.0027855013
0.33002594 0.669974
0.9853221 0.014677853
0.99515706 0.0048428993
0.8735057 0.12649433
0.98091173 0.019088283
0.9133444 0.08665557
0.06978143 0.9302186
0.9999559 4.407842e-05
0.17455462 0.8254454
0.96353835 0.036461655
0.4809655 0.51903445
0.889056 0.11094399
0.7338376 0.2661624
0.89361155 0.10638838
0.99687564 0.00312433
0.9777828 0.022217223
0.9874659 0.012534115
0.99946517 0.0005348289
0.9941414 0.0058585554
0.9769142 0.023085779
0.8813824 0.11861767
0.99665904 0.0033409374
0.9657686 0.034231458
0.9217266 0.07827336
0.9969547 0.0030452642
0.05614858 0.9438514
0.684616 0.3153839
0.992015 0.007985026
0.9737066 0.026293375
0.02916097 0.97083896
0.55928254 0.4407175
0.9705577 0.02944224
0.9559539 0.04404615
0.891173 0.108826965
0.9997224 0.00027755898
0.9618644 0.03813561
0.88986135 0.11013868
0.8991649 0.10083508
0.20438677 0.7956132
0.87610334 0.12389666
0.9701942 0.029805755
0.98423994 0.01576009
0.84099406 0.15900594
0.91674435 0.08325567
0.99111676 0.00888322
0.9826339 0.017366052
0.93285626 0.06714374
0.9999497 5.0359275e-05
0.95992345 0.04007658
0.99923956 0.0007603945
0.19165702 0.80834293
0.96822315 0.031776786
0.80336106 0.19663893
0.80228853 0.19771141
0.99154645 0.008453545
0.29695398 0.703046
0.45961466 0.54038537
0.9327209 0.06727908
0.9937017 0.0062983665
0.8587132 0.14128676
0.9826058 0.01739417
0.8845595 0.11544047
0.8459723 0.15402769
0.10089744 0.89910257
0.9513769 0.04862303
0.8971232 0.10287682
0.92723083 0.07276919
0.9817821 0.018217908
0.9663104 0.03368961
0.9562472 0.043752763
0.9973646 0.0026353935
0.9960306 0.003969364
0.91654754 0.0834525
0.97952247 0.020477572
0.9968767 0.0031232655
0.8586973 0.14130268
0.9909389 0.009061038
0.9669855 0.03301447
0.97596246 0.024037534
0.86399037 0.13600956
0.9774311 0.022568868
0.9831218 0.016878113
0.9936354 0.0063645504
0.9277285 0.07227155
0.8561422 0.1438578
0.97549826 0.024501767
0.998247 0.0017530142
0.9185138 0.08148626
0.9995135 0.00048643642
0.99977666 0.00022338016
0.9954079 0.004592045
0.9590855 0.04091443
0.9995435 0.00045644923
0.9998721 0.00012792667
0.9990695 0.00093051465
0.9312334 0.06876661
0.9286924 0.07130765
0.3500263 0.6499737
0.9924043 0.0075957086
0.94801295 0.0519871
0.9616398 0.038360197
0.0018432804 0.9981567
0.9699425 0.030057503
0.99846244 0.0015376244
0.8436398 0.15636024
0.907024 0.09297598
0.84870976 0.15129031
0.99745136 0.002548612
0.9987698 0.0012301462
0.9248332 0.07516681
0.9688955 0.03110449
0.4512904 0.5487096
0.9922064 0.0077935522
0.9533416 0.046658468
0.9982992 0.0017008204
0.53292257 0.4670775
0.9981342 0.0018658647
0.7194892 0.2805108
0.99993956 6.0396585e-05
0.9885225 0.011477433
0.81184685 0.18815315
0.9616828 0.03831723
0.9744746 0.025525367
0.9902644 0.009735608
0.9947525 0.005247479
0.99237835 0.0076216683
0.7077631 0.29223692
0.7957514 0.20424862
0.9884799 0.011520067
0.34603056 0.65396947
0.9906997 0.009300284
0.9581734 0.041826632
0.99384165 0.006158304
0.9997008 0.00029925577
0.7613768 0.23862323
0.96095735 0.039042685
0.724129 0.27587104
0.9905222 0.0094778
0.054429542 0.9455704
0.9990257 0.000974314
0.97174203 0.028257899
0.87643737 0.12356265
0.9472918 0.052708212
0.8943644 0.10563559
0.97827154 0.021728521
0.903759 0.09624103
0.9999963 3.6736633e-06
0.5990689 0.40093115
0.9997205 0.00027946662
0.9269822 0.07301773
0.030394183 0.96960586
0.9682146 0.031785432
0.9919178 0.008082207
0.968841 0.031158961
0.9913564 0.008643647
0.9400353 0.05996472
0.93212235 0.06787764
0.3833631 0.6166369
0.7369665 0.26303348
0.97132677 0.0286732
0.9931312 0.006868782
0.9990847 0.0009153365
0.9999708 2.9245059e-05
0.98879504 0.011204889
0.95503193 0.04496808
0.8907828 0.10921723
0.989867 0.010133033
0.999445 0.0005549391
0.8360945 0.16390552
0.9975591 0.002440931
0.47233453 0.52766544
0.9929234 0.007076552
0.9541416 0.04585841
0.5462304 0.4537697
0.97049224 0.029507723
0.9356717 0.064328365
0.98205006 0.017949954
0.9368005 0.06319948
0.8774085 0.12259153
0.949453 0.050547037
0.8689752 0.13102476
0.9977221 0.0022778562
0.99961084 0.00038919685
0.96854085 0.03145911
0.78975916 0.2102408
0.9898164 0.010183538
0.991819 0.008180967
0.43685296 0.56314707
0.99701166 0.0029883005
0.99926406 0.0007359013
0.91039777 0.0896022
0.66452944 0.33547053
0.9999982 1.7854592e-06
0.28689966 0.7131004
0.24448581 0.75551414
0.9510036 0.048996415
0.9996556 0.00034443
0.9958681 0.004131937
0.9999907 9.325725e-06
0.97953665 0.02046334
0.88243955 0.117560424
0.99719524 0.0028047534
0.9998636 0.0001363116
0.96196645 0.038033538
0.9071006 0.09289937
0.9995432 0.00045687414
0.29573208 0.7042679
0.894179 0.105820954
0.8755087 0.124491304
0.99856925 0.0014307561
0.87921023 0.120789796
0.41635078 0.5836493
0.9905439 0.0094561
0.42904818 0.5709518
0.97823775 0.02176218
0.89891905 0.10108093
0.9856009 0.014399061
0.98884445 0.011155463
0.22217892 0.77782106
0.82113045 0.17886956
0.95406675 0.04593331
0.941615 0.058384936
0.9442356 0.0557644
0.9519582 0.04804182
0.69692063 0.30307934
0.82614154 0.17385851
0.99933475 0.0006651981
0.9185122 0.08148777
0.99329185 0.006708167
0.994466 0.0055340123
0.99371284 0.006287137
0.99960726 0.00039271693
0.991732 0.008268028
0.95001215 0.04998789
0.99598324 0.0040167165
0.7581862 0.2418138
0.9824767 0.017523361
0.99999976 1.8807847e-07
0.9992824 0.0007175612
0.98693454 0.013065446
0.9860582 0.01394178
0.87170297 0.12829699
0.9781586 0.02184144
0.14259392 0.8574061
0.27436984 0.72563016
0.9915496 0.008450331
0.999729 0.0002710445
0.92212903 0.07787091
0.57557464 0.42442536
0.99994874 5.120113e-05
0.7978664 0.20213355
0.98784596 0.012154061
0.94575834 0.054241695
0.99348503 0.00651503
0.99392056 0.0060794875
0.89006555 0.10993445
0.7125499 0.2874501
0.81317985 0.18682013
0.9998963 0.000103753744
0.9943803 0.0056196605
0.94799984 0.052000105
0.99208015 0.007919886
0.99956065 0.0004392965
0.9996201 0.00037988325
0.83614457 0.16385545
0.99994814 5.187286e-05
0.99941313 0.0005869131
0.9684077 0.03159234
0.911861 0.08813903
0.9931022 0.0068977927
0.99917513 0.0008248499
0.935282 0.06471799
0.9768337 0.023166379
0.741807 0.258193
0.9998272 0.000172868
0.70346195 0.296538
0.9768623 0.023137603
0.99957865 0.00042139873
0.929128 0.07087201
0.91337234 0.086627655
0.9998853 0.0001146631
0.93799895 0.0620011
0.9926266 0.0073733954
0.705229 0.29477096
0.9664382 0.03356185
0.98481005 0.015189926
0.9955746 0.0044254595
