0.84949476
0.98648363
0.9997986
0.7485187
0.99998486
0.9978732
0.9020868
0.7330682
0.9626491
0.9813068
0.8211803
0.99992406
0.9777615
0.99972266
0.97259337
0.9641921
0.749993
0.9876605
0.98982424
0.9996743
0.9999981
0.19660667
0.023213571
0.06999698
0.8234846
0.18770249
0.94899684
0.7888865
0.9930743
0.9945253
0.9767418
0.9875739
0.99998105
0.99564666
0.91427696
0.9933102
0.99980193
0.8776466
0.987301
0.9948206
0.99475634
0.7929629
0.9918113
0.9845626
0.99739504
1.0
0.9189378
0.9999082
0.98998183
0.9999993
0.4900619
0.99872273
0.7309438
0.9999162
0.52683437
0.98341805
0.9995172
1.0
0.34008127
0.21057196
0.9216686
0.8498989
0.73334503
0.90383965
0.6350345
0.9999802
0.6789043
0.9950237
0.909032
0.9564235
0.998047
0.98502594
0.9680463
0.97718835
1.0
0.677731
1.0
0.60937506
0.9997863
0.9613874
0.70736194
0.9993432
0.99998546
0.35333654
0.9951611
1.0
0.9885925
0.93242925
0.77336615
0.9064534
0.9867992
0.9759822
0.97919524
0.9998524
0.86863875
0.9704349
0.99307305
0.99981207
0.99232227
0.98007625
0.99944407
0.66044897
0.9998933
0.82919425
0.9998721
0.9983057
0.9998803
0.748616
0.18189046
0.9979698
0.09447089
1.0
0.22748171
0.9796069
0.99971086
0.9677128
0.9999893
0.9999788
0.92436177
0.9501697
0.9999999
0.9951716
0.999481
0.99999964
0.96251017
0.99876475
0.9949261
0.9999999
0.5499779
0.94065446
0.3955321
0.98578656
0.9930611
0.9046709
0.9893779
0.99994767
0.99958926
1.0
0.9914234
1.0
0.999703
0.9868166
0.9975745
0.99775714
0.5071487
0.95246845
0.99116087
0.9626372
0.9989874
0.96107
0.9775398
0.95668703
0.99993074
0.80009127
0.97838163
0.97407585
0.9734953
0.9999645
0.97704816
0.9992562
0.046474203
1.0
0.9622423
0.99999976
0.9999994
0.9951727
0.9404657
0.8996358
0.99063736
0.28148583
0.9993624
0.9291216
0.99641055
0.98273736
0.9993051
0.9938117
0.9885886
0.99995947
0.9999995
0.999556
0.009278778
0.26627836
0.9999962
0.8182275
1.0
0.99975497
0.97982967
0.99993074
0.9968322
0.9999317
0.9999945
0.8654257
0.9545002
0.9999726
0.15228318
0.99966383
0.9999995
1.0
0.9774097
0.9989342
0.83449167
0.9541554
0.00065497746
0.9999629
1.0
0.10048081
0.96154326
0.98684406
0.8405329
0.9998841
0.9872843
0.998257
0.98948866
0.9463488
0.94191515
0.45235062
0.8873787
0.99999976
0.98882735
1.0
0.9999914
0.92247
0.9971999
0.82746756
0.999328
1.0
0.9690094
0.5461234
0.9391786
0.8919073
1.0
0.9997105
0.79313016
0.98898834
0.9957046
1.0
1.0
0.9946268
0.9999815
0.99999976
0.892226
0.99750274
0.9982236
0.13951594
0.94930977
0.95648897
1.0
0.9980033
0.9504759
1.0
0.99980944
0.99831295
0.9999887
0.9999187
0.9980933
0.99997056
0.98052776
0.9908118
0.9999076
0.9998541
0.81178397
0.99999523
0.9933981
0.93346924
0.99125165
0.93697417
0.9381664
0.9998845
0.9247613
0.5798539
0.9983089
0.99998736
0.66396815
0.97657096
1.0
0.96303844
0.9816067
0.97813076
0.99725324
1.0
0.4542348
0.98310053
0.11970613
0.93410534
0.96016806
0.99730825
0.8726282
0.87071574
0.9242808
0.81766003
0.99999106
0.999967
0.99071586
0.98261833
1.0
0.99975556
0.96998674
0.9942378
0.9328667
0.99926776
0.9999348
0.9490795
0.9904604
0.63386387
0.024061713
0.9615114
0.759676
0.87837714
0.9647035
0.9583333
0.9576431
0.68347186
0.9995409
0.9998901
0.97544867
0.831529
0.8388355
0.9998529
0.97739375
0.9941901
0.99975306
0.99430346
0.99591714
0.9849517
0.08760959
0.9582359
0.9577526
0.94782484
0.9915862
0.85685533
0.8934437
0.4058652
0.9998895
0.9358417
0.08705922
0.25087607
0.43543872
0.5115055
0.8760749
0.96005934
0.99999225
1.0
0.99715155
0.9343101
0.99462515
0.98634934
0.99999976
0.9711487
0.9910658
0.98271734
0.9997373
0.99999857
0.99798226
0.9572973
0.99973553
0.9701782
0.99967456
0.9999907
1.0
0.8916749
0.9999478
0.9998147
0.9603734
0.99996793
0.99991727
0.090212524
1.0
0.5433573
0.9991092
0.99479127
0.29879832
0.92711264
0.56113005
0.9505529
0.5068319
0.9999999
0.9997578
0.9970095
0.9871488
0.28525203
0.9999968
0.78337014
0.3831531
0.99650025
0.11740684
0.9996006
0.99942493
0.9975236
0.9998715
0.99651575
0.98807704
0.98730475
0.89784616
0.99997854
0.99942976
0.98287165
1.0
0.9999808
0.016353698
0.9986702
0.9999902
0.9997272
0.9999292
0.7919743
0.9998361
0.9774556
0.9096917
0.99570614
0.8472391
0.9778896
0.021353008
0.12742844
0.99996734
0.9999883
0.513546
0.9963289
0.94330853
0.2635733
0.60062635
0.9020253
0.98621446
0.8365619
0.9999522
0.98330563
0.96361303
0.031321798
1.0
0.985532
0.9813756
0.8657528
0.99995303
0.99269766
0.77009755
0.99973446
1.0
0.0013942835
0.99944013
0.99874026
0.39710787
0.96193147
0.9997954
0.98014885
0.8666975
0.9999857
0.9968796
0.99978477
0.995169
0.5169531
0.93512654
0.9871177
0.9999815
0.9999882
0.99996424
0.9539805
0.6350345
0.6923461
0.99466753
0.9964978
0.99941385
0.97399545
0.9586355
0.99998474
0.33413464
0.9999051
0.93446916
0.0018912111
0.88421047
0.9607684
0.99437743
0.9514246
0.959077
0.9946197
0.9882097
0.99162614
0.9997695
0.9941883
0.9998462
0.9476619
0.9993431
0.9865775
0.9844082
0.7757297
0.9703307
1.0
0.99046385
0.99644285
0.9997062
0.999982
0.6520438
0.99223036
0.9999994
0.34506848
0.99555725
0.89038837
0.9999646
0.994699
0.9160094
0.9980925
0.98656195
0.9944588
0.9999542
0.59365505
0.9991973
0.9996948
0.9920626
0.99765587
0.91837823
0.98045474
0.68982214
0.08738737
0.9210608
0.9590504
0.9993007
0.9759285
0.9842383
0.79686624
0.9410867
0.99992824
0.98531866
0.96349746
0.9991479
0.99783665
0.99899286
0.73438686
1.0
0.9999465
0.885972
0.97182536
0.9981084
0.9994635
0.99759287
0.9998406
0.95345664
0.9578441
0.99404424
0.9769233
0.99999
0.9997986
0.9705761
0.33111212
1.0
0.99873906
0.9999993
0.9832071
0.99659926
0.99707484
0.9988691
0.7395369
0.96313554
0.6965678
0.98834306
0.99918
0.9999968
0.9186788
0.90959626
0.9967476
0.99602795
0.9999994
0.9898991
0.94235855
0.9997888
0.99765176
0.99917066
0.99192095
0.94926506
0.9958615
0.9986802
0.98423356
0.99791926
0.9733176
0.19601968
0.9907783
0.9688043
0.6634657
0.9946903
0.93975455
1.0
0.9999999
0.8013631
0.9488872
0.86418116
0.9960396
0.9999988
0.9965184
0.9990061
0.039375354
0.997408
0.9977239
0.9967006
0.9999715
0.99945813
0.9990096
0.08825331
0.9799555
0.9999975
0.96687216
0.97905684
0.9999925
0.93856305
0.998078
0.00319403
0.99998415
0.1288554
1.0
1.0
0.8917531
0.8214508
0.9976708
0.9992181
0.9371602
0.99764377
0.9560758
0.655867
0.9993318
0.6198193
0.68755454
0.9772759
0.98215
0.1913719
1.0
0.9860599
0.7863999
0.99531025
0.7703297
0.9989384
0.9952362
0.9991284
0.99168676
0.99983346
0.99994636
1.0
0.9641768
0.17464498
0.99961346
0.97185856
0.043086197
0.83474267
0.090122946
0.9947878
0.9997904
0.9998784
0.9615029
0.7462015
0.4921616
0.99203306
0.09568756
0.9898052
0.9761889
0.9316524
0.48887643
0.4223989
0.9815321
0.9997304
0.98939556
0.9595303
0.11716947
1.0
0.99788517
0.9564573
0.9986646
0.950882
0.94219035
0.9969222
1.0
0.99984
0.52657634
0.1579677
0.99287415
0.9681265
0.99999535
0.99999857
1.0
0.7363874
0.98562676
0.9442605
0.98701453
0.9936359
0.99999607
0.9459841
0.9999764
0.9974957
0.9981659
0.97085977
0.9999864
0.85251814
0.9918635
0.24904087
1.0
0.955856
0.9999757
0.9998696
0.9825675
0.9456514
0.9197385
0.6777417
0.9999728
0.99851924
0.2426949
0.19051348
0.97342026
0.9709198
0.9933042
0.8746055
0.99999833
0.9994306
0.496996
0.9999496
0.9964557
0.8482071
0.9997446
0.99450487
0.99181575
0.9863642
0.9399521
0.95351195
0.9912649
0.9999044
0.98394406
1.0
0.26716113
0.992581
0.9878583
0.43613017
0.991561
0.99996936
0.9634188
1.0
0.99974376
0.9731741
0.8882692
0.99105597
0.86279064
0.9976676
0.9999974
0.9999317
0.9989544
0.99550796
0.99639314
0.7553558
0.9989619
0.9936852
0.9807693
0.9999999
0.9800189
0.95817417
0.99387085
0.75279677
0.9799048
0.98899907
0.9999453
0.9999428
0.9962876
0.030640608
1.0
0.9999999
0.98841375
1.0
0.9987795
0.7977319
0.9987839
0.99966705
0.8806764
0.9988123
0.94346386
0.9950677
0.8881248
0.9850306
0.9993923
1.0
0.9980525
1.0
0.9824539
0.9994011
0.9998779
0.9068243
0.76037973
0.16472064
0.19557443
0.99960583
0.9998468
0.18268877
0.0017878074
0.34924635
0.07233467
0.020870188
5.018122e-06
0.12691867
0.26146403
0.0020527618
0.02891428
0.70107347
0.036031276
0.09325092
0.043997426
0.56236464
0.0009461531
0.003970452
0.34579107
0.79977167
0.033676177
0.103012264
0.026550718
0.0032116033
0.118023016
0.036759138
0.11057117
0.38503706
0.00013990315
0.2063509
0.0026852116
0.006240591
0.0023859742
0.0013121214
0.028853158
0.042058975
0.0045376047
0.12239517
0.068640664
0.016173642
4.1774206e-07
0.101071775
0.17099664
0.111571975
0.01237229
1.1764453e-05
0.014798665
0.0022323222
0.22922663
2.1199883e-05
0.07704747
0.089570954
3.108676e-05
0.0040186495
0.0010739629
0.00033913605
0.11187341
0.0012923145
0.029694984
0.1573252
0.26259467
0.023942694
0.22342795
0.004031643
0.08308957
0.005064838
0.07700316
0.020623164
0.015486468
0.27266484
0.7668088
0.053151082
0.058718678
1.4637232e-05
0.23405595
0.055427723
0.13819344
0.0001083929
0.013195499
0.080911666
0.034398407
1.1801502e-05
6.398637e-05
0.8161695
0.017731922
0.20523503
0.30825853
0.064638995
0.0001701209
0.009767748
0.00033612148
0.003608592
0.12959485
0.023556624
0.0021555196
0.0045465347
0.0022773123
0.0008575398
8.116267e-05
0.088095576
0.08530398
0.0028742615
0.051412325
0.001479993
0.00016931159
0.15099722
1.2174708e-07
0.006209976
0.99138874
0.03356528
1.9273575e-05
0.61887026
0.10741243
0.8698269
0.11028765
0.030329075
0.076252766
0.011183228
0.002926306
1.2397336e-05
0.0032805214
0.0093842745
0.12343257
0.3612309
0.19506654
0.0056175906
0.029152246
5.0343167e-11
0.032782156
4.3054783e-07
0.18305334
0.09158815
0.22223973
0.00041707
8.1868166e-05
0.010509229
0.02879464
0.012051474
0.053082
0.0018332596
0.13622878
0.012061084
0.028843379
0.037190307
3.527041e-05
0.026349781
0.009058739
0.01072463
0.0032360153
0.056456774
0.028890472
0.017948164
0.00447043
0.09106772
0.00017067883
0.6350345
0.04492796
0.20580423
0.5153687
0.1120243
0.008257095
0.19604966
0.14219162
0.02554599
0.0015229225
2.1402597e-07
0.0046503115
0.0028089709
0.0126071405
0.0412863
0.013593987
0.41957054
0.0020823386
0.0026738322
0.41552442
0.0149898445
1.5476551e-05
0.034474466
0.38093248
3.2528336e-05
0.15198365
0.032879066
0.07509873
0.097694345
8.386221e-09
3.4135207e-06
0.021655899
0.637686
0.01038451
0.15376392
1.6552687e-05
0.005109616
0.00091760757
0.004005489
0.0575941
0.0011295957
0.0021943562
0.053982496
0.00061084965
0.162445
0.0018485369
0.08870659
0.00029519596
0.019030945
0.5262153
0.0019197856
0.04352024
0.13753799
0.74619514
0.16785845
0.0008739537
0.15856436
0.2835325
0.23982102
0.07742915
0.0021195014
0.00036125767
0.05406045
0.90683764
0.071247675
0.3552746
0.031121185
0.021785792
0.008299589
0.036620144
6.312043e-07
0.18892117
0.0011973138
0.0058091595
0.67159075
0.60116637
0.014868252
0.006279711
0.0023863465
0.060511768
0.00022865662
1.0441854e-05
0.0011878908
0.17079815
0.8621781
0.0063613667
8.461823e-06
0.018277757
2.6251487e-06
0.40534475
0.12155233
0.0018920746
0.05384862
0.20301294
0.02553574
0.6154925
0.012276104
0.001185171
0.07779622
0.075908005
0.59482723
0.057871558
0.053998403
0.95467436
0.07578698
0.06767625
0.10058182
0.00018981077
0.21742547
0.0115263555
0.0016156567
0.05362296
0.09150381
0.00035514377
0.006252253
1.2367859e-07
0.11823162
0.0022744949
0.11863695
6.4218484e-06
0.0024219817
0.05389101
0.66475105
0.029651249
0.011944215
0.05307301
0.008356873
0.00080954307
0.030394914
0.030415947
0.033980306
0.005471158
0.06264995
0.004063135
0.018828686
0.090204105
0.0008227238
0.0002144906
0.016959025
0.23960212
0.01648588
0.006555853
0.0009339984
0.05227464
0.28065377
0.041899003
0.0050539644
0.17874232
0.0047674826
0.005105694
1.5672656e-06
0.027481496
0.0020290348
0.022458872
0.09384089
0.1364003
0.0154243205
0.005909836
4.139001e-06
0.9011597
0.009292399
0.21461159
0.8706185
0.021067202
0.24051028
0.03932198
0.6226089
0.013533052
0.03266268
0.00045850693
0.015786117
0.08485682
0.0008369292
0.018848665
3.6411322e-05
0.0027087566
2.2723523e-05
0.002033872
0.002222175
0.03969673
0.043624707
0.019024163
0.11024265
0.032875724
0.07078727
0.5570181
0.2635345
0.0028405439
0.102677055
2.7572387e-06
0.041636877
0.00042325346
0.0045658946
0.029630756
0.0001973225
0.90233105
0.0031131713
0.00023550648
0.010914222
0.61354923
0.21268462
0.97543406
0.024877228
0.021627497
0.00046098212
0.19088198
0.6116294
0.8930916
0.82333404
0.0036834686
0.020037811
0.003944453
0.76066726
0.002760007
0.006622529
0.04422288
0.031118782
0.2450414
0.0020136596
0.0001281043
0.15243381
0.0037282186
0.20252743
0.00033076893
0.114877805
0.7340241
0.25434485
0.020868558
0.0018114694
0.028683778
0.7118615
7.9140606e-05
0.07542648
0.7765618
0.0023080155
0.06991668
0.014332246
2.4587015e-07
0.0028488652
0.074928306
0.015034254
0.0006771562
0.016653355
0.067047015
0.1123747
0.30847344
0.4380226
5.2800243e-07
0.0045502307
2.9396384e-05
0.12672943
0.01532072
0.23577641
0.048066616
0.0010297971
0.03038033
0.0025340673
0.0002542279
0.07653367
0.098810524
0.6900933
0.045480937
0.0030617558
0.014701472
0.00040808183
0.0010592662
0.014273935
5.7166326e-05
0.005032641
0.0033949954
0.07445001
1.6822979e-06
0.11560427
0.0017461831
0.09552338
0.045571752
0.040648732
0.13164806
0.0041600624
0.0011274597
0.0001404177
0.05907007
0.19092159
0.22425511
0.004073009
0.015659105
0.0016984344
0.077361256
0.20747821
0.0046881814
0.20794879
0.00036141305
0.046943825
0.13119286
0.44722128
0.0012516713
0.005511453
0.27188075
0.059347898
0.016768556
0.022247167
0.032390166
0.039745327
0.030265324
0.012992565
0.035981897
0.0056675617
0.013915242
0.011468889
0.13535082
0.86474836
0.025367763
0.0054975613
0.15428016
0.5726006
0.00019817287
0.102693796
0.10274864
0.031098425
0.16614127
0.0044030678
0.08715242
0.042237237
0.00032121903
0.038561523
0.0061930576
0.0059984475
0.8986154
5.2111773e-06
0.022537624
8.966814e-05
3.3076067e-05
0.18282124
0.0054071513
0.0034487934
0.186166
0.005512452
0.27547628
0.07695955
0.20133018
0.0022079495
0.057291944
0.011717044
0.012513824
0.011041241
0.0032114617
0.6353668
0.59200925
0.99905854
0.042652108
0.98949385
0.0013875476
2.4094181e-06
0.59506655
0.019968359
0.005047617
0.060550928
0.0062320954
0.07488591
0.4132345
0.13534576
0.00016439852
0.0019798102
0.0014260922
0.020010158
0.0017202375
0.00059497595
0.04716459
0.02348921
0.34186998
0.00021580512
0.042598568
0.46607885
0.040678848
0.3396838
0.07814711
0.027793098
0.04179448
0.021129895
0.00012849357
0.0065623345
7.1888957e-07
0.013904523
9.145937e-05
0.017005624
0.0010259819
0.21482444
0.007349537
0.023008283
0.4200456
0.12272381
0.046534453
0.0023499497
0.27154315
0.20263037
0.0144432755
0.09285943
0.03875943
0.08623859
0.043717936
0.18217196
0.001068605
0.018208722
0.014428679
0.094695024
0.09811324
0.14723632
0.27258658
0.3080627
0.03285605
0.0027855013
0.669974
0.014677853
0.0048428993
0.12649433
0.019088283
0.08665557
0.9302186
4.407842e-05
0.8254454
0.036461655
0.51903445
0.11094399
0.2661624
0.10638838
0.00312433
0.022217223
0.012534115
0.0005348289
0.0058585554
0.023085779
0.11861767
0.0033409374
0.034231458
0.07827336
0.0030452642
0.9438514
0.3153839
0.007985026
0.026293375
0.97083896
0.4407175
0.02944224
0.04404615
0.108826965
0.00027755898
0.03813561
0.11013868
0.10083508
0.7956132
0.12389666
0.029805755
0.01576009
0.15900594
0.08325567
0.00888322
0.017366052
0.06714374
5.0359275e-05
0.04007658
0.0007603945
0.80834293
0.031776786
0.19663893
0.19771141
0.008453545
0.703046
0.54038537
0.06727908
0.0062983665
0.14128676
0.01739417
0.11544047
0.15402769
0.89910257
0.04862303
0.10287682
0.07276919
0.018217908
0.03368961
0.043752763
0.0026353935
0.003969364
0.0834525
0.020477572
0.0031232655
0.14130268
0.009061038
0.03301447
0.024037534
0.13600956
0.022568868
0.016878113
0.0063645504
0.07227155
0.1438578
0.024501767
0.0017530142
0.08148626
0.00048643642
0.00022338016
0.004592045
0.04091443
0.00045644923
0.00012792667
0.00093051465
0.06876661
0.07130765
0.6499737
0.0075957086
0.0519871
0.038360197
0.9981567
0.030057503
0.0015376244
0.15636024
0.09297598
0.15129031
0.002548612
0.0012301462
0.07516681
0.03110449
0.5487096
0.0077935522
0.046658468
0.0017008204
0.4670775
0.0018658647
0.2805108
6.0396585e-05
0.011477433
0.18815315
0.03831723
0.025525367
0.009735608
0.005247479
0.0076216683
0.29223692
0.20424862
0.011520067
0.65396947
0.009300284
0.041826632
0.006158304
0.00029925577
0.23862323
0.039042685
0.27587104
0.0094778
0.9455704
0.000974314
0.028257899
0.12356265
0.052708212
0.10563559
0.021728521
0.09624103
3.6736633e-06
0.40093115
0.00027946662
0.07301773
0.96960586
0.031785432
0.008082207
0.031158961
0.008643647
0.05996472
0.06787764
0.6166369
0.26303348
0.0286732
0.006868782
0.0009153365
2.9245059e-05
0.011204889
0.04496808
0.10921723
0.010133033
0.0005549391
0.16390552
0.002440931
0.52766544
0.007076552
0.04585841
0.4537697
0.029507723
0.064328365
0.017949954
0.06319948
0.12259153
0.050547037
0.13102476
0.0022778562
0.00038919685
0.03145911
0.2102408
0.010183538
0.008180967
0.56314707
0.0029883005
0.0007359013
0.0896022
0.33547053
1.7854592e-06
0.7131004
0.75551414
0.048996415
0.00034443
0.004131937
9.325725e-06
0.02046334
0.117560424
0.0028047534
0.0001363116
0.038033538
0.09289937
0.00045687414
0.7042679
0.105820954
0.124491304
0.0014307561
0.120789796
0.5836493
0.0094561
0.5709518
0.02176218
0.10108093
0.014399061
0.011155463
0.77782106
0.17886956
0.04593331
0.058384936
0.0557644
0.04804182
0.30307934
0.17385851
0.0006651981
0.08148777
0.006708167
0.0055340123
0.006287137
0.00039271693
0.008268028
0.04998789
0.0040167165
0.2418138
0.017523361
1.8807847e-07
0.0007175612
0.013065446
0.01394178
0.12829699
0.02184144
0.8574061
0.72563016
0.008450331
0.0002710445
0.07787091
0.42442536
5.120113e-05
0.20213355
0.012154061
0.054241695
0.00651503
0.0060794875
0.10993445
0.2874501
0.18682013
0.000103753744
0.0056196605
0.052000105
0.007919886
0.0004392965
0.00037988325
0.16385545
5.187286e-05
0.0005869131
0.03159234
0.08813903
0.0068977927
0.0008248499
0.06471799
0.023166379
0.258193
0.000172868
0.296538
0.023137603
0.00042139873
0.07087201
0.086627655
0.0001146631
0.0620011
0.0073733954
0.29477096
0.03356185
0.015189926
0.0044254595
